0.0	0.941311431253571	0.0	0.9774090454636536	0.9774090454636536	0.7169145748571466	0.2725372854006591	0.7932984497762181	0.9991587527670519	0.9982021629457349	0.9945667290411379	0.9991587527670519	0.939025042987033	0.965114074715002	0.9938860961405603	0.5765883580845006	
-0.941311431253571	0.0	0.941311431253571	-0.13096171775111706	-0.13096171775111706	0.41425878587693177	0.8136862472055538	0.3053320066018485	-0.37585816057872456	-0.2805131077052707	-0.4336968489171702	-0.37585816057872456	0.006710896805893318	-0.07930059864259381	-0.23154518237088825	0.5744629578830975	
-0.0	-0.941311431253571	0.0	-0.9774090454636536	-0.9774090454636536	-0.7169145748571466	-0.2725372854006591	-0.7932984497762181	-0.9991587527670519	-0.9982021629457349	-0.9945667290411379	-0.9991587527670519	-0.939025042987033	-0.965114074715002	-0.9938860961405603	-0.5765883580845006	
-0.9774090454636536	0.13096171775111706	0.9774090454636536	0.0	0.0	0.5298869557110941	0.8828069240896378	0.427410078573483	-0.25126181573888295	-0.15239353752345458	-0.31195738850884636	-0.25126181573888295	0.13761186742377648	0.0519316700121262	-0.10214826049150141	0.6767115239219839	
-0.9774090454636536	0.13096171775111706	0.9774090454636536	0.0	0.0	0.5298869557110941	0.8828069240896378	0.427410078573483	-0.25126181573888295	-0.15239353752345458	-0.31195738850884636	-0.25126181573888295	0.13761186742377648	0.0519316700121262	-0.10214826049150141	0.6767115239219839	
-0.7169145748571466	-0.41425878587693177	0.7169145748571466	-0.5298869557110941	-0.5298869557110941	0.0	0.499773559957413	-0.11657553844105434	-0.7259749138575877	-0.6529379449004507	-0.7680046939850309	-0.7259749138575877	-0.4081414734055661	-0.48513034541374056	-0.6137439154408507	0.18376922696106351	
-0.2725372854006591	-0.8136862472055538	0.2725372854006591	-0.8828069240896378	-0.8828069240896378	-0.499773559957413	0.0	-0.5973386316347865	-0.9725124632368497	-0.9440803790405554	-0.9852890344745543	-0.9725124632368497	-0.809766851175886	-0.8572215237949699	-0.9261718430512749	-0.33208928712487784	
-0.7932984497762181	-0.3053320066018485	0.7932984497762181	-0.427410078573483	-0.427410078573483	0.11657553844105434	0.5973386316347865	0.0	-0.6408536250490996	-0.5601904591648151	-0.6881081770501788	-0.6408536250490996	-0.29893470667530153	-0.3798841139384677	-0.5175223142116754	0.2971064456455952	
-0.9991587527670519	0.37585816057872456	0.9991587527670519	0.25126181573888295	0.25126181573888295	0.7259749138575877	0.9725124632368497	0.6408536250490996	0.0	0.10082242589415082	-0.0632266636915483	0.0	0.3820685319820654	0.30118843161188713	0.1510762533754204	0.8399931265437874	
-0.9982021629457349	0.2805131077052707	0.9982021629457349	0.15239353752345458	0.15239353752345458	0.6529379449004507	0.9440803790405554	0.5601904591648151	-0.10082242589415082	0.0	-0.16352518790012247	-0.10082242589415082	0.2869482466271619	0.2035130063653379	0.05064123741457212	0.7810069386972468	
-0.9945667290411379	0.4336968489171702	0.9945667290411379	0.31195738850884636	0.31195738850884636	0.7680046939850309	0.9852890344745543	0.6881081770501788	0.0632266636915483	0.16352518790012247	0.0	0.0632266636915483	0.4397339957209685	0.36087652265537007	0.2132749340518954	0.8726190628608135	
-0.9991587527670519	0.37585816057872456	0.9991587527670519	0.25126181573888295	0.25126181573888295	0.7259749138575877	0.9725124632368497	0.6408536250490996	0.0	0.10082242589415082	-0.0632266636915483	0.0	0.3820685319820654	0.30118843161188713	0.1510762533754204	0.8399931265437874	
-0.939025042987033	-0.006710896805893318	0.939025042987033	-0.13761186742377648	-0.13761186742377648	0.4081414734055661	0.809766851175886	0.29893470667530153	-0.3820685319820654	-0.2869482466271619	-0.4397339957209685	-0.3820685319820654	0.0	-0.08598857543118746	-0.23806849084881443	0.5689569476882071	
-0.965114074715002	0.07930059864259381	0.965114074715002	-0.0519316700121262	-0.0519316700121262	0.48513034541374056	0.8572215237949699	0.3798841139384677	-0.30118843161188713	-0.2035130063653379	-0.36087652265537007	-0.30118843161188713	0.08598857543118746	0.0	-0.15367045085117303	0.6375637946121706	
-0.9938860961405603	0.23154518237088825	0.9938860961405603	0.10214826049150141	0.10214826049150141	0.6137439154408507	0.9261718430512749	0.5175223142116754	-0.1510762533754204	-0.05064123741457212	-0.2132749340518954	-0.1510762533754204	0.23806849084881443	0.15367045085117303	0.0	0.7483782515795568	
-0.5765883580845006	-0.5744629578830975	0.5765883580845006	-0.6767115239219839	-0.6767115239219839	-0.18376922696106351	0.33208928712487784	-0.2971064456455952	-0.8399931265437874	-0.7810069386972468	-0.8726190628608135	-0.8399931265437874	-0.5689569476882071	-0.6375637946121706	-0.7483782515795568	0.0	
