0.0	0.9212455101419682	0.9685682411376288	0.9800675847145109	0.7632724509112953	1.4901161193847656e-08	0.243304727263083	0.3321151262198953	0.9685682411376288	0.8918046477496238	0.967704633821531	0.9925461082968607	0.9951372972999685	0.9948011633752376	0.9826803121370681	0.9478002284162348	
-0.9212455101419682	0.0	0.6059132235987126	0.5642469416399407	0.8920942679072534	0.9212455159382461	0.988203060885902	0.9981412465880143	0.6059132235987126	-0.06989489136162513	0.1441855189566953	0.49835411569963683	0.47783051904470164	0.48077567458470416	0.5529596227488854	0.662429596382332	
-0.9685682411376288	-0.6059132235987126	0.0	-0.051369847935754914	0.43590693290678967	0.9685682374309948	0.8789411074920923	0.8309782315931296	0.0	-0.6600349138583261	-0.48487782546476205	-0.12885473137700154	-0.15213684169351196	-0.1488193198412963	-0.0649553955044227	0.07307886614057196	
-0.9800675847145109	-0.5642469416399407	0.051369847935754914	0.0	0.4815638432283212	0.9800675817541812	0.9022804775646649	0.8584583889951699	0.051369847935754914	-0.6205726444252405	-0.4393105011361552	-0.07774300199934005	-0.10116410097451627	-0.09782501928364795	-0.013608271283779505	0.12421487338669163	
-0.7632724509112953	-0.8920942679072534	-0.43590693290678967	-0.4815638432283212	0.0	0.7632724412840014	0.5831425106772077	0.5053763737541356	-0.43590693290678967	-0.9214944876696658	-0.8176223537886282	-0.5482411810676349	-0.5677546338651347	-0.5649890092766994	-0.49344569078248035	-0.3689710132231785	
-1.4901161193847656e-08	-0.9212455159382461	-0.9685682374309948	-0.9800675817541812	-0.7632724412840014	0.0	-0.24330471280970314	-0.33211511216454104	-0.9685682374309948	-0.8918046544912172	-0.9677046375779166	-0.9925461064808606	-0.9951372958322411	-0.9948011618577574	-0.9826803093757496	-0.9478002236647797	
-0.243304727263083	-0.988203060885902	-0.8789411074920923	-0.9022804775646649	-0.5831425106772077	0.24330471280970314	0.0	-0.09264056061746856	-0.8789411074920923	-0.9750819192159148	-0.9999589172151305	-0.9330685258440463	-0.9412684127445832	-0.940130020397322	-0.9080641293945989	-0.8417374369954682	
-0.3321151262198953	-0.9981412465880143	-0.8309782315931296	-0.8584583889951699	-0.5053763737541356	0.33211511216454104	0.09264056061746856	0.0	-0.8309782315931296	-0.9914405480725039	-0.9964984443319196	-0.895733287933806	-0.9059396546533554	-0.9045137157216647	-0.8653583524411284	-0.7881021991429704	
-0.9685682411376288	-0.6059132235987126	0.0	-0.051369847935754914	0.43590693290678967	0.9685682374309948	0.8789411074920923	0.8309782315931296	0.0	-0.6600349138583261	-0.48487782546476205	-0.12885473137700154	-0.15213684169351196	-0.1488193198412963	-0.0649553955044227	0.07307886614057196	
-0.8918046477496238	0.06989489136162513	0.6600349138583261	0.6205726444252405	0.9214944876696658	0.8918046544912172	0.9750819192159148	0.9914405480725039	0.6600349138583261	0.0	0.21299743014718261	0.5577323453524593	0.5380612285741019	0.5408867613187517	0.6098442695897475	0.7131694859029487	
-0.967704633821531	-0.1441855189566953	0.48487782546476205	0.4393105011361552	0.8176223537886282	0.9677046375779166	0.9999589172151305	0.9964984443319196	0.48487782546476205	-0.21299743014718261	0.0	0.3681416165394113	0.3461774481456087	0.34932373898323266	0.4270450321279339	0.547494795519289	
-0.9925461082968607	-0.49835411569963683	0.12885473137700154	0.07774300199934005	0.5482411810676349	0.9925461064808606	0.9330685258440463	0.895733287933806	0.12885473137700154	-0.5577323453524593	-0.3681416165394113	0.0	-0.023513759854337374	-0.02015882747165683	0.06416871830950349	0.20097983781665818	
-0.9951372972999685	-0.47783051904470164	0.15213684169351196	0.10116410097451627	0.5677546338651347	0.9951372958322411	0.9412684127445832	0.9059396546533554	0.15213684169351196	-0.5380612285741019	-0.3461774481456087	0.023513759854337374	0.0	0.0033557278031698806	0.0876162760157524	0.2239582400448406	
-0.9948011633752376	-0.48077567458470416	0.1488193198412963	0.09782501928364795	0.5649890092766994	0.9948011618577574	0.940130020397322	0.9045137157216647	0.1488193198412963	-0.5408867613187517	-0.34932373898323266	0.02015882747165683	-0.0033557278031698806	0.0	0.08427296001622092	0.2206864909611885	
-0.9826803121370681	-0.5529596227488854	0.0649553955044227	0.013608271283779505	0.49344569078248035	0.9826803093757496	0.9080641293945989	0.8653583524411284	0.0649553955044227	-0.6098442695897475	-0.4270450321279339	-0.06416871830950349	-0.0876162760157524	-0.08427296001622092	0.0	0.13770625137258308	
-0.9478002284162348	-0.662429596382332	-0.07307886614057196	-0.12421487338669163	0.3689710132231785	0.9478002236647797	0.8417374369954682	0.7881021991429704	-0.07307886614057196	-0.7131694859029487	-0.547494795519289	-0.20097983781665818	-0.2239582400448406	-0.2206864909611885	-0.13770625137258308	0.0	
