0.0	0.798769580519898	0.9802584796565954	0.9037317153533718	0.7774245365228514	0.9612490938249665	0.7754250308210674	0.38034810863209984	0.9720054636283737	0.6865787393544405	0.23769039682220094	0.4989850470857082	0.6696576889854774	-0.38034808914248236	0.3620093292381561	0.6078936930047806	
-0.798769580519898	0.0	0.431826880963867	0.20176582031717258	-0.03467965845158655	0.3581172459354743	0.9708992172091787	0.9675682949344455	0.3971170118696301	-0.16767856360561711	-0.6328742646234329	-0.3920142822760366	-0.1903312379256022	-0.9675682896110966	-0.526794381548097	-0.26850638672673555	
-0.9802584796565954	-0.431826880963867	0.0	-0.24096184468256648	-0.46284667202720975	-0.08018048325598238	0.772291325464552	0.9817881244486407	-0.038134613636085474	-0.5769517275340152	-0.9051690059075004	-0.7508429157853597	-0.5956035541044584	-0.9817881284521518	-0.8421953407825733	-0.6581503761028625	
-0.9037317153533718	-0.20176582031717258	0.24096184468256648	0.0	-0.2356108834841439	0.16236810237283134	0.9026109220337984	0.9986370615656314	0.20377561011430995	-0.3631392150470695	-0.776076552970387	-0.5695683438764366	-0.3844943730653767	-0.9986370604657641	-0.6874597039533946	-0.45734078513213167	
-0.7774245365228514	0.03467965845158655	0.46284667202720975	0.2356108834841439	0.0	0.3902814175773526	0.9786205787458102	0.9582258693996651	0.4287060182824082	-0.13338904737162466	-0.605642693301145	-0.35987460929133863	-0.15617103797999377	-0.9582258633724009	-0.4970000457018092	-0.23493872598908225	
-0.9612490938249665	-0.3581172459354743	0.08018048325598238	-0.16236810237283134	-0.3902814175773526	0.0	0.8207409649274824	0.9938597424337364	0.04211032687479195	-0.509604477314085	-0.868173827073299	-0.6954678019511326	-0.5292786650768446	-0.9938597447654525	-0.7962526633412086	-0.5956645667177543	
-0.7754250308210674	-0.9708992172091787	-0.772291325464552	-0.9026109220337984	-0.9786205787458102	-0.8207409649274824	0.0	0.4769798491013538	-0.7959552893557105	-0.9973100320434205	-0.9032892387998571	-0.987070486607186	-0.9987332411301145	-0.47697986762308614	-0.9514184596681853	-0.9995499370022413	
-0.38034810863209984	-0.9675682949344455	-0.9817881244486407	-0.9986370615656314	-0.9582258693996651	-0.9938597424337364	-0.4769798491013538	0.0	-0.9883187642496362	-0.9115119835022605	-0.5892740948154787	-0.7910967285655441	-0.9018015861485158	-2.1073424255447017e-08	-0.6893527364208929	-0.8642098763198905	
-0.9720054636283737	-0.3971170118696301	0.038134613636085474	-0.20377561011430995	-0.4287060182824082	-0.04211032687479195	0.7959552893557105	0.9883187642496362	0.0	-0.5453845363767187	-0.8883014081208238	-0.7251095800142804	-0.564537602063877	-0.9883187674612438	-0.8210216014268077	-0.6289606090043607	
-0.6865787393544405	0.16767856360561711	0.5769517275340152	0.3631392150470695	0.13338904737162466	0.509604477314085	0.9973100320434205	0.9115119835022605	0.5453845363767187	0.0	-0.4940879573758355	-0.23220660914162566	-0.02302308756702831	-0.911511974835319	-0.37681031599614084	-0.10318374315889367	
-0.23769039682220094	0.6328742646234329	0.9051690059075004	0.776076552970387	0.605642693301145	0.868173827073299	0.9032892387998571	0.5892740948154787	0.8883014081208238	0.4940879573758355	0.0	0.27869960229757357	0.47394044443895045	-0.5892740777895596	0.13006557206012564	0.4017414935986743	
-0.4989850470857082	0.3920142822760366	0.7508429157853597	0.5695683438764366	0.35987460929133863	0.6954678019511326	0.987070486607186	0.7910967285655441	0.7251095800142804	0.23220660914162566	-0.27869960229757357	0.0	0.20975127331593452	-0.7910967156751185	-0.1514200025294098	0.13060379399005684	
-0.6696576889854774	0.1903312379256022	0.5956035541044584	0.3844943730653767	0.15617103797999377	0.5292786650768446	0.9987332411301145	0.9018015861485158	0.564537602063877	0.02302308756702831	-0.47394044443895045	-0.20975127331593452	0.0	-0.9018015770416286	-0.3553843702444874	-0.0802561951029428	
0.38034808914248236	0.9675682896110966	0.9817881284521518	0.9986370604657641	0.9582258633724009	0.9938597447654525	0.47697986762308614	2.1073424255447017e-08	0.9883187674612438	0.911511974835319	0.5892740777895596	0.7910967156751185	0.9018015770416286	0.0	0.6893527211547597	0.8642098657171872	
-0.3620093292381561	0.526794381548097	0.8421953407825733	0.6874597039533946	0.4970000457018092	0.7962526633412086	0.9514184596681853	0.6893527364208929	0.8210216014268077	0.37681031599614084	-0.13006557206012564	0.1514200025294098	0.3553843702444874	-0.6893527211547597	0.0	0.2792209049237569	
-0.6078936930047806	0.26850638672673555	0.6581503761028625	0.45734078513213167	0.23493872598908225	0.5956645667177543	0.9995499370022413	0.8642098763198905	0.6289606090043607	0.10318374315889367	-0.4017414935986743	-0.13060379399005684	0.0802561951029428	-0.8642098657171872	-0.2792209049237569	0.0	
