0.0	0.735144233578869	0.9923435323321317	0.9887079522326176	0.9997339398563835	0.4143615172395098	0.994714864695398	0.041494480283959634	0.08891851836688025	0.29364477869354655	0.1067591132184118	-0.2351159810443089	-0.4143615172395098	0.21090945460660854	0.36136355165026507	0.4695403852361586	
-0.735144233578869	0.0	0.7635167821668263	0.7804209247015426	0.6607733808945815	0.9499639815634405	0.7498094655003381	-0.7063815248712044	-0.6719534386920698	-0.5036701683842222	-0.6585696734121961	-0.8739238181501455	-0.9499639815634405	-0.5756298245843506	-0.44049463458539284	-0.3307604627562666	
-0.9923435323321317	-0.7635167821668263	0.0	0.0265941594041485	-0.14636508728404718	0.8519670183732624	-0.02096584369577803	-0.99661377477205	-0.9993949437054408	-0.9848632655774343	-0.9998578469612995	-0.9354866977074244	-0.8519670183732624	-0.9960704418352739	-0.9699173376291061	-0.9341431771246734	
-0.9887079522326176	-0.7804209247015426	-0.0265941594041485	0.0	-0.17262107718146924	0.8377411075692933	-0.04754674215468707	-0.9940745750883707	-0.9981164881342341	-0.989124578949184	-0.9990558117889544	-0.9257584651091701	-0.8377411075692933	-0.998073443532608	-0.9760482263046037	-0.9433041976892351	
-0.9997339398563835	-0.6607733808945815	0.14636508728404718	0.17262107718146924	0.0	0.919427974100543	0.12559286014651472	-0.9979157822615773	-0.9937228849809296	-0.9488870117777026	-0.9915578483208501	-0.9771319522694981	-0.919427974100543	-0.9723806474459709	-0.9238416371293072	-0.8718455768589282	
-0.4143615172395098	-0.9499639815634405	-0.8519670183732624	-0.8377411075692933	-0.919427974100543	0.0	-0.8627573701196264	-0.45176928135887534	-0.4936460350733909	-0.6633439752618085	-0.5091561958147278	-0.18876389070323307	-0.0	-0.5969920087572418	-0.7152424781739761	-0.7931788544618226	
-0.994714864695398	-0.7498094655003381	0.02096584369577803	0.04754674215468707	-0.12559286014651472	0.8627573701196264	0.0	-0.998118632375559	-0.999904490852652	-0.9810127115378122	-0.9999915712069911	-0.9426896012965023	-0.8627573701196264	-0.9939946681567918	-0.9646003327845867	-0.9264551677516017	
-0.041494480283959634	0.7063815248712044	0.99661377477205	0.9940745750883707	0.9979157822615773	0.45176928135887534	0.998118632375559	0.0	0.04751181915649322	0.2537266921952477	0.06540982934193734	-0.27524476233530004	-0.45176928135887534	0.17016671835769065	0.32236183036341604	0.43250005276286546	
-0.08891851836688025	0.6719534386920698	0.9993949437054408	0.9981164881342341	0.9937228849809296	0.4936460350733909	0.999904490852652	-0.04751181915649322	0.0	0.207483112444783	0.0179258886021601	-0.3206105581243527	-0.4936460350733909	0.12315567205770495	0.2770223060882285	0.3891733528110593	
-0.29364477869354655	0.5036701683842222	0.9848632655774343	0.989124578949184	0.9488870117777026	0.6633439752618085	0.9810127115378122	-0.2537266921952477	-0.207483112444783	0.0	-0.1899139775503108	-0.5101639308415947	-0.6633439752618085	-0.08542798687028536	0.07163096575311412	0.18957831081660492	
-0.1067591132184118	0.6585696734121961	0.9998578469612995	0.9990558117889544	0.9915578483208501	0.5091561958147278	0.9999915712069911	-0.06540982934193734	-0.0179258886021601	0.1899139775503108	0.0	-0.33753864257152655	-0.5091561958147278	0.10534645786188407	0.25975346184511006	0.37259812694682126	
0.2351159810443089	0.8739238181501455	0.9354866977074244	0.9257584651091701	0.9771319522694981	0.18876389070323307	0.9426896012965023	0.27524476233530004	0.3206105581243527	0.5101639308415947	0.33753864257152655	0.0	-0.18876389070323307	0.4348242864167022	0.5704615826369047	0.6639643958800322	
0.4143615172395098	0.9499639815634405	0.8519670183732624	0.8377411075692933	0.919427974100543	0.0	0.8627573701196264	0.45176928135887534	0.4936460350733909	0.6633439752618085	0.5091561958147278	0.18876389070323307	0.0	0.5969920087572418	0.7152424781739761	0.7931788544618226	
-0.21090945460660854	0.5756298245843506	0.9960704418352739	0.998073443532608	0.9723806474459709	0.5969920087572418	0.9939946681567918	-0.17016671835769065	-0.12315567205770495	0.08542798687028536	-0.10534645786188407	-0.4348242864167022	-0.5969920087572418	0.0	0.15657764755863834	0.27276408033185245	
-0.36136355165026507	0.44049463458539284	0.9699173376291061	0.9760482263046037	0.9238416371293072	0.7152424781739761	0.9646003327845867	-0.32236183036341604	-0.2770223060882285	-0.07163096575311412	-0.25975346184511006	-0.5704615826369047	-0.7152424781739761	-0.15657764755863834	0.0	0.11875934117795156	
-0.4695403852361586	0.3307604627562666	0.9341431771246734	0.9433041976892351	0.8718455768589282	0.7931788544618226	0.9264551677516017	-0.43250005276286546	-0.3891733528110593	-0.18957831081660492	-0.37259812694682126	-0.6639643958800322	-0.7931788544618226	-0.27276408033185245	-0.11875934117795156	0.0	
