0.0	0.5177146724777859	0.8717450348268436	0.9514937235181693	0.2734254233104222	0.9261086983798159	0.987375796604866	0.2773933710572948	0.14600551212125185	0.19222327437207348	-0.09466246550035601	-0.5778488206883245	-0.8717450348268438	-0.25869234227360827	-0.15413850040770444	-0.2750607886079746	
-0.5177146724777859	0.0	0.9994837477173858	0.6547693147986899	-0.2640561913973098	0.5970240194748472	0.7627491467857117	-0.2600728753101876	-0.38725122275341006	-0.3436026598883122	-0.5963786250754393	-0.9169101208737647	-0.999483747717386	-0.7214166420686323	-0.6434013033243432	-0.7330739563864194	
-0.8717450348268436	-0.9994837477173858	0.0	-0.7344018506546991	-0.9724930880706456	-0.7826277475613771	-0.6218546569800552	-0.9734462448767577	-0.9339400500166447	-0.9496697264262607	-0.8214495978345255	-0.42834663981454446	-0.0	-0.7153217857067011	-0.7858053618067814	-0.7033503455677266	
-0.9514937235181693	-0.6547693147986899	0.7344018506546991	0.0	-0.8311110515389573	-0.07402330392518819	0.15307206113047733	-0.8288086060189106	-0.8963760574565949	-0.8746085440262832	-0.9763455969051019	-0.9543414064308704	-0.7344018506546992	-0.9986960516323473	-0.9875461691544188	-0.9994190464317592	
-0.2734254233104222	0.2640561913973098	0.9724930880706456	0.8311110515389573	0.0	0.787666069060446	0.9064407976365553	0.004127565183300819	-0.13005362535474066	-0.08342811069120748	-0.36325276860085914	-0.7789833245439066	-0.9724930880706458	-0.5129523645026927	-0.41842256092245844	-0.5274576433741734	
-0.9261086983798159	-0.5970240194748472	0.7826277475613771	0.07402330392518819	-0.787666069060446	0.0	0.2258030512044844	-0.7851163565760413	-0.8611027410690097	-0.8363203653066587	-0.9576619959230754	-0.9738352799324437	-0.7826277475613773	-0.9921771830915347	-0.9731908004016827	-0.9941543041212508	
-0.987375796604866	-0.7627491467857117	0.6218546569800552	-0.15307206113047733	-0.9064407976365553	-0.2258030512044844	0.0	-0.9046898695975729	-0.9536682860191436	-0.9385151983755611	-0.9979359919360143	-0.8973691316071059	-0.6218546569800553	-0.9947409174875732	-0.9999907135254904	-0.9928578948174187	
-0.2773933710572948	0.2600728753101876	0.9734462448767577	0.8288086060189106	-0.004127565183300819	0.7851163565760413	0.9046898695975729	0.0	-0.13414502711451987	-0.08754057567323903	-0.36709528805362246	-0.7815648564491873	-0.9734462448767579	-0.5164911673766588	-0.42216786791609984	-0.5309598525749636	
-0.14600551212125185	0.38725122275341006	0.9339400500166447	0.8963760574565949	0.13005362535474066	0.8611027410690097	0.9536682860191436	0.13414502711451987	0.0	0.046880679666411684	-0.23899790495406908	-0.6908179604680771	-0.9339400500166449	-0.39695558782765805	-0.29674735470087366	-0.4124867933969359	
-0.19222327437207348	0.3436026598883122	0.9496697264262607	0.8746085440262832	0.08342811069120748	0.8363203653066587	0.9385151983755611	0.08754057567323903	-0.046880679666411684	0.0	-0.2842572073738909	-0.7239544820070043	-0.9496697264262609	-0.4395479945232811	-0.3411900673901164	-0.4547398545291693	
0.09466246550035601	0.5963786250754393	0.8214495978345255	0.9763455969051019	0.36325276860085914	0.9576619959230754	0.9979359919360143	0.36709528805362246	0.23899790495406908	0.2842572073738909	0.0	-0.4979957613824235	-0.8214495978345258	-0.16609053206844243	-0.05991515194470959	-0.1828145730612109	
0.5778488206883245	0.9169101208737647	0.42834663981454446	0.9543414064308704	0.7789833245439066	0.9738352799324437	0.8973691316071059	0.7815648564491873	0.6908179604680771	0.7239544820070043	0.4979957613824235	0.0	-0.42834663981454457	0.34704855506830984	0.4451439095056014	0.3310702001639718	
0.8717450348268438	0.999483747717386	0.0	0.7344018506546992	0.9724930880706458	0.7826277475613773	0.6218546569800553	0.9734462448767579	0.9339400500166449	0.9496697264262609	0.8214495978345258	0.42834663981454457	0.0	0.7153217857067012	0.7858053618067816	0.7033503455677267	
0.25869234227360827	0.7214166420686323	0.7153217857067011	0.9986960516323473	0.5129523645026927	0.9921771830915347	0.9947409174875732	0.5164911673766588	0.39695558782765805	0.4395479945232811	0.16609053206844243	-0.34704855506830984	-0.7153217857067012	0.0	0.10670918507455757	-0.016983895014697437	
0.15413850040770444	0.6434013033243432	0.7858053618067814	0.9875461691544188	0.41842256092245844	0.9731908004016827	0.9999907135254904	0.42216786791609984	0.29674735470087366	0.3411900673901164	0.05991515194470959	-0.4451439095056014	-0.7858053618067816	-0.10670918507455757	0.0	-0.12358071532382958	
0.2750607886079746	0.7330739563864194	0.7033503455677266	0.9994190464317592	0.5274576433741734	0.9941543041212508	0.9928578948174187	0.5309598525749636	0.4124867933969359	0.4547398545291693	0.1828145730612109	-0.3310702001639718	-0.7033503455677267	0.016983895014697437	0.12358071532382958	0.0	
