0.0	0.6392963817126784	0.791885298083531	0.7874411745442988	0.9998783585578641	0.30491066666506955	0.805962953778278	0.9582051554679232	0.9990117892186539	0.9162964246579063	0.8373570056385109	0.5065891042360212	0.17493916034242302	0.2291991752821928	0.18907606453539072	-0.30491066666506955	
-0.6392963817126784	0.0	0.218529425712028	0.2114553261951424	0.7788380283362419	0.8433179352301133	0.9981953228221249	0.919712997462218	0.7966146839579751	0.4485569993403489	0.29441892609858733	-0.161646447887425	-0.4949166577856082	-0.44603292556248986	-0.4823730264756997	-0.8433179352301133	
-0.791885298083531	-0.218529425712028	0.0	-0.007243437898669325	0.622946652198143	0.9403762305498037	0.9609464356398449	0.8116910929759851	0.6452625037250389	0.24240393986346315	0.07845949849193562	-0.37339499865561626	-0.672843757020602	-0.6308399232321382	-0.6621385694737443	-0.9403762305498037	
-0.7874411745442988	-0.2114553261951424	0.007243437898669325	0.0	0.6285965928228089	0.9378878061933223	0.9629257348307074	0.8159005966162276	0.6507792794298389	0.24942498597593432	0.08567854874968003	-0.36666566521233895	-0.6674675216831235	-0.625203096085948	-0.6566931011150632	-0.9378878061933223	
-0.9998783585578641	-0.7788380283362419	-0.622946652198143	-0.6285965928228089	0.0	0.9475093989323108	0.5793233211778883	0.27110196956892785	0.028858931361144702	-0.4147435713959776	-0.5596502294768377	-0.8699840324611108	-0.987188015109319	-0.9768359732840255	-0.9847920264256766	-0.9475093989323108	
-0.30491066666506955	-0.8433179352301133	-0.9403762305498037	-0.9378878061933223	-0.9475093989323108	0.0	-0.587087027933931	-0.8253469050235676	-0.9378877499467559	-0.994780219921397	-0.9641642400019564	-0.7453560151666025	-0.4668174388229942	-0.5150787355640737	-0.479483266600342	-0.0	
-0.805962953778278	-0.9981953228221249	-0.9609464356398449	-0.9629257348307074	-0.5793233211778883	0.587087027933931	0.0	-0.33665339987163045	-0.5555591770827943	-0.8652050865735712	-0.9362716829876666	-0.9947747887207378	-0.897092427582286	-0.9201859665685918	-0.903351949171075	-0.587087027933931	
-0.9582051554679232	-0.919712997462218	-0.8116910929759851	-0.8159005966162276	-0.27110196956892785	0.8253469050235676	0.33665339987163045	0.0	-0.2432108713893507	-0.6458977616777323	-0.7633617250255557	-0.9710786124023936	-0.9934758442518828	-0.998267044132741	-0.9950127250614927	-0.8253469050235676	
-0.9990117892186539	-0.7966146839579751	-0.6452625037250389	-0.6507792794298389	-0.028858931361144702	0.9378877499467559	0.5555591770827943	0.2432108713893507	0.0	-0.4408306762320895	-0.5833333629482962	-0.8838514380116382	-0.9913816155796966	-0.9826046221544075	-0.9893957290195621	-0.9378877499467559	
-0.9162964246579063	-0.4485569993403489	-0.24240393986346315	-0.24942498597593432	0.4147435713959776	0.994780219921397	0.8652050865735712	0.6458977616777323	0.4408306762320895	0.0	-0.16553720546104478	-0.5871301034849563	-0.8321031748025629	-0.8001097517839032	-0.8240435684226032	-0.994780219921397	
-0.8373570056385109	-0.29441892609858733	-0.07845949849193562	-0.08567854874968003	0.5596502294768377	0.9641642400019564	0.9362716829876666	0.7633617250255557	0.5833333629482962	0.16553720546104478	0.0	-0.4450286498655593	-0.7288127129334903	-0.6897729795264868	-0.7188934867591485	-0.9641642400019564	
-0.5065891042360212	0.161646447887425	0.37339499865561626	0.36666566521233895	0.8699840324611108	0.7453560151666025	0.9947747887207378	0.9710786124023936	0.8838514380116382	0.5871301034849563	0.4450286498655593	0.0	-0.34794674088005084	-0.2954907818675576	-0.3344324343029889	-0.7453560151666025	
-0.17493916034242302	0.4949166577856082	0.672843757020602	0.6674675216831235	0.987188015109319	0.4668174388229942	0.897092427582286	0.9934758442518828	0.9913816155796966	0.8321031748025629	0.7288127129334903	0.34794674088005084	0.0	0.05538255076628418	0.014376683439059401	-0.4668174388229942	
-0.2291991752821928	0.44603292556248986	0.6308399232321382	0.625203096085948	0.9768359732840255	0.5150787355640737	0.9201859665685918	0.998267044132741	0.9826046221544075	0.8001097517839032	0.6897729795264868	0.2954907818675576	-0.05538255076628418	0.0	-0.04102220875673568	-0.5150787355640737	
-0.18907606453539072	0.4823730264756997	0.6621385694737443	0.6566931011150632	0.9847920264256766	0.479483266600342	0.903351949171075	0.9950127250614927	0.9893957290195621	0.8240435684226032	0.7188934867591485	0.3344324343029889	-0.014376683439059401	0.04102220875673568	0.0	-0.479483266600342	
0.30491066666506955	0.8433179352301133	0.9403762305498037	0.9378878061933223	0.9475093989323108	0.0	0.587087027933931	0.8253469050235676	0.9378877499467559	0.994780219921397	0.9641642400019564	0.7453560151666025	0.4668174388229942	0.5150787355640737	0.479483266600342	0.0	
