0.0	0.26662292465150716	0.665912044316342	0.7012690554530543	0.6430614899530452	0.34684723343728846	0.04589454939891108	0.09742360146959905	0.2014796144042783	0.00776741257806618	-0.7754410092884604	0.8867607673063027	0.7754410225946422	0.8775042459791318	0.7944870217949799	0.6243657821645714	
-0.26662292465150716	0.0	0.44289787199822983	0.48580915734385444	0.4155995423028596	0.08422027328409382	-0.22210877241674337	-0.17145764425676907	-0.06696897247371641	-0.2591286420905033	-0.9157218115282324	0.7314200852392359	0.9157218199958048	0.7178753468711555	0.6038122523677698	0.3934965889681022	
-0.665912044316342	-0.44289787199822983	0.0	0.048441433807541415	-0.03022179973051285	-0.36581478269297457	-0.6309716435134421	-0.5900633502524628	-0.5019461023891352	-0.6600972310509373	-0.9989726540354524	0.35374672874619434	0.9989726530804665	0.3352940363344716	0.18831554015805424	-0.05436951191233869	
-0.7012690554530543	-0.48580915734385444	-0.048441433807541415	0.0	-0.0786056266703914	-0.41046917045984416	-0.6678120482078413	-0.6284801586079686	-0.5432537729316859	-0.6957105375743005	-0.9956046610876751	0.3080221676053937	0.9956046591140321	0.2892630790446798	0.14051971472089173	-0.10267546676201532	
-0.6430614899530452	-0.4155995423028596	0.03022179973051285	0.0786056266703914	0.0	-0.33752062828375207	-0.6072371760903683	-0.5653940393793763	-0.47557802058875015	-0.6370936932995271	-0.9998859036939459	0.3818528391884054	0.9998859033756187	0.3636132462671686	0.21791060956932634	-0.02416757865932284	
-0.34684723343728846	-0.08422027328409382	0.36581478269297457	0.41046917045984416	0.33752062828375207	0.0	-0.3034362661548019	-0.25382157963603635	-0.1507622462227815	-0.33955154584632485	-0.9463091875485344	0.6713893755367042	0.9463091943607911	0.6566930838360272	0.534532787603844	0.31467266573990244	
-0.04589454939891108	0.22210877241674337	0.6309716435134421	0.6678120482078413	0.6072371760903683	0.3034362661548019	0.0	0.05164471592480385	0.15631393685077183	-0.038133936929152346	-0.8036026566340949	0.8646126021924465	0.803602669176284	0.8545700139324299	0.7657789690168101	0.5878581755907025	
-0.09742360146959905	0.17145764425676907	0.5900633502524628	0.6284801586079686	0.5653940393793763	0.25382157963603635	-0.05164471592480385	0.0	0.10509546995269398	-0.08969019946440965	-0.8332674537511146	0.837510470507131	0.8332674654019806	0.8266086377508132	0.7315441372553394	0.5452949749830359	
-0.2014796144042783	0.06696897247371641	0.5019461023891352	0.5432537729316859	0.47557802058875015	0.1507622462227815	-0.15631393685077183	-0.10509546995269398	0.0	-0.19386541242815875	-0.8867570761342212	0.7754460514912227	0.886757085875111	0.7628856597321625	0.6558394762997417	0.4541795348328728	
-0.00776741257806618	0.2591286420905033	0.6600972310509373	0.6957105375743005	0.6370936932995271	0.33955154584632485	0.038133936929152346	0.08969019946440965	0.19386541242815875	0.0	-0.7803221165134947	0.8831436957978078	0.7803221296923463	0.8737527652301117	0.7897460515644482	0.6182795716839553	
0.7754410092884604	0.9157218115282324	0.9989726540354524	0.9956046610876751	0.9998859036939459	0.9463091875485344	0.8036026566340949	0.8332674537511146	0.8867570761342212	0.7803221165134947	0.0	0.9183495659203584	2.1073424255447017e-08	0.9259511144937786	0.9725657040777698	0.9999589245653573	
-0.8867607673063027	-0.7314200852392359	-0.35374672874619434	-0.3080221676053937	-0.3818528391884054	-0.6713893755367042	-0.8646126021924465	-0.837510470507131	-0.7754460514912227	-0.8831436957978078	-0.9183495659203584	0.0	0.9183495575801243	-0.019655237736791342	-0.17127840392513005	-0.4040775435432791	
-0.7754410225946422	-0.9157218199958048	-0.9989726530804665	-0.9956046591140321	-0.9998859033756187	-0.9463091943607911	-0.803602669176284	-0.8332674654019806	-0.886757085875111	-0.7803221296923463	-2.1073424255447017e-08	-0.9183495575801243	0.0	-0.925951106535539	-0.9725656991754935	-0.9999589247563585	
-0.8775042459791318	-0.7178753468711555	-0.3352940363344716	-0.2892630790446798	-0.3636132462671686	-0.6566930838360272	-0.8545700139324299	-0.8266086377508132	-0.7628856597321625	-0.8737527652301117	-0.9259511144937786	0.019655237736791342	0.925951106535539	0.0	-0.1518805300845401	-0.3860203505853159	
-0.7944870217949799	-0.6038122523677698	-0.18831554015805424	-0.14051971472089173	-0.21791060956932634	-0.534532787603844	-0.7657789690168101	-0.7315441372553394	-0.6558394762997417	-0.7897460515644482	-0.9725657040777698	0.17127840392513005	0.9725656991754935	0.1518805300845401	0.0	-0.2414337636515736	
-0.6243657821645714	-0.3934965889681022	0.05436951191233869	0.10267546676201532	0.02416757865932284	-0.31467266573990244	-0.5878581755907025	-0.5452949749830359	-0.4541795348328728	-0.6182795716839553	-0.9999589245653573	0.4040775435432791	0.9999589247563585	0.3860203505853159	0.2414337636515736	0.0	
