0.0	0.4430352045103605	0.8883992813733415	0.6631313721763238	0.9980479368683288	0.8902831837343419	0.9543149813504735	0.9997206039241102	0.9987411074691775	0.964262516129005	0.7364697410801433	0.49935296328219786	0.9390044294056658	0.9896578832274809	0.473476302297933	-0.6631313721763238	
-0.4430352045103605	0.0	0.5930688284263348	0.9261132624523871	0.922422841706088	0.5963811391587026	0.723167389624777	0.9067258176325219	0.8731521954255002	0.7470838200214184	0.3605479863398899	0.06382693395961364	0.6894593859314302	0.8236800339534197	0.03424518753432043	-0.9261132624523871	
-0.8883992813733415	-0.5930688284263348	0.0	0.9693943200706029	0.5136582076219682	0.004120148217634262	0.17264298759416877	0.4799425312023383	0.41393000504391275	0.20728530636321588	-0.2628835662791209	-0.5404691821446611	0.12554525147567597	0.32688487827335244	-0.5651483975685448	-0.9693943200706029	
-0.6631313721763238	-0.9261132624523871	-0.9693943200706029	0.0	-0.7056276859423917	-0.9683745586729937	-0.9124529456691834	-0.7326193744928114	-0.7808245674170099	-0.8974491912232441	-0.9998386340015016	-0.9483033297690733	-0.9309018848228433	-0.8358866655010789	-0.938488906935699	-0.0	
-0.9980479368683288	-0.922422841706088	-0.5136582076219682	0.7056276859423917	0.0	-0.5101187816183199	-0.35781855288392916	-0.03884406614918323	-0.11243770868950714	-0.32465208988810607	-0.721144356557931	-0.8958932283694298	-0.4018769042527535	-0.20497440725290206	-0.9086569495640129	-0.7056276859423917	
-0.8902831837343419	-0.5963811391587026	-0.004120148217634262	0.9683745586729937	0.5101187816183199	0.0	0.16858324023377178	0.4763238517818148	0.41017588485274115	0.20325288616183507	-0.266856567536819	-0.5439311383330694	0.12145663669777576	0.3229882992887977	-0.5685426787287438	-0.9683745586729937	
-0.9543149813504735	-0.723167389624777	-0.17264298759416877	0.9124529456691834	0.35781855288392916	-0.16858324023377178	0.0	0.321276257058123	0.2505562094480719	0.035279532889993914	-0.4255069425983987	-0.6776093109770855	-0.04761689549175163	0.1588178264153498	-0.6990910043393328	-0.9124529456691834	
-0.9997206039241102	-0.9067258176325219	-0.4799425312023383	0.7326193744928114	0.03884406614918323	-0.4763238517818148	-0.321276257058123	0.0	-0.07375510300783028	-0.28766705065023995	-0.6936895180481784	-0.8779598528392979	-0.3660043348205399	-0.16680040685127107	-0.8917520859409995	-0.7326193744928114	
-0.9987411074691775	-0.8731521954255002	-0.41393000504391275	0.7808245674170099	0.11243770868950714	-0.41017588485274115	-0.2505562094480719	0.07375510300783028	0.0	-0.21624604584176316	-0.6386762795259452	-0.8402595317099415	-0.2963700108996187	-0.09362426219645947	-0.8559473207755055	-0.7808245674170099	
-0.964262516129005	-0.7470838200214184	-0.20728530636321588	0.8974491912232441	0.32465208988810607	-0.20325288616183507	-0.035279532889993914	0.28766705065023995	0.21624604584176316	0.0	-0.4571684528475289	-0.7031328351331905	-0.08282676752736307	0.12388719801603937	-0.7238818284602088	-0.8974491912232441	
-0.7364697410801433	-0.3605479863398899	0.2628835662791209	0.9998386340015016	0.721144356557931	0.266856567536819	0.4255069425983987	0.6936895180481784	0.6386762795259452	0.4571684528475289	0.0	-0.30027884579534875	0.3819331229958453	0.5638293793188865	-0.3283946320639007	-0.9998386340015016	
-0.49935296328219786	-0.06382693395961364	0.5404691821446611	0.9483033297690733	0.8958932283694298	0.5439311383330694	0.6776093109770855	0.8779598528392979	0.8402595317099415	0.7031328351331905	0.30027884579534875	0.0	0.6418221640837449	0.7858071635196853	-0.02961413601272389	-0.9483033297690733	
-0.9390044294056658	-0.6894593859314302	-0.12554525147567597	0.9309018848228433	0.4018769042527535	-0.12145663669777576	0.04761689549175163	0.3660043348205399	0.2963700108996187	0.08282676752736307	-0.3819331229958453	-0.6418221640837449	0.0	0.20565021225287639	-0.664250368500864	-0.9309018848228433	
-0.9896578832274809	-0.8236800339534197	-0.32688487827335244	0.8358866655010789	0.20497440725290206	-0.3229882992887977	-0.1588178264153498	0.16680040685127107	0.09362426219645947	-0.12388719801603937	-0.5638293793188865	-0.7858071635196853	-0.20565021225287639	0.0	-0.8037780143014118	-0.8358866655010789	
-0.473476302297933	-0.03424518753432043	0.5651483975685448	0.938488906935699	0.9086569495640129	0.5685426787287438	0.6990910043393328	0.8917520859409995	0.8559473207755055	0.7238818284602088	0.3283946320639007	0.02961413601272389	0.664250368500864	0.8037780143014118	0.0	-0.938488906935699	
0.6631313721763238	0.9261132624523871	0.9693943200706029	0.0	0.7056276859423917	0.9683745586729937	0.9124529456691834	0.7326193744928114	0.7808245674170099	0.8974491912232441	0.9998386340015016	0.9483033297690733	0.9309018848228433	0.8358866655010789	0.938488906935699	0.0	
