0.0	-0.4820705099385244	-0.727917253043254	-0.6424309160513348	-0.4628966072501798	-0.3131023171461066	0.1547417815983591	0.3418589822311268	0.3524145574524414	0.613418574598972	0.8226461308344182	0.9597497578193002	0.9999808624640807	0.9995641800868258	0.9685412965404063	0.727917253043254	
0.4820705099385244	0.0	-0.3072130376501714	-0.19342290382666294	0.021754493745545	0.18351262360895	0.6118382381287697	0.7525401091445815	0.7599046113326022	0.918154930041651	0.9948299346102193	0.9762605421071284	0.8790980605949366	0.8615197069391595	0.7286057976233803	0.3072130376501714	
0.727917253043254	0.3072130376501714	0.0	0.11734234558046819	0.3278427966482418	0.4766338410770068	0.8252504740022778	0.9184618920801376	0.9228553113646324	0.9954780908536572	0.9779197166447439	0.8625071333122588	0.6901552370766624	0.6638778017510711	0.48295054801687853	0.0	
0.6424309160513348	0.19342290382666294	-0.11734234558046819	0.0	0.21472079946193703	0.3701851463432095	0.753278177299297	0.8657067089500512	0.8712857556259985	0.977454337299436	0.9956860933484215	0.9159290190196805	0.7703034359546668	0.7470448426675498	0.5823646420321719	0.11734234558046819	
0.4628966072501798	-0.021754493745545	-0.3278427966482418	-0.21472079946193703	0.0	0.16208414919646463	0.5944860094682776	0.7380356713354721	0.7455836009371356	0.909318042803991	0.9923852253294448	0.9807415162102968	0.8892590985547247	0.8723611037292132	0.7433337446139592	0.3278427966482418	
0.3131023171461066	-0.18351262360895	-0.4766338410770068	-0.3701851463432095	-0.16208414919646463	0.0	0.45629225572789756	0.6189084055154497	0.6277098648762454	0.8298505713226425	0.9592984800562027	0.9994298012524574	0.9516382810036434	0.9400626097637436	0.8419260451660266	0.4766338410770068	
-0.1547417815983591	-0.6118382381287697	-0.8252504740022778	-0.753278177299297	-0.5944860094682776	-0.45629225572789756	0.0	0.19232248862381962	0.20335553928141703	0.48382136109067847	0.724758299089422	0.9047292798193687	0.9869787077767171	0.9920924069138337	0.9953831054388553	0.8252504740022778	
-0.3418589822311268	-0.7525401091445815	-0.9184618920801376	-0.8657067089500512	-0.7380356713354721	-0.6189084055154497	-0.19232248862381962	0.0	0.011255350399235642	0.3064750241294254	0.5787175410961557	0.8059127122984866	0.937618314720206	0.9494334906560481	0.9952604996466365	0.9184618920801376	
-0.3524145574524414	-0.7599046113326022	-0.9228553113646324	-0.8712857556259985	-0.7455836009371356	-0.6277098648762454	-0.20335553928141703	-0.011255350399235642	0.0	0.295741882633737	0.5695018291098254	0.7991981086675501	0.9336458160577794	0.9458395278555738	0.9941029328707505	0.9228553113646324	
-0.613418574598972	-0.918154930041651	-0.9954780908536572	-0.977454337299436	-0.909318042803991	-0.8298505713226425	-0.48382136109067847	-0.3064750241294254	-0.295741882633737	0.0	0.3009299205355266	0.5856873958282621	0.785947847347368	0.8075220972754784	0.9175641891084221	0.9954780908536572	
-0.8226461308344182	-0.9948299346102193	-0.9779197166447439	-0.9956860933484215	-0.9923852253294448	-0.9592984800562027	-0.724758299089422	-0.5787175410961557	-0.5695018291098254	-0.3009299205355266	0.0	0.31462374909045787	0.563453420701435	0.5925907278580946	0.7553856269545055	0.9779197166447439	
-0.9597497578193002	-0.9762605421071284	-0.8625071333122588	-0.9159290190196805	-0.9807415162102968	-0.9994298012524574	-0.9047292798193687	-0.8059127122984866	-0.7991981086675501	-0.5856873958282621	-0.31462374909045787	0.0	0.2749135352573859	0.3090662779808274	0.5108576615281986	0.8625071333122588	
-0.9999808624640807	-0.8790980605949366	-0.6901552370766624	-0.7703034359546668	-0.8892590985547247	-0.9516382810036434	-0.9869787077767171	-0.937618314720206	-0.9336458160577794	-0.785947847347368	-0.563453420701435	-0.2749135352573859	0.0	0.035703724299311845	0.25484015088723355	0.6901552370766624	
-0.9995641800868258	-0.8615197069391595	-0.6638778017510711	-0.7470448426675498	-0.8723611037292132	-0.9400626097637436	-0.9920924069138337	-0.9494334906560481	-0.9458395278555738	-0.8075220972754784	-0.5925907278580946	-0.3090662779808274	-0.035703724299311845	0.0	0.22015276823213353	0.6638778017510711	
-0.9685412965404063	-0.7286057976233803	-0.48295054801687853	-0.5823646420321719	-0.7433337446139592	-0.8419260451660266	-0.9953831054388553	-0.9952604996466365	-0.9941029328707505	-0.9175641891084221	-0.7553856269545055	-0.5108576615281986	-0.25484015088723355	-0.22015276823213353	0.0	0.48295054801687853	
-0.727917253043254	-0.3072130376501714	-0.0	-0.11734234558046819	-0.3278427966482418	-0.4766338410770068	-0.8252504740022778	-0.9184618920801376	-0.9228553113646324	-0.9954780908536572	-0.9779197166447439	-0.8625071333122588	-0.6901552370766624	-0.6638778017510711	-0.48295054801687853	0.0	
