0.0	0.9994265808522932	0.9999363050248229	0.987073056276864	0.811285563419327	0.0	0.3731640814205972	0.6100991873653748	0.6795445398521938	0.9996916719233238	0.9831418821923923	0.9992634176070879	0.6795445398521938	0.8560276278472158	0.9367918420608203	0.9961172886421067	
-0.9994265808522932	0.0	-0.045138053274849675	0.1267566227538497	0.5568445986887176	0.9994265808522932	0.9145979740646029	0.7712126660281312	0.7102040965567822	-0.05866611572076623	-0.21602878515550883	0.0045175503370677855	0.7102040965567822	0.4876484349457349	-0.3814064649729304	-0.12171425188523952	
-0.9999363050248229	0.045138053274849675	0.0	0.17140139003329227	0.5937694602463934	0.9999363050248229	0.9319179985812502	0.7991604872042066	0.7412572288553646	-0.013546010580124807	-0.17173639148750164	0.049650538540861586	0.7412572288553646	0.5265587337215948	-0.33929176761943797	-0.07678773561417097	
-0.987073056276864	-0.1267566227538497	-0.17140139003329227	0.0	0.44706683847643536	0.987073056276864	0.8559648254513356	0.6843015223562368	0.6152393473083384	-0.18473121068592527	-0.338049782099731	-0.1222742182172468	0.6152393473083384	0.373051374781992	-0.4955047470973377	-0.24654669657242906	
-0.811285563419327	-0.5568445986887176	-0.5937694602463934	-0.44706683847643536	0.0	0.811285563419327	0.5345122290743147	0.2861073245441616	0.19789109857776427	-0.6046145781868567	-0.7231329397971902	-0.5530865638172843	0.19789109857776427	-0.08109872916369137	-0.831553865083148	-0.6538024501013915	
-0.0	-0.9994265808522932	-0.9999363050248229	-0.987073056276864	-0.811285563419327	0.0	-0.3731640814205972	-0.6100991873653748	-0.6795445398521938	-0.9996916719233238	-0.9831418821923923	-0.9992634176070879	-0.6795445398521938	-0.8560276278472158	-0.9367918420608203	-0.9961172886421067	
-0.3731640814205972	-0.9145979740646029	-0.9319179985812502	-0.8559648254513356	-0.5345122290743147	0.3731640814205972	0.0	-0.27036164518867173	-0.3566919341075724	-0.9367452126552409	-0.9803559116955194	-0.9127619049320961	-0.3566919341075724	-0.6012930468361132	-0.999688354462763	-0.9570150118557876	
-0.6100991873653748	-0.7712126660281312	-0.7991604872042066	-0.6843015223562368	-0.2861073245441616	0.6100991873653748	0.27036164518867173	0.0	-0.09083049803818782	-0.8072299101242958	-0.8905211001706896	-0.7683290251423723	-0.09083049803818782	-0.3628735138064107	-0.9557095305094543	-0.8429594050799741	
-0.6795445398521938	-0.7102040965567822	-0.7412572288553646	-0.6152393473083384	-0.19789109857776427	0.6795445398521938	0.3566919341075724	0.09083049803818782	0.0	-0.7502815851331139	-0.8455174095052408	-0.7070165128650443	0.0	-0.2767341814064788	-0.9250265125036565	-0.790610185354122	
-0.9996916719233238	0.05866611572076623	0.013546010580124807	0.18473121068592527	0.6046145781868567	0.9996916719233238	0.9367452126552409	0.8072299101242958	0.7502815851331139	0.0	-0.15837587774587872	0.06317528666136032	0.7502815851331139	0.5380264097624814	-0.3265181598034489	-0.06327467474718289	
-0.9831418821923923	0.21602878515550883	0.17173639148750164	0.338049782099731	0.7231329397971902	0.9831418821923923	0.9803559116955194	0.8905211001706896	0.8455174095052408	0.15837587774587872	0.0	0.22043745815666366	0.8455174095052408	0.66473538067955	-0.17270169672958943	0.09558243784970785	
-0.9992634176070879	-0.0045175503370677855	-0.049650538540861586	0.1222742182172468	0.5530865638172843	0.9992634176070879	0.9127619049320961	0.7683290251423723	0.7070165128650443	-0.06317528666136032	-0.22043745815666366	0.0	0.7070165128650443	0.48369945632589484	-0.38557863015763166	-0.1261969730641362	
-0.6795445398521938	-0.7102040965567822	-0.7412572288553646	-0.6152393473083384	-0.19789109857776427	0.6795445398521938	0.3566919341075724	0.09083049803818782	0.0	-0.7502815851331139	-0.8455174095052408	-0.7070165128650443	0.0	-0.2767341814064788	-0.9250265125036565	-0.790610185354122	
-0.8560276278472158	-0.4876484349457349	-0.5265587337215948	-0.373051374781992	0.08109872916369137	0.8560276278472158	0.6012930468361132	0.3628735138064107	0.2767341814064788	-0.5380264097624814	-0.66473538067955	-0.48369945632589484	0.2767341814064788	0.0	-0.783768975245045	-0.5902842794536614	
-0.9367918420608203	0.3814064649729304	0.33929176761943797	0.4955047470973377	0.831553865083148	0.9367918420608203	0.999688354462763	0.9557095305094543	0.9250265125036565	0.3265181598034489	0.17270169672958943	0.38557863015763166	0.9250265125036565	0.783768975245045	0.0	0.26605721783386943	
-0.9961172886421067	0.12171425188523952	0.07678773561417097	0.24654669657242906	0.6538024501013915	0.9961172886421067	0.9570150118557876	0.8429594050799741	0.790610185354122	0.06327467474718289	-0.09558243784970785	0.1261969730641362	0.790610185354122	0.5902842794536614	-0.26605721783386943	0.0	
