0.0	0.13284073545382308	0.8440979259580526	0.9150900100023193	0.9878994102167724	0.31292337313914964	0.0	0.975479882790342	0.9492165987926037	0.7612581162685048	0.8971853019223556	0.9660130302471645	0.9961952771464426	0.9999989091080456	0.8205048625620839	0.787783106862831	
-0.13284073545382308	0.0	0.7653892738295749	0.8534119512131427	0.9997471103208782	0.43631931531656265	0.13284073545382308	0.9960713249234154	0.9825988649730898	0.8406518270085096	0.9479035884739879	0.9917900900792427	0.9989433472377426	0.9913325325846309	0.7372960357037698	0.6989776828088885	
-0.8440979259580526	-0.7653892738295749	0.0	0.15027905178524364	0.6606170148194801	0.9694920412996462	0.8440979259580526	0.7088179693390559	0.7745324531979674	0.9555327015426918	0.8538604210724021	0.7361593261040625	0.6077113884503271	0.5374352646645318	-0.042574036917675195	-0.09752375807572783	
-0.9150900100023193	-0.8534119512131427	-0.15027905178524364	0.0	0.5402968424008975	0.9953189412468972	0.9150900100023193	0.5947628058215795	0.6706799324215086	0.9003662468107536	0.7659431031978501	0.6260891143528249	0.48146468128299136	0.40460086841559467	-0.19223334593042213	-0.245978942347359	
-0.9878994102167724	-0.9997471103208782	-0.6606170148194801	-0.5402968424008975	0.0	0.8897523475453614	0.9878994102167724	0.06613242842924094	0.1635965609556707	0.5225343108382225	0.29716022605352976	0.10554074003210528	-0.06841128992007882	-0.15363657364602074	-0.691979355652601	-0.7306813208503534	
-0.31292337313914964	-0.43631931531656265	-0.9694920412996462	-0.9953189412468972	-0.8897523475453614	0.0	0.31292337313914964	-0.8576188267306599	-0.8030924011205162	-0.5201116546842339	-0.7139232405396295	-0.8366096674417696	-0.9188937341890403	-0.9493151246833449	-0.95817715038696	-0.9409653682190869	
-0.0	-0.13284073545382308	-0.8440979259580526	-0.9150900100023193	-0.9878994102167724	-0.31292337313914964	0.0	-0.975479882790342	-0.9492165987926037	-0.7612581162685048	-0.8971853019223556	-0.9660130302471645	-0.9961952771464426	-0.9999989091080456	-0.8205048625620839	-0.787783106862831	
-0.975479882790342	-0.9960713249234154	-0.7088179693390559	-0.5947628058215795	-0.06613242842924094	0.8576188267306599	0.975479882790342	0.0	0.097996976535494	0.4650046914182241	0.2333646293633424	0.039546618539853806	-0.1342390212694936	-0.21864750692688453	-0.7382066557611812	-0.7742315981186123	
-0.9492165987926037	-0.9825988649730898	-0.7745324531979674	-0.6706799324215086	-0.1635965609556707	0.8030924011205162	0.9492165987926037	-0.097996976535494	0.0	0.376008961665102	0.13695016692723122	-0.05856404680591723	-0.23070289440539415	-0.313220926316806	-0.8007597291674047	-0.8325275192340923	
-0.7612581162685048	-0.8406518270085096	-0.9555327015426918	-0.9003662468107536	-0.5225343108382225	0.5201116546842339	0.7612581162685048	-0.4650046914182241	-0.376008961665102	0.0	-0.24556596249563062	-0.4296299842727801	-0.5796388340533745	-0.6473238295720231	-0.9672207856358725	-0.9797361742784181	
-0.8971853019223556	-0.9479035884739879	-0.8538604210724021	-0.7659431031978501	-0.29716022605352976	0.7139232405396295	0.8971853019223556	-0.2333646293633424	-0.13695016692723122	0.24556596249563062	0.0	-0.19472736569999358	-0.36178502978730825	-0.4403286135187591	-0.8752461117194674	-0.9005515524879664	
-0.9660130302471645	-0.9917900900792427	-0.7361593261040625	-0.6260891143528249	-0.10554074003210528	0.8366096674417696	0.9660130302471645	-0.039546618539853806	0.05856404680591723	0.4296299842727801	0.19472736569999358	0.0	-0.17332269102961081	-0.25706620971402383	-0.7643063218870756	-0.7986550865635383	
-0.9961952771464426	-0.9989433472377426	-0.6077113884503271	-0.48146468128299136	0.06841128992007882	0.9188937341890403	0.9961952771464426	0.1342390212694936	0.23070289440539415	0.5796388340533745	0.36178502978730825	0.17332269102961081	0.0	-0.08567756281360864	-0.6409708958237416	-0.6822638169857973	
-0.9999989091080456	-0.9913325325846309	-0.5374352646645318	-0.40460086841559467	0.15363657364602074	0.9493151246833449	0.9999989091080456	0.21864750692688453	0.313220926316806	0.6473238295720231	0.4403286135187591	0.25706620971402383	0.08567756281360864	0.0	-0.5728508785219067	-0.6171156902579619	
-0.8205048625620839	-0.7372960357037698	0.042574036917675195	0.19223334593042213	0.691979355652601	0.95817715038696	0.8205048625620839	0.7382066557611812	0.8007597291674047	0.9672207856358725	0.8752461117194674	0.7643063218870756	0.6409708958237416	0.5728508785219067	0.0	-0.05506423983806086	
-0.787783106862831	-0.6989776828088885	0.09752375807572783	0.245978942347359	0.7306813208503534	0.9409653682190869	0.787783106862831	0.7742315981186123	0.8325275192340923	0.9797361742784181	0.9005515524879664	0.7986550865635383	0.6822638169857973	0.6171156902579619	0.05506423983806086	0.0	
