0.0	-0.48729145948464575	0.8367550792888351	0.8367550792888351	0.05508601893291287	0.36659920114965133	0.7871996621860087	0.9728828233679232	0.48729147788679	0.994637560196014	0.5855596145541201	0.4913510523561564	0.6571187013115263	0.7505799263653001	0.6102949976115664	0.29564184898751	
0.48729145948464575	0.0	0.9975172541448974	0.9975172541448974	0.5346548438384119	0.7734945886668	0.9879255280059109	0.7368498035409332	2.1073424255447027e-08	0.9189533868045124	0.9063464785224132	0.8534792525103384	0.9411359570155062	0.9774282480644753	0.9189533701832207	0.7236750800438557	
-0.8367550792888351	-0.9975172541448974	0.0	0.0	-0.8053207054264042	-0.577757914461727	-0.08497267338578648	0.7262688066791397	0.9975172556289408	0.4581020445419657	-0.35765905036654866	-0.45972885975688604	-0.2709118889425325	-0.14191019090972287	-0.3286721053226118	-0.6374643912241539	
-0.8367550792888351	-0.9975172541448974	0.0	0.0	-0.8053207054264042	-0.577757914461727	-0.08497267338578648	0.7262688066791397	0.9975172556289408	0.4581020445419657	-0.35765905036654866	-0.45972885975688604	-0.2709118889425325	-0.14191019090972287	-0.3286721053226118	-0.6374643912241539	
-0.05508601893291287	-0.5346548438384119	0.8053207054264042	0.8053207054264042	0.0	0.314791688014351	0.7520329383634856	0.9841469257012335	0.5346548616469418	0.9874302050508281	0.5400161646176783	0.44262718278050084	0.6145978092929198	0.7130405337046357	0.5657306085079977	0.24256933943999875	
-0.36659920114965133	-0.7734945886668	0.577757914461727	0.577757914461727	-0.314791688014351	0.0	0.5063129359989744	0.9899435759591495	0.7734946020231976	0.887475420680323	0.2476162794560835	0.1378488513551498	0.335031666128078	0.45608247827488946	0.27739518948879677	-0.0751528374813536	
-0.7871996621860087	-0.9879255280059109	0.08497267338578648	0.08497267338578648	-0.7520329383634856	-0.5063129359989744	0.0	0.7820532314221595	0.9879255312708063	0.5319773949006086	-0.27701357719621356	-0.3826053746578425	-0.18813702906864338	-0.05728423119063472	-0.24723145147170142	-0.5696891324032605	
-0.9728828233679232	-0.7368498035409332	-0.7262688066791397	-0.7262688066791397	-0.9841469257012335	-0.9899435759591495	-0.7820532314221595	0.0	0.7368497892941083	-0.33067576198326676	-0.9240864481905433	-0.9609923780835183	-0.8853371276527383	-0.816469229223227	-0.9118530431564522	-0.9977753709111935	
-0.48729147788679	-2.1073424255447027e-08	-0.9975172556289408	-0.9975172556289408	-0.5346548616469418	-0.7734946020231976	-0.9879255312708063	-0.7368497892941083	0.0	-0.9189533784938672	-0.9063464874266787	-0.8534792634922652	-0.9411359641389196	-0.9774282525166083	-0.9189533784938673	-0.7236750945874866	
-0.994637560196014	-0.9189533868045124	-0.4581020445419657	-0.4581020445419657	-0.9874302050508281	-0.887475420680323	-0.5319773949006086	0.33067576198326676	0.9189533784938672	0.0	-0.7457226102498078	-0.8154745994161436	-0.6817844013666778	-0.5796097531020636	-0.7248082767990135	-0.9196002286910079	
-0.5855596145541201	-0.9063464785224132	0.35765905036654866	0.35765905036654866	-0.5400161646176783	-0.2476162794560835	0.27701357719621356	0.9240864481905433	0.9063464874266787	0.7457226102498078	0.0	-0.11169636784968745	0.09129241197649651	0.22151622569789828	0.030857796529604742	-0.31972846879768996	
-0.4913510523561564	-0.8534792525103384	0.45972885975688604	0.45972885975688604	-0.44262718278050084	-0.1378488513551498	0.3826053746578425	0.9609923780835183	0.8534792634922652	0.8154745994161436	0.11169636784968745	0.0	0.20195107712377058	0.3290515216170321	0.14230787656302302	-0.21189439266602472	
-0.6571187013115263	-0.9411359570155062	0.2709118889425325	0.2709118889425325	-0.6145978092929198	-0.335031666128078	0.18813702906864338	0.8853371276527383	0.9411359641389196	0.6817844013666778	-0.09129241197649651	-0.20195107712377058	0.0	0.13156679657572948	-0.060519998796818575	-0.40489372520073097	
-0.7505799263653001	-0.9774282480644753	0.14191019090972287	0.14191019090972287	-0.7130405337046357	-0.45608247827488946	0.05728423119063472	0.816469229223227	0.9774282525166083	0.5796097531020636	-0.22151622569789828	-0.3290515216170321	-0.13156679657572948	0.0	-0.1913195497123575	-0.5216740183588745	
-0.6102949976115664	-0.9189533701832207	0.3286721053226118	0.3286721053226118	-0.5657306085079977	-0.27739518948879677	0.24723145147170142	0.9118530431564522	0.9189533784938673	0.7248082767990135	-0.030857796529604742	-0.14230787656302302	0.060519998796818575	0.1913195497123575	0.0	-0.3488142557072655	
-0.29564184898751	-0.7236750800438557	0.6374643912241539	0.6374643912241539	-0.24256933943999875	0.0751528374813536	0.5696891324032605	0.9977753709111935	0.7236750945874866	0.9196002286910079	0.31972846879768996	0.21189439266602472	0.40489372520073097	0.5216740183588745	0.3488142557072655	0.0	
