0.0	-0.36067305104278163	0.4623528178001983	0.6899560357502765	0.9479369232136599	0.8782172542207443	0.9156739637235963	0.9863083757629011	0.8580609682561584	0.36067305104278163	0.972690221832546	0.9261032496284662	0.9293772410107844	0.9720002281074996	0.6331331903521468	0.43923185321987723	
0.36067305104278163	0.0	0.7510402859514479	0.9045903386337709	0.9989927517460001	0.6466102997167592	0.7090796786558732	0.9794013575969825	0.6150840058841898	0.0	0.8235058960841741	0.7276982033032312	0.7336872828099423	0.9913280606291606	0.8696948628369455	0.7336873712737872	
-0.4623528178001983	-0.7510402859514479	0.0	0.27710660963632794	0.6932918980767583	0.9998375054697228	0.9977541905097254	0.7983084577417451	0.998279551570335	0.7510402859514479	0.969795968416304	0.9956040063928822	0.9947440353995359	0.7532251336244322	0.20351579264430064	-0.025900484731549378	
-0.6899560357502765	-0.9045903386337709	-0.27710660963632794	0.0	0.4664432320323646	0.9656783707978696	0.9401201887028405	0.6001589220675054	0.9754339518099282	0.9045903386337709	0.8642267914745636	0.9306608399132617	0.9274152950142347	0.5414577997761076	-0.07576128223450229	-0.3018998480933922	
-0.9479369232136599	-0.9989927517460001	-0.6932918980767583	-0.4664432320323646	0.0	0.7330375602741391	0.6726004150369655	0.15777227795983467	0.7600674544318772	0.9989927517460001	0.5297840672324519	0.6525534336413834	0.6458809752103999	0.08679525901968976	-0.5321173949810849	-0.7117246794047911	
-0.8782172542207443	-0.6466102997167592	-0.9998375054697228	-0.9656783707978696	-0.7330375602741391	0.0	-0.08495725477173643	-0.6165418124275528	0.04062868865386848	0.6466102997167592	-0.2613601730165083	-0.11159474787216966	-0.12030822508266942	-0.6712340939152999	-0.9825812919809279	-0.9990351853543626	
-0.9156739637235963	-0.7090796786558732	-0.9977541905097254	-0.9401201887028405	-0.6726004150369655	0.08495725477173643	0.0	-0.5474240353547419	0.12536890631703124	0.7090796786558732	-0.17841099550513212	-0.026764693221705105	-0.03553308721323317	-0.6058331350098827	-0.9632409799352554	-0.9991543338481783	
-0.9863083757629011	-0.9794013575969825	-0.7983084577417451	-0.6001589220675054	-0.15777227795983467	0.6165418124275528	0.5474240353547419	0.0	0.6480206096184483	0.9794013575969825	0.38933699254812115	0.5248297494593038	0.5173422821584671	-0.07146867851575253	-0.6590340495809621	-0.8136391817657774	
-0.8580609682561584	-0.6150840058841898	-0.998279551570335	-0.9754339518099282	-0.7600674544318772	-0.04062868865386848	-0.12536890631703124	-0.6480206096184483	0.0	0.6150840058841898	-0.3003608617729755	-0.15187751932787752	-0.16054247396418697	-0.7007956951800898	-0.9893201504287494	-0.9964260078845044	
-0.36067305104278163	-0.0	-0.7510402859514479	-0.9045903386337709	-0.9989927517460001	-0.6466102997167592	-0.7090796786558732	-0.9794013575969825	-0.6150840058841898	0.0	-0.8235058960841741	-0.7276982033032312	-0.7336872828099423	-0.9913280606291606	-0.8696948628369455	-0.7336873712737872	
-0.972690221832546	-0.8235058960841741	-0.969795968416304	-0.8642267914745636	-0.5297840672324519	0.2613601730165083	0.17841099550513212	-0.38933699254812115	0.3003608617729755	0.8235058960841741	0.0	0.15201179986992497	0.14333533275423632	-0.4541708671798923	-0.8998586749399812	-0.975788210480257	
-0.9261032496284662	-0.7276982033032312	-0.9956040063928822	-0.9306608399132617	-0.6525534336413834	0.11159474787216966	0.026764693221705105	-0.5248297494593038	0.15187751932787752	0.7276982033032312	-0.15201179986992497	0.0	-0.008772566560649064	-0.5843223334348708	-0.9557058743118901	-0.9976959112581028	
-0.9293772410107844	-0.7336872828099423	-0.9947440353995359	-0.9274152950142347	-0.6458809752103999	0.12030822508266942	0.03553308721323317	-0.5173422821584671	0.16054247396418697	0.7336872828099423	-0.14333533275423632	0.008772566560649064	0.0	-0.5771807210752008	-0.953087127148909	-0.9970623503106264	
-0.9720002281074996	-0.9913280606291606	-0.7532251336244322	-0.5414577997761076	-0.08679525901968976	0.6712340939152999	0.6058331350098827	0.07146867851575253	0.7007956951800898	0.9913280606291606	0.4541708671798923	0.5843223334348708	0.5771807210752008	0.0	-0.6035962673680936	-0.7700088216065741	
-0.6331331903521468	-0.8696948628369455	-0.20351579264430064	0.07576128223450229	0.5321173949810849	0.9825812919809279	0.9632409799352554	0.6590340495809621	0.9893201504287494	0.8696948628369455	0.8998586749399812	0.9557058743118901	0.953087127148909	0.6035962673680936	0.0	-0.22880594909261942	
-0.43923185321987723	-0.7336873712737872	0.025900484731549378	0.3018998480933922	0.7117246794047911	0.9990351853543626	0.9991543338481783	0.8136391817657774	0.9964260078845044	0.7336873712737872	0.975788210480257	0.9976959112581028	0.9970623503106264	0.7700088216065741	0.22880594909261942	0.0	
