0.0	0.24132897908051784	0.7194141835713158	0.8171997337129165	2.1073424255447017e-08	0.9473509748091875	0.8617170850042009	0.6791602096370171	0.9597697942470796	0.9935607668335518	0.9998907952423849	0.9568323837060777	0.9911153904268514	0.9331042552077821	0.8101613439386798	0.9850246152639782	
-0.24132897908051784	0.0	0.5305281160984896	0.9321371201015536	0.24132899953108253	0.9966232869622059	0.9586953128466089	0.8362195910047323	0.9991645273938483	0.9368517602216554	0.9739038150150968	0.9986915669472298	0.9939192722449143	0.8187414929083991	0.6447469739287057	0.997519040390728	
-0.7194141835713158	-0.5305281160984896	0.0	0.9822493383705367	0.7194141982085229	0.8883665823529682	0.9635554957137831	0.9997748663277088	0.8686411084861286	0.6085987804250989	0.705137189492425	0.8736886764640863	0.7840958080519669	0.38941116974780204	0.1409973491498308	0.8082166233663309	
-0.8171997337129165	-0.9321371201015536	-0.9822493383705367	0.0	0.8171997215671518	-0.2843451496288575	-0.08201637309975829	0.20837938894688834	-0.32370777246036564	-0.6652324286630377	-0.5642148262498092	-0.3139635375981795	-0.4625423831627347	-0.831668803241667	-0.945988365838523	-0.42682695759497413	
-2.1073424255447017e-08	-0.24132899953108253	-0.7194141982085229	-0.8171997215671518	0.0	-0.9473509680615396	-0.8617170743117756	-0.679160194169333	-0.9597697883299132	-0.993560769221181	-0.9998907949309557	-0.9568323775812909	-0.9911153876239841	-0.9331042627859109	-0.8101613562920674	-0.9850246116306295	
-0.9473509748091875	-0.9966232869622059	-0.8883665823529682	0.2843451496288575	0.9473509680615396	0.0	0.20475628608767327	0.47788112571433244	-0.04131057151207301	-0.4254705312717453	-0.30616183234310007	-0.031036495776007422	-0.1913499443752	-0.6394502602549537	-0.8147549791094494	-0.1520655937716572	
-0.8617170850042009	-0.9586953128466089	-0.9635554957137831	0.08201637309975829	0.8617170743117756	-0.20475628608767327	0.0	0.2878933106077324	-0.24501682059192023	-0.6017548445514167	-0.4945989605675949	-0.23503657027403835	-0.3882685852357266	-0.783325500087752	-0.9162115589550748	-0.35121883121274433	
-0.6791602096370171	-0.8362195910047323	-0.9997748663277088	-0.20837938894688834	0.679160194169333	-0.47788112571433244	-0.2878933106077324	0.0	-0.5137614031671887	-0.8062129171152647	-0.7238730853651648	-0.504914126170994	-0.6371372626153153	-0.9291193106884339	-0.9927788142677157	-0.6059017067658868	
-0.9597697942470796	-0.9991645273938483	-0.8686411084861286	0.32370777246036564	0.9597697883299132	0.04131057151207301	0.24501682059192023	0.5137614031671887	0.0	-0.3877224079713365	-0.26657366208335576	0.01028066862867777	-0.15063936948814047	-0.6071434874165915	-0.7901073735394912	-0.11110563733516934	
-0.9935607668335518	-0.9368517602216554	-0.6085987804250989	0.6652324286630377	0.993560769221181	0.4254705312717453	0.6017548445514167	0.8062129171152647	0.3877224079713365	0.0	0.12797124420751038	0.3971783933258586	0.2444422398954908	-0.2515692009327877	-0.4906405511406562	0.28290733375698107	
-0.9998907952423849	-0.9739038150150968	-0.705137189492425	0.5642148262498092	0.9998907949309557	0.30616183234310007	0.4945989605675949	0.7238730853651648	0.26657366208335576	-0.12797124420751038	0.0	0.2764682323258426	0.11834331618037165	-0.37335636961154595	-0.598115732714323	0.15783796882358875	
-0.9568323837060777	-0.9986915669472298	-0.8736886764640863	0.3139635375981795	0.9568323775812909	0.031036495776007422	0.23503657027403835	0.504914126170994	-0.01028066862867777	-0.3971783933258586	-0.2764682323258426	0.0	-0.16079476225874018	-0.6152803406607475	-0.7963673440253856	-0.12131678260051379	
-0.9911153904268514	-0.9939192722449143	-0.7840958080519669	0.4625423831627347	0.9911153876239841	0.1913499443752	0.3882685852357266	0.6371372626153153	0.15063936948814047	-0.2444422398954908	-0.11834331618037165	0.16079476225874018	0.0	-0.4805183708314202	-0.6887541032573511	0.039868914480280626	
-0.9331042552077821	-0.8187414929083991	-0.38941116974780204	0.831668803241667	0.9331042627859109	0.6394502602549537	0.783325500087752	0.9291193106884339	0.6071434874165915	0.2515692009327877	0.37335636961154595	0.6152803406607475	0.4805183708314202	0.0	-0.2556533556926405	0.5151007461277408	
-0.8101613439386798	-0.6447469739287057	-0.1409973491498308	0.945988365838523	0.8101613562920674	0.8147549791094494	0.9162115589550748	0.9927788142677157	0.7901073735394912	0.4906405511406562	0.598115732714323	0.7963673440253856	0.6887541032573511	0.2556533556926405	0.0	0.7171112524074307	
-0.9850246152639782	-0.997519040390728	-0.8082166233663309	0.42682695759497413	0.9850246116306295	0.1520655937716572	0.35121883121274433	0.6059017067658868	0.11110563733516934	-0.28290733375698107	-0.15783796882358875	0.12131678260051379	-0.039868914480280626	-0.5151007461277408	-0.7171112524074307	0.0	
