0.0	0.576709707863077	0.688302487431505	0.9512325882106005	0.999028539365341	0.8908807572938412	0.08227082130305474	1.4901161193847656e-08	0.8549902907408768	0.9961084835931495	0.9898130917880277	0.8466165072553645	0.778923728309715	0.8334847559852531	0.6847121728589665	0.3789339079934784	
-0.576709707863077	0.0	0.1439491854406043	0.5992083721527527	0.7907411447165266	0.9897673068114672	0.6419657451918201	0.576709720036568	0.9975906227955116	0.8645986507197815	0.7265191285679006	0.38471575159278215	0.2746756527525795	0.3622580662971346	0.13906115810317038	-0.2241311192809033	
-0.688302487431505	-0.1439491854406043	0.0	0.4777229393725762	0.6943870493061666	0.9589187287460319	0.7456503604606254	0.688302498241162	0.9772142613741528	0.7832647707117947	0.6200383489008653	0.24783881773904276	0.1334024688105242	0.22431333244336588	-0.004937698252640954	-0.36208378575260053	
-0.9512325882106005	-0.5992083721527527	-0.4777229393725762	0.0	0.26625610561513735	0.706899334389294	0.9733863758124348	0.9512325928072298	0.7570938443068718	0.3911116221399291	0.1699024279466965	-0.245089578188106	-0.35625754930784836	-0.26848753147888604	-0.48205493571465535	-0.7634017406880428	
-0.999028539365341	-0.7907411447165266	-0.6943870493061666	-0.26625610561513735	0.0	0.4930551941991582	0.9992673427728098	0.9990285400220034	0.5558177661717257	0.13194639096591018	-0.09861563390779982	-0.49437782442554196	-0.5921839354279455	-0.5152757776638079	-0.6979317604987139	-0.90782591269383	
-0.8908807572938412	-0.9897673068114672	-0.9589187287460319	-0.706899334389294	-0.4930551941991582	0.0	0.8504902090522004	0.8908807505251787	0.07368152730808175	-0.37395124002451574	-0.5764472526230888	-0.8586945449581386	-0.9125041248155965	-0.8708492590185117	-0.9603077698876263	-0.9965680948599358	
-0.08227082130305474	-0.6419657451918201	-0.7456503604606254	-0.9733863758124348	-0.9992673427728098	-0.8504902090522004	0.0	0.08227080645240833	-0.8094226140137281	-0.985480695262504	-0.9981707708782533	-0.8875312989211017	-0.8278767526163874	-0.8761173723195488	-0.7423510975550631	-0.45378469673416416	
-1.4901161193847656e-08	-0.576709720036568	-0.688302498241162	-0.9512325928072298	-0.9990285400220034	-0.8908807505251787	-0.08227080645240833	0.0	-0.8549902830124788	-0.9961084822798262	-0.9898130939095492	-0.8466165151858135	-0.7789237376545113	-0.8334847642187772	-0.6847121837191351	-0.37893392178336666	
-0.8549902907408768	-0.9975906227955116	-0.9772142613741528	-0.7570938443068718	-0.5558177661717257	-0.07368152730808175	0.8094226140137281	0.8549902830124788	0.0	-0.44127058604487207	-0.6350880741751791	-0.8941213393920495	-0.940164494607489	-0.9047003028968483	-0.9782504009705291	-0.987760109366593	
-0.9961084835931495	-0.8645986507197815	-0.7832647707117947	-0.3911116221399291	-0.13194639096591018	0.37395124002451574	0.985480695262504	0.9961084822798262	0.44127058604487207	0.0	-0.2290566542654407	-0.6047494279381911	-0.6933291587000707	-0.6238519265868685	-0.7863249313779228	-0.9552200134748949	
-0.9898130917880277	-0.7265191285679006	-0.6200383489008653	-0.1699024279466965	0.09861563390779982	0.5764472526230888	0.9981707708782533	0.9898130939095492	0.6350880741751791	0.2290566542654407	0.0	-0.4062466720161141	-0.5098326371372903	-0.42824810922890366	-0.623904767666984	-0.8620466102499302	
-0.8466165072553645	-0.38471575159278215	-0.24783881773904276	0.245089578188106	0.49437782442554196	0.8586945449581386	0.8875312989211017	0.8466165151858135	0.8941213393920495	0.6047494279381911	0.4062466720161141	0.0	-0.11638313850715243	-0.02420811603494899	-0.2526194448465251	-0.5818090869907779	
-0.778923728309715	-0.2746756527525795	-0.1334024688105242	0.35625754930784836	0.5921839354279455	0.9125041248155965	0.8278767526163874	0.7789237376545113	0.940164494607489	0.6933291587000707	0.5098326371372903	0.11638313850715243	0.0	0.09230542415890275	-0.13829440740716836	-0.48319797948479504	
-0.8334847559852531	-0.3622580662971346	-0.22431333244336588	0.26848753147888604	0.5152757776638079	0.8708492590185117	0.8761173723195488	0.8334847642187772	0.9047003028968483	0.6238519265868685	0.42824810922890366	0.02420811603494899	-0.09230542415890275	0.0	-0.22912246920719964	-0.5619495070189159	
-0.6847121728589665	-0.13906115810317038	0.004937698252640954	0.48205493571465535	0.6979317604987139	0.9603077698876263	0.7423510975550631	0.6847121837191351	0.9782504009705291	0.7863249313779228	0.623904767666984	0.2526194448465251	0.13829440740716836	0.22912246920719964	0.0	-0.3574767182993555	
-0.3789339079934784	0.2241311192809033	0.36208378575260053	0.7634017406880428	0.90782591269383	0.9965680948599358	0.45378469673416416	0.37893392178336666	0.987760109366593	0.9552200134748949	0.8620466102499302	0.5818090869907779	0.48319797948479504	0.5619495070189159	0.3574767182993555	0.0	
