0.0	0.4469305361527403	0.9518032624203041	0.9409094413768011	0.6782575499008632	0.6782575499008632	0.8517418335300619	0.8333698845158876	0.39904114002599184	0.0	0.7081417880698809	0.9507677671769028	0.9998724007163773	0.9992648040306357	0.9999540654035002	0.9968051101635775	
-0.4469305361527403	0.0	0.7143756544542292	0.9930648242856193	0.9351633521213323	0.9351633521213323	0.9961160321972955	0.9925321051109981	0.7667750673523174	0.4469305361527403	0.9490458123444607	0.9890327308215872	0.8873150596023912	0.8767762718550463	0.8988112823511017	0.8560132799463769	
-0.9518032624203041	-0.7143756544542292	0.0	0.6109216522427785	0.9074359783898017	0.9074359783898017	0.7599455216557345	0.7816788310223306	0.9951294420756652	0.9518032624203041	0.8892335943256164	0.5865771360851229	0.29146557989320426	0.269992891178604	0.3158179169411799	0.22970667986882715	
-0.9409094413768011	-0.9930648242856193	-0.6109216522427785	0.0	0.4617055581033809	0.4617055581033809	0.20455108289747181	0.237827810003358	0.7276123566780575	0.9409094413768011	0.4245300990806668	-0.030393518205718728	-0.3536455446305077	-0.37448247843311966	-0.3296243482077253	-0.4127288238436487	
-0.6782575499008632	-0.9351633521213323	-0.9074359783898017	-0.4617055581033809	0.0	0.0	-0.2704995944370188	-0.23749681967140907	0.3286916343443204	0.6782575499008632	-0.041462284147581074	-0.48845231597388755	-0.7455652739682065	-0.7602874951431204	-0.7282895914459084	-0.7866505191604555	
-0.6782575499008632	-0.9351633521213323	-0.9074359783898017	-0.4617055581033809	0.0	0.0	-0.2704995944370188	-0.23749681967140907	0.3286916343443204	0.6782575499008632	-0.041462284147581074	-0.48845231597388755	-0.7455652739682065	-0.7602874951431204	-0.7282895914459084	-0.7866505191604555	
-0.8517418335300619	-0.9961160321972955	-0.7599455216557345	-0.20455108289747181	0.2704995944370188	0.2704995944370188	0.0	0.03411718621705079	0.57190794544025	0.8517418335300619	0.23035040977787746	-0.23420745673628052	-0.537500916335927	-0.5562310968051124	-0.5157739016142687	-0.5903182022280891	
-0.8333698845158876	-0.9925321051109981	-0.7816788310223306	-0.237827810003358	0.23749681967140907	0.23749681967140907	-0.03411718621705079	0.0	0.5435880678113804	0.8333698845158876	0.19701661059389425	-0.26723938307884465	-0.5659577708713913	-0.5842596062769482	-0.5447026758796453	-0.617512932767607	
-0.39904114002599184	-0.7667750673523174	-0.9951294420756652	-0.7276123566780575	-0.3286916343443204	-0.3286916343443204	-0.57190794544025	-0.5435880678113804	0.0	0.39904114002599184	-0.3675675100689559	-0.7481258120370343	-0.9231904761057677	-0.9315575926598308	-0.9130662017059472	-0.9458758267328308	
-0.0	-0.4469305361527403	-0.9518032624203041	-0.9409094413768011	-0.6782575499008632	-0.6782575499008632	-0.8517418335300619	-0.8333698845158876	-0.39904114002599184	0.0	-0.7081417880698809	-0.9507677671769028	-0.9998724007163773	-0.9992648040306357	-0.9999540654035002	-0.9968051101635775	
-0.7081417880698809	-0.9490458123444607	-0.8892335943256164	-0.4245300990806668	0.041462284147581074	0.041462284147581074	-0.23035040977787746	-0.19701661059389425	0.3675675100689559	0.7081417880698809	0.0	-0.45185268213286905	-0.7172923216438063	-0.7327003511970676	-0.6992504749769779	-0.7603753007724031	
-0.9507677671769028	-0.9890327308215872	-0.5865771360851229	0.030393518205718728	0.48845231597388755	0.48845231597388755	0.23420745673628052	0.26723938307884465	0.7481258120370343	0.9507677671769028	0.45185268213286905	0.0	-0.3250526898511144	-0.3461275682137294	-0.30077717473720617	-0.38485409127386094	
-0.9998724007163773	-0.8873150596023912	-0.29146557989320426	0.3536455446305077	0.7455652739682065	0.7455652739682065	0.537500916335927	0.5659577708713913	0.9231904761057677	0.9998724007163773	0.7172923216438063	0.3250526898511144	0.0	-0.02237106777760687	0.025557200970259805	-0.06393864406238009	
-0.9992648040306357	-0.8767762718550463	-0.269992891178604	0.37448247843311966	0.7602874951431204	0.7602874951431204	0.5562310968051124	0.5842596062769482	0.9315575926598308	0.9992648040306357	0.7327003511970676	0.3461275682137294	0.02237106777760687	0.0	0.04791456545498062	-0.041597349740472016	
-0.9999540654035002	-0.8988112823511017	-0.3158179169411799	0.3296243482077253	0.7282895914459084	0.7282895914459084	0.5157739016142687	0.5447026758796453	0.9130662017059472	0.9999540654035002	0.6992504749769779	0.30077717473720617	-0.025557200970259805	-0.04791456545498062	0.0	-0.08942266586330064	
-0.9968051101635775	-0.8560132799463769	-0.22970667986882715	0.4127288238436487	0.7866505191604555	0.7866505191604555	0.5903182022280891	0.617512932767607	0.9458758267328308	0.9968051101635775	0.7603753007724031	0.38485409127386094	0.06393864406238009	0.041597349740472016	0.08942266586330064	0.0	
