0.0	0.5258093112487933	0.843359666065241	0.9608386913304117	0.708188031588008	0.8307628712229816	0.6031998208389769	0.16943090506651046	0.37330013288378827	0.0	0.4180294346593706	0.7358833818944291	0.7531654367524889	0.8371405937287997	0.9276326405893709	0.9333236733273444	
-0.5258093112487933	0.0	0.43482045327354774	0.9629978913512343	0.9736204188697299	0.9993283457671887	0.932463563668432	0.6623255431094622	0.8053289032178574	0.5258093112487933	0.8332396548277705	0.9819740731805546	0.9865381286671444	0.9996851252244423	0.9854331825589799	0.9826719494991952	
-0.843359666065241	-0.43482045327354774	0.0	0.7500081423964347	0.9759765364662017	0.9158463371522128	0.9967844405739201	0.9222100399326484	0.9829863618720404	0.843359666065241	0.9907640615004198	0.9664723881810806	0.9595013236955525	0.9111444980367498	0.8134526060489622	0.8043175642701454	
-0.9608386913304117	-0.9629978913512343	-0.7500081423964347	0.0	0.4821302753613177	0.30461698438793094	0.5992037568692146	0.8999962413052555	0.7879357017588932	0.9608386913304117	0.7570186128203715	0.4466724596273243	0.42336123058780284	0.2935884124439454	0.10181267532187371	0.08634404075816837	
-0.708188031588008	-0.9736204188697299	-0.9759765364662017	-0.4821302753613177	0.0	-0.1923422016289092	0.13897029187434906	0.578326833282211	0.39343475777753983	0.708188031588008	0.3482029583800708	-0.040031243480913525	-0.06588463125459504	-0.20367104991776602	-0.3904268902776641	-0.40468372773401873	
-0.8307628712229816	-0.9993283457671887	-0.9158463371522128	-0.30461698438793094	0.1923422016289092	0.0	0.32685124561554657	0.7244420280259125	0.5629188021484915	0.8307628712229816	0.5220065502254888	0.15290424889002807	0.1272698617387425	-0.011557497414351359	-0.20606004827377405	-0.22123882138764966	
-0.6031998208389769	-0.932463563668432	-0.9967844405739201	-0.5992037568692146	-0.13897029187434906	-0.32685124561554657	0.0	0.45934238561351437	0.26185439277167416	0.6031998208389769	0.21455077293959657	-0.17850169958328482	-0.2039136668550614	-0.33775212627427054	-0.5145791694105986	-0.527839215981859	
-0.16943090506651046	-0.6623255431094622	-0.9222100399326484	-0.8999962413052555	-0.578326833282211	-0.7244420280259125	-0.45934238561351437	0.0	-0.2107201335851619	0.16943090506651046	-0.25806888655025617	-0.6105209583398438	-0.6308192948084332	-0.732360638379592	-0.8509395838164833	-0.8589979321089236	
-0.37330013288378827	-0.8053289032178574	-0.9829863618720404	-0.7879357017588932	-0.39343475777753983	-0.5629188021484915	-0.26185439277167416	0.2107201335851619	0.0	0.37330013288378827	-0.04869201002727974	-0.4299222170365687	-0.453151124367158	-0.572433617395778	-0.7211493424051295	-0.7318260681707058	
-0.0	-0.5258093112487933	-0.843359666065241	-0.9608386913304117	-0.708188031588008	-0.8307628712229816	-0.6031998208389769	-0.16943090506651046	-0.37330013288378827	0.0	-0.4180294346593706	-0.7358833818944291	-0.7531654367524889	-0.8371405937287997	-0.9276326405893709	-0.9333236733273444	
-0.4180294346593706	-0.8332396548277705	-0.9907640615004198	-0.7570186128203715	-0.3482029583800708	-0.5220065502254888	-0.21455077293959657	0.25806888655025617	0.04869201002727974	0.4180294346593706	0.0	-0.38544990384448036	-0.40920791577500787	-0.5318295542576053	-0.6865611112792451	-0.6977748169383244	
-0.7358833818944291	-0.9819740731805546	-0.9664723881810806	-0.4466724596273243	0.040031243480913525	-0.15290424889002807	0.17850169958328482	0.6105209583398438	0.4299222170365687	0.7358833818944291	0.38544990384448036	0.0	-0.025887554526079326	-0.1643156292986569	-0.35325981398301437	-0.36775250545408483	
-0.7531654367524889	-0.9865381286671444	-0.9595013236955525	-0.42336123058780284	0.06588463125459504	-0.1272698617387425	0.2039136668550614	0.6308192948084332	0.453151124367158	0.7531654367524889	0.40920791577500787	0.025887554526079326	0.0	-0.13872487469010364	-0.3289229618136919	-0.3435558066993761	
-0.8371405937287997	-0.9996851252244423	-0.9111444980367498	-0.2935884124439454	0.20367104991776602	0.011557497414351359	0.33775212627427054	0.732360638379592	0.572433617395778	0.8371405937287997	0.5318295542576053	0.1643156292986569	0.13872487469010364	0.0	-0.1947368195119905	-0.20995294613288934	
-0.9276326405893709	-0.9854331825589799	-0.8134526060489622	-0.10181267532187371	0.3904268902776641	0.20606004827377405	0.5145791694105986	0.8509395838164833	0.7211493424051295	0.9276326405893709	0.6865611112792451	0.35325981398301437	0.3289229618136919	0.1947368195119905	0.0	-0.015537082061473528	
-0.9333236733273444	-0.9826719494991952	-0.8043175642701454	-0.08634404075816837	0.40468372773401873	0.22123882138764966	0.527839215981859	0.8589979321089236	0.7318260681707058	0.9333236733273444	0.6977748169383244	0.36775250545408483	0.3435558066993761	0.20995294613288934	0.015537082061473528	0.0	
