0.0	0.041739982961812194	0.412594281851859	0.8192965305499361	0.5328337705753562	0.18475101520784248	0.3032893406190728	0.70837847657008	0.98884522463698	0.7948991810712811	0.9782311923644965	0.6331911492605146	-0.014212189091561078	-0.7948991810712809	-0.3049146109159996	-0.25049693662098477	
-0.041739982961812194	0.0	0.37421313640314047	0.7946500640721229	0.49704820422581386	0.14356856187043154	0.263251058438326	0.678299680980178	0.9942004861436455	0.8195318135169485	0.9687168716974137	0.600332770492616	-0.05593557056671805	-0.8195318135169483	-0.3444011921841743	-0.290687833782806	
-0.412594281851859	-0.37421313640314047	0.0	0.5097402216846667	0.13622071683623785	-0.23719916661715643	-0.1168896976327102	0.35404993552857633	0.9622084107048865	0.9744235980406649	0.8054646166106674	0.2574371536251614	-0.4254987053801702	-0.9744235980406647	-0.6706976784764508	-0.6276210925706297	
-0.8192965305499361	-0.7946500640721229	-0.5097402216846667	0.0	-0.3877941374346342	-0.6992619393859527	-0.6068094262614295	-0.17212336909939638	0.6890057401238372	0.9528726055530429	0.390869646305529	-0.27107896282778793	-0.8273626263581433	-0.9528726055530427	-0.9551102790172166	-0.9368026573314107	
-0.5328337705753562	-0.49704820422581386	-0.13622071683623785	0.3877941374346342	0.0	-0.3673212371571401	-0.25108702247154885	0.22335243677226319	0.9161443743681937	0.9959519113526778	0.7172261165376179	0.12340805300819757	-0.5448065929752566	-0.9959519113526776	-0.7654848842023576	-0.7278211409702989	
-0.18475101520784248	-0.14356856187043154	0.23719916661715643	0.6992619393859527	0.3673212371571401	0.0	0.12201935593427854	0.5657806702201092	0.9993406647951127	0.8933113920555872	0.9230521264405793	0.4792945445361809	-0.19869988703907537	-0.893311392055587	-0.47561873061826787	-0.4250453928682753	
-0.3032893406190728	-0.263251058438326	0.1168896976327102	0.6068094262614295	0.25108702247154885	-0.12201935593427854	0.0	0.4609412340250706	0.9874430927776594	0.9414764880255901	0.8692170408774154	0.3686223325053352	-0.3168014827737329	-0.9414764880255899	-0.5793992884745434	-0.5323178438589546	
-0.70837847657008	-0.678299680980178	-0.35404993552857633	0.17212336909939638	-0.22335243677226319	-0.5657806702201092	-0.4609412340250706	0.0	0.8034700301702408	0.9908685555917743	0.5434663477415457	-0.1013546447801611	-0.7183383607206036	-0.9908685555917741	-0.889864008133618	-0.8626024761183022	
-0.98884522463698	-0.9942004861436455	-0.9622084107048865	-0.6890057401238372	-0.9161443743681937	-0.9993406647951127	-0.9874430927776594	-0.8034700301702408	0.0	0.4815758548932667	-0.3509075319891558	-0.8596734491907855	-0.9866284942168209	-0.4815758548932666	-0.8963400842747231	-0.9200075660129521	
-0.7948991810712811	-0.8195318135169485	-0.9744235980406649	-0.9528726055530429	-0.9959519113526778	-0.8933113920555872	-0.9414764880255901	-0.9908685555917743	-0.4815758548932667	0.0	-0.758489411557267	-0.9994317261624791	-0.7861957721930383	-0.0	-0.5720414787235107	-0.6175688259260925	
-0.9782311923644965	-0.9687168716974137	-0.8054646166106674	-0.390869646305529	-0.7172261165376179	-0.9230521264405793	-0.8692170408774154	-0.5434663477415457	0.3509075319891558	0.758489411557267	0.0	-0.6257479172322203	-0.9810816782504499	-0.7584894115572668	-0.9949228033631854	-0.9990252624705633	
-0.6331911492605146	-0.600332770492616	-0.2574371536251614	0.27107896282778793	-0.12340805300819757	-0.4792945445361809	-0.3686223325053352	0.1013546447801611	0.8596734491907855	0.9994317261624791	0.6257479172322203	0.0	-0.64412736785683	-0.9994317261624789	-0.8390409163067868	-0.8068868551817231	
0.014212189091561078	0.05593557056671805	0.4254987053801702	0.8273626263581433	0.5448065929752566	0.19869988703907537	0.3168014827737329	0.7183383607206036	0.9866284942168209	0.7861957721930383	0.9810816782504499	0.64412736785683	0.0	-0.786195772193038	-0.29134841478398976	-0.2367125694280185	
0.7948991810712809	0.8195318135169483	0.9744235980406647	0.9528726055530427	0.9959519113526776	0.893311392055587	0.9414764880255899	0.9908685555917741	0.4815758548932666	0.0	0.7584894115572668	0.9994317261624789	0.786195772193038	0.0	0.5720414787235106	0.6175688259260924	
0.3049146109159996	0.3444011921841743	0.6706976784764508	0.9551102790172166	0.7654848842023576	0.47561873061826787	0.5793992884745434	0.889864008133618	0.8963400842747231	0.5720414787235107	0.9949228033631854	0.8390409163067868	0.29134841478398976	-0.5720414787235106	0.0	0.05662494226005649	
0.25049693662098477	0.290687833782806	0.6276210925706297	0.9368026573314107	0.7278211409702989	0.4250453928682753	0.5323178438589546	0.8626024761183022	0.9200075660129521	0.6175688259260925	0.9990252624705633	0.8068868551817231	0.2367125694280185	-0.6175688259260924	-0.05662494226005649	0.0	
