0.0	0.6250614440932686	0.6675061221067381	0.7711193384158022	0.7299943186203022	0.642617639560159	0.9739835621896926	0.8372876555112369	0.0	0.36334490812519576	0.9168287780048688	0.9949148719221549	0.8858201176591557	0.5107786824089272	0.485744743647228	0.5873231438787803	
-0.6250614440932686	0.0	0.055615514534489985	0.20394613425864733	0.14261546513812418	0.022697644994624455	0.6186171641633615	0.9953265170661281	0.6250614440932686	0.8659595833393626	0.9652290326952568	0.7136504106360185	0.4014030202052595	-0.13867162340778172	-0.16720617849226727	-0.04744497706929374	
-0.6675061221067381	-0.055615514534489985	0.0	0.14918388472901117	0.08734771111770667	-0.032938671671914	0.5739630091573924	0.9884154041182467	0.6675061221067381	0.8924333993538063	0.9491968988603143	0.6735870842814912	0.3498434175663209	-0.19353517636666923	-0.22177994332880313	-0.10292442784584943	
-0.7711193384158022	-0.20394613425864733	-0.14918388472901117	0.0	-0.062243442714102815	-0.18167300427174543	0.4453761764590887	0.9547124532843363	0.7711193384158022	0.9497552555748321	0.8916292843321777	0.5557863050868548	0.20617179951100967	-0.3377327304910206	-0.3647668282788535	-0.250164244749364	
-0.7299943186203022	-0.14261546513812418	-0.08734771111770667	0.062243442714102815	0.0	-0.1201130903036412	0.5002418553191545	0.971380557740277	0.7299943186203022	0.9284318820152687	0.9180821386930672	0.6064531760764961	0.2666782245064035	-0.2784917199115349	-0.3061047433005092	-0.18941486181420292	
-0.642617639560159	-0.022697644994624455	0.032938671671914	0.18167300427174543	0.1201130903036412	0.0	0.6006244222045762	0.9928782600337285	0.642617639560159	0.8770879004704779	0.9590470731579834	0.6975668102898283	0.380510801049199	-0.1611142479896695	-0.18954120848670808	-0.0701048381790833	
-0.9739835621896926	-0.6186171641633615	-0.5739630091573924	-0.4453761764590887	-0.5002418553191545	-0.6006244222045762	0.0	0.7222828345259606	0.9739835621896926	0.989757101260681	0.5966632503812785	0.127367242387597	-0.2512130401511569	-0.7215936065654142	-0.7412808925408507	-0.6551976759370407	
-0.8372876555112369	-0.9953265170661281	-0.9884154041182467	-0.9547124532843363	-0.971380557740277	-0.9928782600337285	-0.7222828345259606	0.0	0.8372876555112369	0.5813995581361002	-0.1669750094603759	-0.6283133902799258	-0.8728589227663089	-0.9991011464619428	-0.9974608079671071	-0.9987872371666755	
-0.0	-0.6250614440932686	-0.6675061221067381	-0.7711193384158022	-0.7299943186203022	-0.642617639560159	-0.9739835621896926	-0.8372876555112369	0.0	-0.36334490812519576	-0.9168287780048688	-0.9949148719221549	-0.8858201176591557	-0.5107786824089272	-0.485744743647228	-0.5873231438787803	
-0.36334490812519576	-0.8659595833393626	-0.8924333993538063	-0.9497552555748321	-0.9284318820152687	-0.8770879004704779	-0.989757101260681	-0.5813995581361002	0.36334490812519576	0.0	-0.7090912686722485	-0.9635129966069811	-0.9938809734221803	-0.7882414247752214	-0.7701464134915454	-0.8412564888814593	
-0.9168287780048688	-0.9652290326952568	-0.9491968988603143	-0.8916292843321777	-0.9180821386930672	-0.9590470731579834	-0.5966632503812785	0.1669750094603759	0.9168287780048688	0.7090912686722485	0.0	-0.48959264473172265	-0.7791257314140557	-0.9921529386210195	-0.9953491312391906	-0.976544428012234	
-0.9949148719221549	-0.7136504106360185	-0.6735870842814912	-0.5557863050868548	-0.6064531760764961	-0.6975668102898283	-0.127367242387597	0.6283133902799258	0.9949148719221549	0.9635129966069811	0.48959264473172265	0.0	-0.37244987429697074	-0.803895171643746	-0.82073187248262	-0.7460820380080729	
-0.8858201176591557	-0.4014030202052595	-0.3498434175663209	-0.20617179951100967	-0.2666782245064035	-0.380510801049199	0.2512130401511569	0.8728589227663089	0.8858201176591557	0.9938809734221803	0.7791257314140557	0.37244987429697074	0.0	-0.5245343839981773	-0.5488964438558299	-0.4444059085458473	
-0.5107786824089272	0.13867162340778172	0.19353517636666923	0.3377327304910206	0.2784917199115349	0.1611142479896695	0.7215936065654142	0.9991011464619428	0.5107786824089272	0.7882414247752214	0.9921529386210195	0.803895171643746	0.5245343839981773	0.0	-0.028871304650269713	0.09152887526961306	
-0.485744743647228	0.16720617849226727	0.22177994332880313	0.3647668282788535	0.3061047433005092	0.18954120848670808	0.7412808925408507	0.9974608079671071	0.485744743647228	0.7701464134915454	0.9953491312391906	0.82073187248262	0.5488964438558299	0.028871304650269713	0.0	0.12024083538409303	
-0.5873231438787803	0.04744497706929374	0.10292442784584943	0.250164244749364	0.18941486181420292	0.0701048381790833	0.6551976759370407	0.9987872371666755	0.5873231438787803	0.8412564888814593	0.976544428012234	0.7460820380080729	0.4444059085458473	-0.09152887526961306	-0.12024083538409303	0.0	
