0.0	0.6637731681088734	0.8730653125673171	0.6245413595731487	0.8408151585368167	0.950763481538484	0.6140640263596041	0.8299410887028585	0.7237307451744864	0.0	0.38840828459879256	0.70345115922927	0.9738311741683194	0.9983252079757148	0.955993313393632	0.5690339825678704	
-0.6637731681088734	0.0	0.32933720583089965	-0.05128567734297945	0.26955895531258695	0.9168231407891346	0.9831664254513587	0.9910276659296848	0.9993610130852799	0.6637731681088733	0.9021623415894717	0.9979075302371712	0.8792188563545917	0.7082811317030563	0.5202764638434993	-0.12023014423759648	
-0.8730653125673171	-0.32933720583089965	0.0	-0.37732837698291216	-0.06262552232400359	0.7341735354480925	0.9884918574958395	0.8917223958396279	0.9553805491625338	0.8730653125673169	0.9939078276612794	0.9635306778110337	0.6732671178317067	0.43627863710677905	0.20999819456094332	-0.44047099875026363	
-0.6245413595731487	0.05128567734297945	0.37732837698291216	0.0	0.31859150312499507	0.9360946628055401	0.9725020783846963	0.9965781814107988	0.9962127712707299	0.6245413595731486	0.8788506456132834	0.9932783163257383	0.902495249998896	0.7435531732317439	0.5633896527648475	-0.06915827081026027	
-0.8408151585368167	-0.26955895531258695	0.06262552232400359	-0.31859150312499507	0.0	0.7752527645943682	0.9960251607142141	0.918315262634005	0.9720034132957801	0.8408151585368164	0.9850546425387392	0.9783978169778298	0.7182508288079883	0.4917734364698594	0.27081507241018166	-0.38338327894666385	
-0.950763481538484	-0.9168231407891346	-0.7341735354480925	-0.9360946628055401	-0.7752527645943682	0.0	0.5600868522004905	0.27317120826434976	0.4318084475376704	0.9507634815384838	0.7557420659791597	0.4577372980758847	-0.08572472876466194	-0.3644013190656297	-0.5752220010947445	-0.9581796676820712	
-0.6140640263596041	-0.9831664254513587	-0.9884918574958395	-0.9725020783846963	-0.9960251607142141	-0.5600868522004905	0.0	-0.31247990233108475	-0.14745417100745795	0.614064026359604	0.259298602882845	-0.11876112132046945	-0.6290423650377098	-0.823458809268559	-0.934682958403313	-0.9540670570734275	
-0.8299410887028585	-0.9910276659296848	-0.8917223958396279	-0.9965781814107988	-0.918315262634005	-0.27317120826434976	0.31247990233108475	0.0	0.16899383922817307	0.8299410887028583	0.5481062774627219	0.19745435329468802	-0.35462985249197687	-0.6049299767413191	-0.7767970022909346	-0.9999083847774617	
-0.7237307451744864	-0.9993610130852799	-0.9553805491625338	-0.9962127712707299	-0.9720034132957801	-0.4318084475376704	0.14745417100745795	-0.16899383922817307	0.0	0.7237307451744863	0.3988750068247953	0.028947686127694827	-0.5075396338627738	-0.730795523676753	-0.8720484664222946	-0.9878143026609106	
-0.0	-0.6637731681088733	-0.8730653125673169	-0.6245413595731486	-0.8408151585368164	-0.9507634815384838	-0.614064026359604	-0.8299410887028583	-0.7237307451744863	0.0	-0.38840828459879245	-0.7034511592292699	-0.9738311741683192	-0.9983252079757146	-0.9559933133936318	-0.5690339825678703	
-0.38840828459879256	-0.9021623415894717	-0.9939078276612794	-0.8788506456132834	-0.9850546425387392	-0.7557420659791597	-0.259298602882845	-0.5481062774627219	-0.3988750068247953	0.38840828459879245	0.0	-0.37216266770812084	-0.8090985752663433	-0.942414032340168	-0.9948902863879852	-0.8437512107237525	
-0.70345115922927	-0.9979075302371712	-0.9635306778110337	-0.9932783163257383	-0.9783978169778298	-0.4577372980758847	0.11876112132046945	-0.19745435329468802	-0.028947686127694827	0.7034511592292699	0.37216266770812084	0.0	-0.5322690869984842	-0.7502488552326346	-0.8858505780773417	-0.9828950036687134	
-0.9738311741683194	-0.8792188563545917	-0.6732671178317067	-0.902495249998896	-0.7182508288079883	0.08572472876466194	0.6290423650377098	0.35462985249197687	0.5075396338627738	0.9738311741683192	0.8090985752663433	0.5322690869984842	0.0	-0.2832294382045257	-0.5029819282375214	-0.9301208599204498	
-0.9983252079757148	-0.7082811317030563	-0.43627863710677905	-0.7435531732317439	-0.4917734364698594	0.3644013190656297	0.823458809268559	0.6049299767413191	0.730795523676753	0.9983252079757146	0.942414032340168	0.7502488552326346	0.2832294382045257	0.0	-0.2375915817580891	-0.788017416238529	
-0.955993313393632	-0.5202764638434993	-0.20999819456094332	-0.5633896527648475	-0.27081507241018166	0.5752220010947445	0.934682958403313	0.7767970022909346	0.8720484664222946	0.9559933133936318	0.9948902863879852	0.8858505780773417	0.5029819282375214	0.2375915817580891	0.0	-0.6191786923048345	
-0.5690339825678704	0.12023014423759648	0.44047099875026363	0.06915827081026027	0.38338327894666385	0.9581796676820712	0.9540670570734275	0.9999083847774617	0.9878143026609106	0.5690339825678703	0.8437512107237525	0.9828950036687134	0.9301208599204498	0.788017416238529	0.6191786923048345	0.0	
