0.0	-0.1972784649253258	-0.5591598473256322	-0.3411672733100053	-0.0233317235088929	0.42499577136627825	0.6025069362399105	0.6025069362399105	0.9960063107177626	0.5591598473256323	0.9911926231997368	0.6132454763478219	0.42499577136627825	0.28851468593547497	0.0	-0.3411672733100053	
0.1972784649253258	0.0	-0.38461529644282316	-0.14902021079259306	0.17435156479137942	0.5952190851739161	0.74811679943376	0.74811679943376	0.9940458753261934	0.3846152964428233	0.997838402265006	0.7570224233084331	0.5952190851739161	0.47173394004771274	0.1972784649253258	-0.14902021079259306	
0.5591598473256322	0.38461529644282316	0.0	0.24276361671622723	0.5396642362557239	0.8584958234760672	0.9457874255711457	0.9457874255711457	0.8756722508552763	0.0	0.8958064638689317	0.9500933212980602	0.8584958234760672	0.774577785233975	0.5591598473256322	0.24276361671622723	
0.3411672733100053	0.14902021079259306	-0.24276361671622723	0.0	0.31914251936464044	0.7083201551106479	0.8386483441077993	0.8386483441077993	0.9667089133543748	0.2427636167162273	0.976903755472883	0.8459377758483868	0.7083201551106479	0.5978638508954609	0.3411672733100053	0.0	
0.0233317235088929	-0.17435156479137942	-0.5396642362557239	-0.31914251936464044	0.0	0.44599984556463645	0.6209642876844392	0.6209642876844392	0.9978182991666531	0.539664236255724	0.9940125732779592	0.6315080884287059	0.44599984556463645	0.31077569891018886	0.0233317235088929	-0.31914251936464044	
-0.42499577136627825	-0.5952190851739161	-0.8584958234760672	-0.7083201551106479	-0.44599984556463645	0.0	0.2061915433477936	0.2061915433477936	0.86363542822397	0.8584958234760675	0.8409415848068735	0.21940601930190556	0.0	-0.1457608782558339	-0.42499577136627825	-0.7083201551106479	
-0.6025069362399105	-0.74811679943376	-0.9457874255711457	-0.8386483441077993	-0.6209642876844392	-0.2061915433477936	0.0	0.0	0.7411326858237584	0.9457874255711459	0.7112955503401712	0.01352393988414996	-0.2061915433477936	-0.34661810417436356	-0.6025069362399105	-0.8386483441077993	
-0.6025069362399105	-0.74811679943376	-0.9457874255711457	-0.8386483441077993	-0.6209642876844392	-0.2061915433477936	0.0	0.0	0.7411326858237584	0.9457874255711459	0.7112955503401712	0.01352393988414996	-0.2061915433477936	-0.34661810417436356	-0.6025069362399105	-0.8386483441077993	
-0.9960063107177626	-0.9940458753261934	-0.8756722508552763	-0.9667089133543748	-0.9978182991666531	-0.86363542822397	-0.7411326858237584	-0.7411326858237584	0.0	0.8756722508552766	-0.043402644025379744	-0.7319854942034052	-0.86363542822397	-0.9278921944743198	-0.9960063107177626	-0.9667089133543748	
-0.5591598473256323	-0.3846152964428233	-0.0	-0.2427636167162273	-0.539664236255724	-0.8584958234760675	-0.9457874255711459	-0.9457874255711459	-0.8756722508552766	0.0	-0.8958064638689319	-0.9500933212980605	-0.8584958234760675	-0.7745777852339752	-0.5591598473256323	-0.2427636167162273	
-0.9911926231997368	-0.997838402265006	-0.8958064638689317	-0.976903755472883	-0.9940125732779592	-0.8409415848068735	-0.7112955503401712	-0.7112955503401712	0.043402644025379744	0.8958064638689319	0.0	-0.7017246171159882	-0.8409415848068735	-0.9108351908172612	-0.9911926231997368	-0.976903755472883	
-0.6132454763478219	-0.7570224233084331	-0.9500933212980602	-0.8459377758483868	-0.6315080884287059	-0.21940601930190556	-0.01352393988414996	-0.01352393988414996	0.7319854942034052	0.9500933212980605	0.7017246171159882	0.0	-0.21940601930190556	-0.35927194635196563	-0.6132454763478219	-0.8459377758483868	
-0.42499577136627825	-0.5952190851739161	-0.8584958234760672	-0.7083201551106479	-0.44599984556463645	0.0	0.2061915433477936	0.2061915433477936	0.86363542822397	0.8584958234760675	0.8409415848068735	0.21940601930190556	0.0	-0.1457608782558339	-0.42499577136627825	-0.7083201551106479	
-0.28851468593547497	-0.47173394004771274	-0.774577785233975	-0.5978638508954609	-0.31077569891018886	0.1457608782558339	0.34661810417436356	0.34661810417436356	0.9278921944743198	0.7745777852339752	0.9108351908172612	0.35927194635196563	0.1457608782558339	0.0	-0.28851468593547497	-0.5978638508954609	
0.0	-0.1972784649253258	-0.5591598473256322	-0.3411672733100053	-0.0233317235088929	0.42499577136627825	0.6025069362399105	0.6025069362399105	0.9960063107177626	0.5591598473256323	0.9911926231997368	0.6132454763478219	0.42499577136627825	0.28851468593547497	0.0	-0.3411672733100053	
0.3411672733100053	0.14902021079259306	-0.24276361671622723	0.0	0.31914251936464044	0.7083201551106479	0.8386483441077993	0.8386483441077993	0.9667089133543748	0.2427636167162273	0.976903755472883	0.8459377758483868	0.7083201551106479	0.5978638508954609	0.3411672733100053	0.0	
