0.0	-0.4725467031366067	-0.09664307133991779	0.16333817167210785	0.25320120138340296	0.3627608419430701	0.5540950246438472	0.792367394714134	0.8643635830042363	0.4725467162690839	0.8172680929855259	0.47722736113491226	0.4388049910945098	0.3842779404661715	0.15367301487444407	-0.4725467031366067	
0.4725467031366067	0.0	0.3851626778172314	0.6101513174760745	0.6802957706224294	0.7600610683500899	0.8817001859154691	0.9865922159317935	0.5241401720587027	1.4901161193847656e-08	0.9925716180305002	0.8358476866785535	0.8113434203234254	0.7749296758164822	0.6023665712299424	0.0	
0.09664307133991779	-0.3851626778172314	0.0	0.25791877095955823	0.34550981809872117	0.45112276083249236	0.6319522185694892	0.8476149485590061	0.8117189385344377	0.3851626915687485	0.8691338531282843	0.559921493894891	0.5235927450529503	0.4717017451182074	0.24844880866623098	-0.3851626778172314	
-0.16333817167210785	-0.6101513174760745	-0.25791877095955823	0.0	0.09178516949325632	0.20567706796325858	0.41068218585558325	0.6820825093779228	0.9348927388806477	0.6101513292820396	0.712167428298115	0.32727996866153714	0.2861391089178354	0.22832049089317946	-0.009788793158918119	-0.6101513174760745	
-0.25320120138340296	-0.6802957706224294	-0.34550981809872117	-0.09178516949325632	0.0	0.1149860755130458	0.3252608777802449	0.6120831044504822	0.9635237438269468	0.6802957815440521	0.6447271750200885	0.23916814193107094	0.1969838117403772	0.13799595321565217	-0.10152824495925267	-0.6802957706224294	
-0.3627608419430701	-0.7600610683500899	-0.45112276083249236	-0.20567706796325858	-0.1149860755130458	0.0	0.21436982618187989	0.5170929857819091	0.9879056929828083	0.7600610780336341	0.5525539429316412	0.12593279563567872	0.082944114956227	0.023194660454682048	-0.21524672164791503	-0.7600610683500899	
-0.5540950246438472	-0.8817001859154691	-0.6319522185694892	-0.41068218585558325	-0.3252608777802449	-0.21436982618187989	0.0	0.3215865014483491	0.9981787348188124	0.8817001929459876	0.361036133026212	-0.08965799831177113	-0.1326152734409205	-0.19165670962339498	-0.4195877212330868	-0.8817001859154691	
-0.792367394714134	-0.9865922159317935	-0.8476149485590061	-0.6820825093779228	-0.6120831044504822	-0.5170929857819091	-0.3215865014483491	0.0	0.9257556919220691	0.986592218363734	0.04196188798123679	-0.40518673154427787	-0.4443168945219942	-0.49710088322686113	-0.6892081317522338	-0.9865922159317935	
-0.8643635830042363	-0.5241401720587027	-0.8117189385344377	-0.9348927388806477	-0.9635237438269468	-0.9879056929828083	-0.9981787348188124	-0.9257556919220691	0.0	0.5241401593683969	-0.9090735760555047	-0.9995673803068637	-0.99736254464763	-0.9912363840899199	-0.9313736069088331	-0.5241401720587027	
-0.4725467162690839	-1.4901161193847656e-08	-0.3851626915687485	-0.6101513292820396	-0.6802957815440521	-0.7600610780336341	-0.8817001929459876	-0.986592218363734	-0.5241401593683969	0.0	-0.9925716198434016	-0.835847694858716	-0.8113434290341942	-0.7749296852347233	-0.6023665831243412	-1.4901161193847656e-08	
-0.8172680929855259	-0.9925716180305002	-0.8691338531282843	-0.712167428298115	-0.6447271750200885	-0.5525539429316412	-0.361036133026212	-0.04196188798123679	0.9090735760555047	0.9925716198434016	0.0	-0.4431928305031385	-0.4815179290495747	-0.5330730688383849	-0.7190051346682492	-0.9925716180305002	
-0.47722736113491226	-0.8358476866785535	-0.559921493894891	-0.32727996866153714	-0.23916814193107094	-0.12593279563567872	0.08965799831177113	0.40518673154427787	0.9995673803068637	0.835847694858716	0.4431928305031385	0.0	-0.04321507823507015	-0.10288891310014964	-0.3365139872539912	-0.8358476866785535	
-0.4388049910945098	-0.8113434203234254	-0.5235927450529503	-0.2861391089178354	-0.1969838117403772	-0.082944114956227	0.1326152734409205	0.4443168945219942	0.99736254464763	0.8113434290341942	0.4815179290495747	0.04321507823507015	0.0	-0.05980706401138014	-0.2955049045896599	-0.8113434203234254	
-0.3842779404661715	-0.7749296758164822	-0.4717017451182074	-0.22832049089317946	-0.13799595321565217	-0.023194660454682048	0.19165670962339498	0.49710088322686113	0.9912363840899199	0.7749296852347233	0.5330730688383849	0.10288891310014964	0.05980706401138014	0.0	-0.2378397839906774	-0.7749296758164822	
-0.15367301487444407	-0.6023665712299424	-0.24844880866623098	0.009788793158918119	0.10152824495925267	0.21524672164791503	0.4195877212330868	0.6892081317522338	0.9313736069088331	0.6023665831243412	0.7190051346682492	0.3365139872539912	0.2955049045896599	0.2378397839906774	0.0	-0.6023665712299424	
0.4725467031366067	0.0	0.3851626778172314	0.6101513174760745	0.6802957706224294	0.7600610683500899	0.8817001859154691	0.9865922159317935	0.5241401720587027	1.4901161193847656e-08	0.9925716180305002	0.8358476866785535	0.8113434203234254	0.7749296758164822	0.6023665712299424	0.0	
