0.0	0.3122499353385233	0.8660254172269227	0.9996874533400766	0.9867085718724499	0.9270247378938424	0.6319611259145392	0.988685984300766	0.9614441811990926	0.9319837113214482	0.2712812981168118	2.980232238769532e-08	0.9921567497160436	0.7490619622360322	0.5464374185327419	0.9539391355172512	
-0.3122499353385233	0.0	0.6665991758845874	0.9418968479147247	0.8866325709167688	0.9977672723026603	0.842356789412181	0.9860891893221612	0.9992407422379647	0.9985751646305213	0.5582578264405478	0.31224996365072905	0.903517678755574	0.504743290508802	0.2576062394828289	0.9999172136688542	
-0.8660254172269227	-0.6665991758845874	0.0	0.4781931435775523	0.3526252813707351	0.7882720350919223	0.9871503222081177	0.6242468522878244	0.7188791940567383	0.7799261812907361	0.9691902000802952	0.8660254321280827	0.3878252300544543	-0.19921082734642787	-0.452077537454132	0.7367773521896166	
-0.9996874533400766	-0.9418968479147247	-0.4781931435775523	0.0	-0.13778141136301095	0.3980585128973206	0.7905568365931587	0.17467026275013786	0.2989502273649423	0.38568636744802215	0.9689812902572909	0.9996874540851314	-0.10015703554288063	-0.6435663989036229	-0.8235772933203187	0.3237548405821999	
-0.9867085718724499	-0.8866325709167688	-0.3526252813707351	0.13778141136301095	0.0	0.5206572532234852	0.8673928037975686	0.30866766886749225	0.4275795266894903	0.5091292025602466	0.9937902710416978	0.9867085767153215	0.037886793156376386	-0.5319719340632267	-0.7375723819561001	0.45102772404231484	
-0.9270247378938424	-0.9977672723026603	-0.7882720350919223	-0.3980585128973206	-0.5206572532234852	0.0	0.48145871655625094	-0.23170363628700505	-0.10560979282360478	-0.013447449435816106	0.7905308743038996	0.9270247267179655	-0.4879369930528023	-0.8950522085947923	-0.9812972918791514	-0.0796197323273789	
-0.6319611259145392	-0.842356789412181	-0.9871503222081177	-0.7905568365931587	-0.8673928037975686	-0.48145871655625094	0.0	-0.6714375037705922	-0.5713299154284793	-0.4932014520227941	0.398019622018454	0.6319611028177363	-0.8479166679324628	-0.9991972971072962	-0.9527564514023399	-0.5497144431154288	
-0.988685984300766	-0.9860891893221612	-0.6242468522878244	-0.17467026275013786	-0.30866766886749225	0.23170363628700505	0.6714375037705922	0.0	0.12767209553663453	0.2186011891678984	0.9109181495308933	0.9886859798304146	-0.27240927804256826	-0.7673637653046217	-0.9099901087348296	0.15351505440221364	
-0.9614441811990926	-0.9992407422379647	-0.7188791940567383	-0.2989502273649423	-0.4275795266894903	0.10560979282360478	0.5713299154284793	-0.12767209553663453	0.0	0.09222799690312977	0.8507877283195737	0.9614441730034485	-0.39302372319008044	-0.8429488742171568	-0.9554798189676367	0.026100043639060377	
-0.9319837113214482	-0.9985751646305213	-0.7799261812907361	-0.38568636744802215	-0.5091292025602466	0.013447449435816106	0.4932014520227941	-0.2186011891678984	-0.09222799690312977	0.0	0.798694910094226	0.9319837005181011	-0.47615487905428006	-0.8889742340678968	-0.9786199497769486	-0.06620777507903453	
-0.2712812981168118	-0.5582578264405478	-0.9691902000802952	-0.9689812902572909	-0.9937902710416978	-0.7905308743038996	-0.398019622018454	-0.9109181495308933	-0.8507877283195737	-0.798694910094226	0.0	0.2712812694320731	-0.988861123336163	-0.9006960643155733	-0.7531441447730756	-0.8367820743781207	
-2.980232238769532e-08	-0.31224996365072905	-0.8660254321280827	-0.9996874540851314	-0.9867085767153215	-0.9270247267179655	-0.6319611028177363	-0.9886859798304146	-0.9614441730034485	-0.9319837005181011	-0.2712812694320731	0.0	-0.9921567534413314	-0.7490619819800687	-0.5464374434921847	-0.9539391265765476	
-0.9921567497160436	-0.903517678755574	-0.3878252300544543	0.10015703554288063	-0.037886793156376386	0.4879369930528023	0.8479166679324628	0.27240927804256826	0.39302372319008044	0.47615487905428006	0.988861123336163	0.9921567534413314	0.0	-0.5636710945050659	-0.7626265749194403	0.41688956367930236	
-0.7490619622360322	-0.504743290508802	0.19921082734642787	0.6435663989036229	0.5319719340632267	0.8950522085947923	0.9991972971072962	0.7673637653046217	0.8429488742171568	0.8889742340678968	0.9006960643155733	0.7490619819800687	0.5636710945050659	0.0	-0.26532458803003406	0.856703370164879	
-0.5464374185327419	-0.2576062394828289	0.452077537454132	0.8235772933203187	0.7375723819561001	0.9812972918791514	0.9527564514023399	0.9099901087348296	0.9554798189676367	0.9786199497769486	0.7531441447730756	0.5464374434921847	0.7626265749194403	0.26532458803003406	0.0	0.9628553077572681	
-0.9539391355172512	-0.9999172136688542	-0.7367773521896166	-0.3237548405821999	-0.45102772404231484	0.0796197323273789	0.5497144431154288	-0.15351505440221364	-0.026100043639060377	0.06620777507903453	0.8367820743781207	0.9539391265765476	-0.41688956367930236	-0.856703370164879	-0.9628553077572681	0.0	
