0.0	0.4023339169410334	0.8261977201460525	0.9774282593850767	0.985613634298815	0.9951279828883093	0.9830945584807327	0.9305372979476219	0.0	0.6147367230270927	0.9095963253545313	0.9997768036064336	0.7368499259166765	0.8164155798350794	0.7734946801374053	0.8890827752276196	
-0.4023339169410334	0.0	0.5297112329396013	0.809828602091538	0.8343222731382464	0.9506994274849352	0.9736829471089969	0.9992339007072717	0.4023339169410335	0.8801209485102448	0.9998960324703958	0.9237886982463398	0.40258054482279826	0.5150890654026604	0.4531285993053796	0.6297821254893778	
-0.8261977201460525	-0.5297112329396013	0.0	0.3761149880644892	0.4156362152582162	0.6420916007973745	0.7051317038704444	0.8267975859306649	0.8261977201460527	0.997979431306214	0.8557280828991211	0.5807094635754521	-0.14342950472525695	-0.01714767656218147	-0.08787478141921218	0.12270261376971997	
-0.9774282593850767	-0.809828602091538	-0.3761149880644892	0.0	0.043029073126052975	0.3066044847977785	0.38666174940013626	0.5545238015034364	0.9774282593850769	0.90080326422111	0.5982829381729752	0.23187040458250546	-0.5051240666287089	-0.39194826108060454	-0.4560823975254237	-0.25957994069050444	
-0.985613634298815	-0.8343222731382464	-0.4156362152582162	-0.043029073126052975	0.0	0.2653638497945108	0.34662129027971755	0.5182028010769236	0.9856136342988152	0.8812845539893879	0.5632502733030512	0.18979926268092456	-0.5417923324214861	-0.4311714457814688	-0.4939531713792872	-0.3008936294418669	
-0.9951279828883093	-0.9506994274849352	-0.6420916007973745	-0.3066044847977785	-0.2653638497945108	0.0	0.08528168213857416	0.27266987696774325	0.9951279828883095	0.7242817999747002	0.3237902912182951	-0.0775456644015185	-0.745409781685564	-0.6551430803574261	-0.7069749493557982	-0.5431723749760022	
-0.9830945584807327	-0.9736829471089969	-0.7051317038704444	-0.38666174940013626	-0.34662129027971755	-0.08528168213857416	0.0	0.18962634906441175	0.9830945584807329	0.6628410876711184	0.24192322277336467	-0.16228803838160738	-0.7995434909486898	-0.7171870388235974	-0.7647138521142807	-0.6127978423618009	
-0.9305372979476219	-0.9992339007072717	-0.8267975859306649	-0.5545238015034364	-0.5182028010769236	-0.27266987696774325	-0.18962634906441175	0.0	0.9305372979476221	0.5088300712799652	0.053540273696830065	-0.34645609105839803	-0.8989279752343216	-0.8363215805242512	-0.873028668972703	-0.7515297106757727	
-0.0	-0.4023339169410335	-0.8261977201460527	-0.9774282593850769	-0.9856136342988152	-0.9951279828883095	-0.9830945584807329	-0.9305372979476221	0.0	-0.6147367230270928	-0.9095963253545315	-0.9997768036064338	-0.7368499259166766	-0.8164155798350796	-0.7734946801374055	-0.8890827752276198	
-0.6147367230270927	-0.8801209485102448	-0.997979431306214	-0.90080326422111	-0.8812845539893879	-0.7242817999747002	-0.6628410876711184	-0.5088300712799652	0.6147367230270928	0.0	-0.46200919792467776	-0.7755688954380375	-0.996774057424139	-0.9989222221828624	-0.9997021488055778	-0.9826419268823887	
-0.9095963253545313	-0.9998960324703958	-0.8557280828991211	-0.5982829381729752	-0.5632502733030512	-0.3237902912182951	-0.24192322277336467	-0.053540273696830065	0.9095963253545315	0.46200919792467776	0.0	-0.3961834865054441	-0.9210944382659672	-0.8644749133952057	-0.8978864017026822	-0.7857722629312793	
-0.9997768036064336	-0.9237886982463398	-0.5807094635754521	-0.23187040458250546	-0.18979926268092456	0.0775456644015185	0.16228803838160738	0.34645609105839803	0.9997768036064338	0.7755688954380375	0.3961834865054441	0.0	-0.6914727589550412	-0.5945841905693529	-0.6500028210814209	-0.4764277906966099	
-0.7368499259166765	-0.40258054482279826	0.14342950472525695	0.5051240666287089	0.5417923324214861	0.745409781685564	0.7995434909486898	0.8989279752343216	0.7368499259166766	0.996774057424139	0.9210944382659672	0.6914727589550412	0.0	0.12643803718409646	0.0559084485162617	0.2637796119046775	
-0.8164155798350794	-0.5150890654026604	0.01714767656218147	0.39194826108060454	0.4311714457814688	0.6551430803574261	0.7171870388235974	0.8363215805242512	0.8164155798350796	0.9989222221828624	0.8644749133952057	0.5945841905693529	-0.12643803718409646	0.0	-0.07078051972516342	0.13970267239940065	
-0.7734946801374053	-0.4531285993053796	0.08787478141921218	0.4560823975254237	0.4939531713792872	0.7069749493557982	0.7647138521142807	0.873028668972703	0.7734946801374055	0.9997021488055778	0.8978864017026822	0.6500028210814209	-0.0559084485162617	0.07078051972516342	0.0	0.20943869646113	
-0.8890827752276196	-0.6297821254893778	-0.12270261376971997	0.25957994069050444	0.3008936294418669	0.5431723749760022	0.6127978423618009	0.7515297106757727	0.8890827752276198	0.9826419268823887	0.7857722629312793	0.4764277906966099	-0.2637796119046775	-0.13970267239940065	-0.20943869646113	0.0	
