0.0	0.3680030196401898	0.8255509930230767	0.9977360574380862	0.993476711581004	0.9986139969810145	0.958935057009468	0.642743145169533	2.1073424255447017e-08	0.7400839584971177	0.9448562602382452	0.983430297449587	0.8693754540594794	0.8759201005129069	0.8153648954517477	0.8111808589318034	
-0.3680030196401898	0.0	0.5599433837064676	0.9029707829739885	0.8817937883923861	0.9091672686088667	0.9960165272542402	0.8795587823586929	0.3680030392347779	0.9356356287382654	0.9990661833125534	0.8477036428538847	0.626517206373216	0.6369067171226641	0.5450919438022916	0.5390494549838996	
-0.8255509930230767	-0.5599433837064676	0.0	0.5075304074672631	0.4665043952642735	0.5200953001012716	0.7753009549879768	0.9951572000580029	0.8255510049153898	0.9728447522385337	0.8035642439688198	0.40531541262830106	0.08266472497911659	0.096013635650391	-0.017817742436656903	-0.02500670268054833	
-0.9977360574380862	-0.9029707829739885	-0.5075304074672631	0.0	-0.04696425109665518	0.014645812950401842	0.34747340910897573	0.8075728048136176	0.9977360588553047	0.720763683419307	0.39028690007274836	-0.11473909978440375	-0.4345666163361378	-0.42245702830644505	-0.5228022076914403	-0.5289183157618874	
-0.993476711581004	-0.8817937883923861	-0.4665043952642735	0.04696425109665518	0.0	0.061588866246882853	0.39112789774105194	0.8343797126932403	0.9934767139841156	0.7525230919465709	0.4330959169933658	-0.06795841005505705	-0.3917892341613094	-0.3794232802381867	-0.48219046794251136	-0.48847741229864583	
-0.9986139969810145	-0.9091672686088667	-0.5200953001012716	-0.014645812950401842	-0.061588866246882853	0.0	0.33370291066086955	0.7988485578394054	0.9986139980901423	0.7105341801264536	0.3767607378686303	-0.1292758803997775	-0.4477106070765523	-0.435686432599841	-0.5352310162765627	-0.5412910884418143	
-0.958935057009468	-0.9960165272542402	-0.7753009549879768	-0.34747340910897573	-0.39112789774105194	-0.33370291066086955	0.0	0.5523241519453215	0.9589350510325024	0.4349908620909192	0.046051623138036235	-0.4527682646137773	-0.7204370439153162	-0.7110776368823508	-0.7864314202920949	-0.7908525384574695	
-0.642743145169533	-0.8795587823586929	-0.9951572000580029	-0.8075728048136176	-0.8343797126932403	-0.7988485578394054	-0.5523241519453215	0.0	0.6427431290255672	-0.13471073873113965	-0.5133481813519232	-0.8699087569793087	-0.9836255594094303	-0.981121814871603	-0.9967506370304897	-0.9973040623832425	
-2.1073424255447017e-08	-0.3680030392347779	-0.8255510049153898	-0.9977360588553047	-0.9934767139841156	-0.9986139980901423	-0.9589350510325024	-0.6427431290255672	0.0	-0.7400839443249345	-0.9448562533370075	-0.9834303012699173	-0.8693754644729564	-0.8759201106799107	-0.8153649076521516	-0.8111808712554439	
-0.7400839584971177	-0.9356356287382654	-0.9728447522385337	-0.720763683419307	-0.7525230919465709	-0.7105341801264536	-0.4349908620909192	0.13471073873113965	0.7400839443249345	0.0	-0.3930628762507526	-0.7955384641273237	-0.9503816456486354	-0.9461270451170734	-0.9768143844158819	-0.9783285442845508	
-0.9448562602382452	-0.9990661833125534	-0.8035642439688198	-0.39028690007274836	-0.4330959169933658	-0.3767607378686303	-0.046051623138036235	0.5133481813519232	0.9448562533370075	0.3930628762507526	0.0	-0.4933488323740969	-0.7516104417690634	-0.7427027449727768	-0.8140421208822917	-0.8181973965432123	
-0.983430297449587	-0.8477036428538847	-0.40531541262830106	0.11473909978440375	0.06795841005505705	0.1292758803997775	0.4527682646137773	0.8699087569793087	0.9834303012699173	0.7955384641273237	0.4933488323740969	0.0	-0.3283580034512249	-0.31566941461440035	-0.4215396380454607	-0.4280492139140467	
-0.8693754540594794	-0.626517206373216	-0.08266472497911659	0.4345666163361378	0.3917892341613094	0.4477106070765523	0.7204370439153162	0.9836255594094303	0.8693754644729564	0.9503816456486354	0.7516104417690634	0.3283580034512249	0.0	0.013402205279124613	-0.10040836176307683	-0.10755998946133066	
-0.8759201005129069	-0.6369067171226641	-0.096013635650391	0.42245702830644505	0.3794232802381867	0.435686432599841	0.7110776368823508	0.981121814871603	0.8759201106799107	0.9461270451170734	0.7427027449727768	0.31566941461440035	-0.013402205279124613	0.0	-0.113733818423774	-0.12087478278728486	
-0.8153648954517477	-0.5450919438022916	0.017817742436656903	0.5228022076914403	0.48219046794251136	0.5352310162765627	0.7864314202920949	0.9967506370304897	0.8153649076521516	0.9768143844158819	0.8140421208822917	0.4215396380454607	0.10040836176307683	0.113733818423774	0.0	-0.007190562367307751	
-0.8111808589318034	-0.5390494549838996	0.02500670268054833	0.5289183157618874	0.48847741229864583	0.5412910884418143	0.7908525384574695	0.9973040623832425	0.8111808712554439	0.9783285442845508	0.8181973965432123	0.4280492139140467	0.10755998946133066	0.12087478278728486	0.007190562367307751	0.0	
