0.0	-0.5116453749249613	-0.7870777451210688	-0.1151398278125435	0.8368918469347434	-0.26576923272135267	-0.9309977599753938	-0.8368918584696668	-0.9891434391542187	-0.9998186410175254	-0.9422589071572827	-0.48882460595816096	-0.6241909311949819	-0.9400297875509798	-0.9466265672728202	-0.024952148415447906	
0.5116453749249613	0.0	-0.3606442210590307	0.40931480915744534	0.9991131831745159	0.26489685307362537	-0.9866735224284149	-0.9991131840618158	-0.7746808532509105	-0.8492969766950019	-0.6382432605721498	0.02635375966699171	-0.13656868180926007	-0.6331521850428	-0.6484185906355237	0.4900472682636883	
0.7870777451210688	0.3606442210590307	0.0	0.7108186810131281	0.9470613179223276	0.5948310502518273	-0.8615924834935595	-0.9470613111566464	-0.4944932690398588	-0.6017525994646854	-0.31765524468194606	0.3850992047242181	0.22988712065966896	-0.311394750009657	-0.33022958772739613	0.7714408580252479	
0.1151398278125435	-0.40931480915744534	-0.7108186810131281	0.0	0.8943498151558261	-0.15300266269730362	-0.9668348707393104	-0.8943498245834077	-0.9656447654827194	-0.9909763847134994	-0.8974335865972052	-0.38512765404721383	-0.5300841162255462	-0.8945046102016057	-0.9032175413891792	0.09031777962994075	
-0.8368918469347434	-0.9991131831745159	-0.9470613179223276	-0.8943498151558261	0.0	-0.9522680836927805	-0.2041122897005584	-2.1073424255447027e-08	-0.6644097195196547	-0.5632070252645728	-0.7960254014419791	-0.9976565404292622	-0.995502347493691	-0.799999905887387	-0.7879106716460585	-0.8502892924942973	
0.26576923272135267	-0.26489685307362537	-0.5948310502518273	0.15300266269730362	0.9522680836927805	0.0	-0.9945283721424797	-0.9522680901257164	-0.9145149026538486	-0.958800453479392	-0.8193699415339707	-0.23939253111633452	-0.3941049348847006	-0.8155713378501572	-0.8269167098089636	0.24163169834006382	
0.9309977599753938	0.9866735224284149	0.8615924834935595	0.9668348707393104	0.2041122897005584	0.9945283721424797	0.0	-0.20411226907078264	0.4978751195829432	0.38268888386638517	0.6557254018011336	0.9906189166698801	0.9552075555739936	0.6606904943131053	0.6456329526984691	0.9398160459777514	
0.8368918584696668	0.9991131840618158	0.9470613111566464	0.8943498245834077	2.1073424255447027e-08	0.9522680901257164	0.20411226907078264	0.0	0.66440970377004	0.5632070078512684	0.79602538868701	0.9976565418711254	0.9955023454972599	0.7999998932433292	0.7879106586692635	0.8502893035855689	
0.9891434391542187	0.7746808532509105	0.4944932690398588	0.9656447654827194	0.6644097195196547	0.9145149026538486	-0.4978751195829432	-0.66440970377004	0.0	-0.1280890587183824	0.19278157339935303	0.7910766541468719	0.6810630265447927	0.1992488412408165	0.1797230789110948	0.985168666827728	
0.9998186410175254	0.8492969766950019	0.6017525994646854	0.9909763847134994	0.5632070252645728	0.958800453479392	-0.38268888386638517	-0.5632070078512684	0.1280890587183824	0.0	0.31687989305591563	0.862914553297971	0.7692428705135269	0.32312829836050033	0.3042460562984586	0.9990321481475377	
0.9422589071572827	0.6382432605721498	0.31765524468194606	0.8974335865972052	0.7960254014419791	0.8193699415339707	-0.6557254018011336	-0.79602538868701	-0.19278157339935303	-0.31687989305591563	0.0	0.6583096254653664	0.527127990381038	0.006595174830424322	-0.01329077928880934	0.9336094244623381	
0.48882460595816096	-0.02635375966699171	-0.3850992047242181	0.38512765404721383	0.9976565404292622	0.23939253111633452	-0.9906189166698801	-0.9976565418711254	-0.7910766541468719	-0.862914553297971	-0.6583096254653664	0.0	-0.1626280895647082	-0.6533308085019869	-0.6682560770959736	0.4669046014974545	
0.6241909311949819	0.13656868180926007	-0.22988712065966896	0.5300841162255462	0.995502347493691	0.3941049348847006	-0.9552075555739936	-0.9955023454972599	-0.6810630265447927	-0.7692428705135269	-0.527127990381038	0.1626280895647082	0.0	-0.5215120395876935	-0.5383757479978206	0.6045021764729848	
0.9400297875509798	0.6331521850428	0.311394750009657	0.8945046102016057	0.799999905887387	0.8155713378501572	-0.6606904943131053	-0.7999998932433292	-0.1992488412408165	-0.32312829836050033	-0.006595174830424322	0.6533308085019869	0.5215120395876935	0.0	-0.019885082538580345	0.9312261189431916	
0.9466265672728202	0.6484185906355237	0.33022958772739613	0.9032175413891792	0.7879106716460585	0.8269167098089636	-0.6456329526984691	-0.7879106586692635	-0.1797230789110948	-0.3042460562984586	0.01329077928880934	0.6682560770959736	0.5383757479978206	0.019885082538580345	0.0	0.938288947373284	
0.024952148415447906	-0.4900472682636883	-0.7714408580252479	-0.09031777962994075	0.8502892924942973	-0.24163169834006382	-0.9398160459777514	-0.8502893035855689	-0.985168666827728	-0.9990321481475377	-0.9336094244623381	-0.4669046014974545	-0.6045021764729848	-0.9312261189431916	-0.938288947373284	0.0	
