0.0	0.9290862979450918	0.8977928115425771	0.171062432355889	0.5989324231361417	0.8461574667078973	0.7085146241017166	0.7294005633656395	0.3825554518116921	-0.38445702088022543	0.33136895127028154	0.5989324231361417	-0.6589226920422696	-0.9290862979450918	-0.3494735573788762	-0.9290862979450918	
-0.9290862979450918	0.0	-0.7412467423446821	-0.9786614107349128	-0.965534861283525	-0.8081030653900677	-0.9177059606921031	-0.9053540114159566	-0.9999061703984107	-0.715482978570251	-0.9991552079781966	-0.965534861283525	-0.4551574883513147	-0.0	-0.7412465574997243	-0.0	
-0.8977928115425771	0.7412467423446821	0.0	-0.8092205325096664	-0.45517144226017725	-0.10580035202572263	-0.3215262761498985	-0.2929270752278493	-0.6610156569281798	-0.9981128677621034	-0.7011277737446313	-0.45517144226017725	-0.9655307823169734	-0.7412467423446821	-0.9950980537453501	-0.7412467423446821	
-0.171062432355889	0.9786614107349128	0.8092205325096664	0.0	0.4531175512940461	0.7425204586895395	0.5773531575189744	0.6016277779949741	0.21886651107448152	-0.5367052663976714	0.1650870166585779	0.4531175512940461	-0.7778852836600756	-0.9786614107349128	-0.5045986845540567	-0.9786614107349128	
-0.5989324231361417	0.965534861283525	0.45517144226017725	-0.4531175512940461	0.0	0.35841170608210926	0.14471391390979657	0.17438186342250597	-0.24702290944861735	-0.8607732265147169	-0.29973337893474816	0.0	-0.9781883657895936	-0.965534861283525	-0.8410257489524249	-0.965534861283525	
-0.8461574667078973	0.8081030653900677	0.10580035202572263	-0.7425204586895395	-0.35841170608210926	0.0	-0.21953925240616656	-0.19012359348235947	-0.5779160019761005	-0.9860140696615978	-0.6217531951680617	-0.35841170608210926	-0.9876502932186624	-0.8081030653900677	-0.9790500239885316	-0.8081030653900677	
-0.7085146241017166	0.9177059606921031	0.3215262761498985	-0.5773531575189744	-0.14471391390979657	0.21953925240616656	0.0	0.03004961726076133	-0.3846518098742717	-0.9253700707955113	-0.43463865060119666	-0.14471391390979657	-0.9979514507312073	-0.9177059606921031	-0.9104622408439276	-0.9177059606921031	
-0.7294005633656395	0.9053540114159566	0.2929270752278493	-0.6016277779949741	-0.17438186342250597	0.19012359348235947	-0.03004961726076133	0.0	-0.4122157564498435	-0.9363429378333378	-0.46150520489443453	-0.17438186342250597	-0.9994232321913813	-0.9053540114159566	-0.922479370953506	-0.9053540114159566	
-0.3825554518116921	0.9999061703984107	0.6610156569281798	-0.21886651107448152	0.24702290944861735	0.5779160019761005	0.3846518098742717	0.4122157564498435	0.0	-0.7083656954335372	-0.054778994240971234	0.24702290944861735	-0.8965624033339666	-0.9999061703984107	-0.6813238765036659	-0.9999061703984107	
0.38445702088022543	0.715482978570251	0.9981128677621034	0.5367052663976714	0.8607732265147169	0.9860140696615978	0.9253700707955113	0.9363429378333378	0.7083656954335372	0.0	0.6686365736862201	0.8607732265147169	-0.3190871278618076	-0.715482978570251	0.03760152479522566	-0.715482978570251	
-0.33136895127028154	0.9991552079781966	0.7011277737446313	-0.1650870166585779	0.29973337893474816	0.6217531951680617	0.43463865060119666	0.46150520489443453	0.054778994240971234	-0.6686365736862201	0.0	0.29973337893474816	-0.8709536463690912	-0.9991552079781966	-0.6402036286755289	-0.9991552079781966	
-0.5989324231361417	0.965534861283525	0.45517144226017725	-0.4531175512940461	0.0	0.35841170608210926	0.14471391390979657	0.17438186342250597	-0.24702290944861735	-0.8607732265147169	-0.29973337893474816	0.0	-0.9781883657895936	-0.965534861283525	-0.8410257489524249	-0.965534861283525	
0.6589226920422696	0.4551574883513147	0.9655307823169734	0.7778852836600756	0.9781883657895936	0.9876502932186624	0.9979514507312073	0.9994232321913813	0.8965624033339666	0.3190871278618076	0.8709536463690912	0.9781883657895936	0.0	-0.4551574883513147	0.3544973930209439	-0.4551574883513147	
0.9290862979450918	0.0	0.7412467423446821	0.9786614107349128	0.965534861283525	0.8081030653900677	0.9177059606921031	0.9053540114159566	0.9999061703984107	0.715482978570251	0.9991552079781966	0.965534861283525	0.4551574883513147	0.0	0.7412465574997243	0.0	
0.3494735573788762	0.7412465574997243	0.9950980537453501	0.5045986845540567	0.8410257489524249	0.9790500239885316	0.9104622408439276	0.922479370953506	0.6813238765036659	-0.03760152479522566	0.6402036286755289	0.8410257489524249	-0.3544973930209439	-0.7412465574997243	0.0	-0.7412465574997243	
0.9290862979450918	0.0	0.7412467423446821	0.9786614107349128	0.965534861283525	0.8081030653900677	0.9177059606921031	0.9053540114159566	0.9999061703984107	0.715482978570251	0.9991552079781966	0.965534861283525	0.4551574883513147	0.0	0.7412465574997243	0.0	
