0.0	-0.922905430702145	0.045914535099864096	0.8332624127342576	0.922905430702145	0.969196203936529	0.8403386013018429	0.8711741082889062	0.573528048720329	0.3502095986313437	0.6134043577896702	0.4193041134164825	0.3148514952291018	0.754654515967597	0.9744452333889952	0.8970594706458841	
0.922905430702145	0.0	0.9396104307414336	0.8310821159415946	0.0	0.14586413127342976	0.8238246185509565	0.7885480621466795	0.976854754216889	0.9992991340352344	0.9650591717065334	0.9992991340352344	0.9971935686070497	0.8961010405147061	0.5824952710883531	0.7532328456153153	
-0.045914535099864096	-0.9396104307414336	0.0	0.8069985079619504	0.9396104307414336	0.9794823486853476	0.8145638391155056	0.8477124908318534	0.5353106489194414	0.3068334276020191	0.5764955670743811	0.3771785839304872	0.2709400786106485	0.7237330824062647	0.9631039934746518	0.8758233214327622	
-0.8332624127342576	-0.8310821159415946	-0.8069985079619504	0.0	0.8310821159415946	0.7410710905162925	0.012924719214851	0.07254238432433457	-0.3655059704770746	-0.5868699600172382	-0.31894724254025564	-0.5246499170558446	-0.6168091043143265	-0.12949045391011627	0.3515772912874641	0.12773731823425272	
-0.922905430702145	-0.0	-0.9396104307414336	-0.8310821159415946	0.0	-0.14586413127342976	-0.8238246185509565	-0.7885480621466795	-0.976854754216889	-0.9992991340352344	-0.9650591717065334	-0.9992991340352344	-0.9971935686070497	-0.8961010405147061	-0.5824952710883531	-0.7532328456153153	
-0.969196203936529	-0.14586413127342976	-0.9794823486853476	-0.7410710905162925	0.14586413127342976	0.0	-0.7323311906837745	-0.6904117288331835	-0.9352060571798494	-0.9940714161125372	-0.916516431570079	-0.9831511083110913	-0.9974485476283158	-0.8217750987229941	-0.4577019313740713	-0.6492340323628306	
-0.8403386013018429	-0.8238246185509565	-0.8145638391155056	-0.012924719214851	0.8238246185509565	0.7323311906837745	0.0	0.05964565817656797	-0.377505885519942	-0.5972858423344417	-0.33117029468478076	-0.5356091413494617	-0.6269307953610502	-0.1422955395945386	0.33944833446891765	0.11490780827100061	
-0.8711741082889062	-0.7885480621466795	-0.8477124908318534	-0.07254238432433457	0.7885480621466795	0.6904117288331835	-0.05964565817656797	0.0	-0.4320660869056995	-0.6440599566186163	-0.3868605967985955	-0.5850242808860174	-0.6722830539893407	-0.20108091531055666	0.282739805621835	0.055452652994321006	
-0.573528048720329	-0.976854754216889	-0.5353106489194414	0.3655059704770746	0.976854754216889	0.9352060571798494	0.377505885519942	0.4320660869056995	0.0	-0.25032052402158317	0.049537534393864546	-0.17718702300098388	-0.28643704199648945	0.24189777529176448	0.6694229573163002	0.48141080305474515	
-0.3502095986313437	-0.9992991340352344	-0.3068334276020191	0.5868699600172382	0.9992991340352344	0.9940714161125372	0.5972858423344417	0.6440599566186163	0.25032052402158317	0.0	0.29797360512289295	0.07481382869189936	-0.03748589155139278	0.4770829208746043	0.8340690358840335	0.6854888470797498	
-0.6134043577896702	-0.9650591717065334	-0.5764955670743811	0.31894724254025564	0.9650591717065334	0.916516431570079	0.33117029468478076	0.3868605967985955	-0.049537534393864546	-0.29797360512289295	0.0	-0.22572319572040347	-0.3335472380012302	0.19353443255482464	0.6318005645352814	0.4374003514912156	
-0.4193041134164825	-0.9992991340352344	-0.3771785839304872	0.5246499170558446	0.9992991340352344	0.9831511083110913	0.5356091413494617	0.5850242808860174	0.17718702300098388	-0.07481382869189936	0.22572319572040347	0.0	-0.1121420843504162	0.40999515160477107	0.7904597702089279	0.6290970909402022	
-0.3148514952291018	-0.9971935686070497	-0.2709400786106485	0.6168091043143265	0.9971935686070497	0.9974485476283158	0.6269307953610502	0.6722830539893407	0.28643704199648945	0.03748589155139278	0.3335472380012302	0.1121420843504162	0.0	0.5096923928629035	0.8541622861938376	0.712299901180914	
-0.754654515967597	-0.8961010405147061	-0.7237330824062647	0.12949045391011627	0.8961010405147061	0.8217750987229941	0.1422955395945386	0.20108091531055666	-0.24189777529176448	-0.4770829208746043	-0.19353443255482464	-0.40999515160477107	-0.5096923928629035	0.0	0.4698408810727036	0.2550915280144308	
-0.9744452333889952	-0.5824952710883531	-0.9631039934746518	-0.3515772912874641	0.5824952710883531	0.4577019313740713	-0.33944833446891765	-0.282739805621835	-0.6694229573163002	-0.8340690358840335	-0.6318005645352814	-0.7904597702089279	-0.8541622861938376	-0.4698408810727036	0.0	-0.2291147602682892	
-0.8970594706458841	-0.7532328456153153	-0.8758233214327622	-0.12773731823425272	0.7532328456153153	0.6492340323628306	-0.11490780827100061	-0.055452652994321006	-0.48141080305474515	-0.6854888470797498	-0.4374003514912156	-0.6290970909402022	-0.712299901180914	-0.2550915280144308	0.2291147602682892	0.0	
