0.0	0.6604103581225592	0.4481947447427414	-0.2631400783213629	0.9864545020096466	0.9931015926320553	0.9681510274378275	0.9999832329475848	0.9863327909374182	0.2631400783213629	0.4765324744920735	0.9864545020096466	0.9916545207666578	0.4765324744920735	0.8400069155746305	0.9990937764436876	
-0.6604103581225592	0.0	-0.25381292946676104	-0.834729109358416	0.6324030306241166	0.8231626467015202	0.5616444453741946	0.7547166333847828	0.8494548729464615	0.834729109358416	0.9384348698141729	0.6324030306241166	0.659495708283477	0.9384348698141729	0.9890879105750539	0.7783335828679188	
-0.4481947447427414	0.25381292946676104	0.0	-0.6676296772366267	0.8083074640794624	0.9403232235327084	0.7532518700722701	0.8965163785562349	0.9555653046413248	0.6676296772366267	0.8200229957181069	0.8083074640794624	0.8286927102773046	0.8200229957181069	0.9940919483592016	0.912202439437773	
0.2631400783213629	0.834729109358416	0.6676296772366267	0.0	0.9948537251047874	0.9272473047466632	0.9999126654984124	0.9632176593970514	0.9082157221423932	0.0	0.22839693686745446	0.9948537251047874	0.9906312560577243	0.22839693686745446	0.6676296772366257	0.9526832680350003	
-0.9864545020096466	-0.6324030306241166	-0.8083074640794624	-0.9948537251047874	0.0	0.2785723142649442	-0.08816480763713876	0.16974475381233228	0.3243267384360944	0.9948537251047874	0.9454163058350473	0.0	0.03548882287970789	0.9454163058350473	0.6730168563361316	0.20587311072950082	
-0.9931015926320553	-0.8231626467015202	-0.9403232235327084	-0.9272473047466632	-0.2785723142649442	0.0	-0.3621623525687826	-0.11150423851510857	0.04797422706348453	0.9272473047466632	0.8172152726163533	-0.2785723142649442	-0.24431282718848651	0.8172152726163533	0.44033601199095274	-0.07488125521811018	
-0.9681510274378275	-0.5616444453741946	-0.7532518700722701	-0.9999126654984124	0.08816480763713876	0.3621623525687826	0.0	0.2559691163296139	0.4064628475057059	0.9999126654984124	0.9704645879225339	0.08816480763713876	0.12345989617496697	0.9704645879225339	0.7356051471122084	0.2913476229270609	
-0.9999832329475848	-0.7547166333847828	-0.8965163785562349	-0.9632176593970514	-0.16974475381233228	0.11150423851510857	-0.2559691163296139	0.0	0.1590509074045814	0.9632176593970514	0.8763826052421431	-0.16974475381233228	-0.13466401581323928	0.8763826052421431	0.5377022494821216	0.036776893057395676	
-0.9863327909374182	-0.8494548729464615	-0.9555653046413248	-0.9082157221423932	-0.3243267384360944	-0.04797422706348453	-0.4064628475057059	-0.1590509074045814	0.0	0.9082157221423932	0.7886252014018615	-0.3243267384360944	-0.29055195761560787	0.7886252014018615	0.39675615070793535	-0.12263457237463332	
-0.2631400783213629	-0.834729109358416	-0.6676296772366267	-0.0	-0.9948537251047874	-0.9272473047466632	-0.9999126654984124	-0.9632176593970514	-0.9082157221423932	0.0	-0.22839693686745446	-0.9948537251047874	-0.9906312560577243	-0.22839693686745446	-0.6676296772366257	-0.9526832680350003	
-0.4765324744920735	-0.9384348698141729	-0.8200229957181069	-0.22839693686745446	-0.9454163058350473	-0.8172152726163533	-0.9704645879225339	-0.8763826052421431	-0.7886252014018615	0.22839693686745446	0.0	-0.9454163058350473	-0.9332561970457277	0.0	-0.47994291283501755	-0.858077410257073	
-0.9864545020096466	-0.6324030306241166	-0.8083074640794624	-0.9948537251047874	0.0	0.2785723142649442	-0.08816480763713876	0.16974475381233228	0.3243267384360944	0.9948537251047874	0.9454163058350473	0.0	0.03548882287970789	0.9454163058350473	0.6730168563361316	0.20587311072950082	
-0.9916545207666578	-0.659495708283477	-0.8286927102773046	-0.9906312560577243	-0.03548882287970789	0.24431282718848651	-0.12345989617496697	0.13466401581323928	0.29055195761560787	0.9906312560577243	0.9332561970457277	-0.03548882287970789	0.0	0.9332561970457277	0.6463444083780931	0.17101481978448715	
-0.4765324744920735	-0.9384348698141729	-0.8200229957181069	-0.22839693686745446	-0.9454163058350473	-0.8172152726163533	-0.9704645879225339	-0.8763826052421431	-0.7886252014018615	0.22839693686745446	0.0	-0.9454163058350473	-0.9332561970457277	0.0	-0.47994291283501755	-0.858077410257073	
-0.8400069155746305	-0.9890879105750539	-0.9940919483592016	-0.6676296772366257	-0.6730168563361316	-0.44033601199095274	-0.7356051471122084	-0.5377022494821216	-0.39675615070793535	0.6676296772366257	0.47994291283501755	-0.6730168563361316	-0.6463444083780931	0.47994291283501755	0.0	-0.5063306162077791	
-0.9990937764436876	-0.7783335828679188	-0.912202439437773	-0.9526832680350003	-0.20587311072950082	0.07488125521811018	-0.2913476229270609	-0.036776893057395676	0.12263457237463332	0.9526832680350003	0.858077410257073	-0.20587311072950082	-0.17101481978448715	0.858077410257073	0.5063306162077791	0.0	
