0.0	0.004105060909437908	-0.7599341698402765	0.04042296225194575	0.6711159654344238	0.9792655880869369	0.9597782730598075	0.724902732024938	0.9885446127252144	0.7599341698402765	0.9593397982393854	0.9892340958128045	0.9992602517637679	0.7709408487744533	-0.03761511887129865	-0.25428685982855	
-0.004105060909437908	0.0	-0.7625960565611773	0.036320915985332214	0.668067014044987	0.9784257312047573	0.9586176529969992	0.7220688478483881	0.9879167109056426	0.7625960565611773	0.9604903836689631	0.9898265024657822	0.9990939634231988	0.7683198119818111	-0.04171695769582989	-0.25825484005378885	
0.7599341698402765	0.7625960565611773	0.0	0.7855879710064767	0.9996044175995782	0.7904706115924374	0.8372143458568027	0.9946684021336696	0.7572501100975303	0.0	0.4090766796292526	0.5317921204162726	0.6787440791761693	0.9851187878339994	0.7349465362557394	0.5696677819215684	
-0.04042296225194575	-0.036320915985332214	-0.7855879710064767	0.0	0.6405997746600796	0.9702762844352469	0.947644691909509	0.6964648309828101	0.981635638388547	0.7855879710064767	0.9699652202515953	0.9943411197437773	0.9968889641565613	0.7445650689708583	-0.07797872941808892	-0.29317323309453347	
-0.6711159654344238	-0.668067014044987	-0.9996044175995782	-0.6405997746600796	0.0	0.5900257917113977	0.5231120055504195	0.07510930622987341	0.6315690782292857	0.9996044175995782	0.9006338136590645	0.8315833331245533	0.7149947924169757	0.14410054992148108	-0.698527075477881	-0.8375717754566864	
-0.9792655880869369	-0.9784257312047573	-0.7904706115924374	-0.9702762844352469	-0.5900257917113977	0.0	-0.08050523674231047	-0.5277170678118462	0.05246045222855672	0.7904706115924374	0.47074498816739613	0.34370708352369134	0.1647710386849146	-0.4675231868387908	-0.9861926569452322	-0.998589582102484	
-0.9597782730598075	-0.9586176529969992	-0.8372143458568027	-0.947644691909509	-0.5231120055504195	0.08050523674231047	0.0	-0.4576214209949748	0.13268455657210793	0.8372143458568027	0.5402443380063693	0.41819208304847577	0.24364110104267195	-0.39484060916508085	-0.9696598254739069	-0.9996225951012272	
-0.724902732024938	-0.7220688478483881	-0.9946684021336696	-0.6964648309828101	-0.07510930622987341	0.5277170678118462	0.4576214209949748	0.0	0.5715513711307937	0.9946684021336696	0.8654488870862374	0.7875186564975253	0.660463998746748	0.06936811583453169	-0.7503009403139143	-0.8762401566319091	
-0.9885446127252144	-0.9879167109056426	-0.7572501100975303	-0.981635638388547	-0.6315690782292857	-0.05246045222855672	-0.13268455657210793	-0.5715513711307937	0.0	0.7572501100975303	0.4238125258486453	0.29396940038399116	0.1128007348234879	-0.5132534415139328	-0.9935222311716541	-0.9944292538155604	
-0.7599341698402765	-0.7625960565611773	-0.0	-0.7855879710064767	-0.9996044175995782	-0.7904706115924374	-0.8372143458568027	-0.9946684021336696	-0.7572501100975303	0.0	-0.4090766796292526	-0.5317921204162726	-0.6787440791761693	-0.9851187878339994	-0.7349465362557394	-0.5696677819215684	
-0.9593397982393854	-0.9604903836689631	-0.4090766796292526	-0.9699652202515953	-0.9006338136590645	-0.47074498816739613	-0.5402443380063693	-0.8654488870862374	-0.4238125258486453	0.4090766796292526	0.0	-0.13882353288110116	-0.3189383392866418	-0.828610900188413	-0.9480438679201273	-0.8560317789116608	
-0.9892340958128045	-0.9898265024657822	-0.5317921204162726	-0.9943411197437773	-0.8315833331245533	-0.34370708352369134	-0.41819208304847577	-0.7875186564975253	-0.29396940038399116	0.5317921204162726	0.13882353288110116	0.0	-0.1842765635191969	-0.742870694687329	-0.9830293540360078	-0.9195040429514507	
-0.9992602517637679	-0.9990939634231988	-0.6787440791761693	-0.9968889641565613	-0.7149947924169757	-0.1647710386849146	-0.24364110104267195	-0.660463998746748	-0.1128007348234879	0.6787440791761693	0.3189383392866418	0.1842765635191969	0.0	-0.6067874425812798	-0.9999996450125995	-0.9761925455483905	
-0.7709408487744533	-0.7683198119818111	-0.9851187878339994	-0.7445650689708583	-0.14410054992148108	0.4675231868387908	0.39484060916508085	-0.06936811583453169	0.5132534415139328	0.9851187878339994	0.828610900188413	0.742870694687329	0.6067874425812798	0.0	-0.7943525778008462	-0.9075561460480812	
0.03761511887129865	0.04171695769582989	-0.7349465362557394	0.07797872941808892	0.698527075477881	0.9861926569452322	0.9696598254739069	0.7503009403139143	0.9935222311716541	0.7349465362557394	0.9480438679201273	0.9830293540360078	0.9999996450125995	0.7943525778008462	0.0	-0.21772823499565624	
0.25428685982855	0.25825484005378885	-0.5696677819215684	0.29317323309453347	0.8375717754566864	0.998589582102484	0.9996225951012272	0.8762401566319091	0.9944292538155604	0.5696677819215684	0.8560317789116608	0.9195040429514507	0.9761925455483905	0.9075561460480812	0.21772823499565624	0.0	
