0.0	0.7392983320192388	0.9961865878385996	0.32326459312586725	0.0	0.8931976124350894	0.9639124612963383	0.9995770059707764	0.8478718048014198	0.9345984755185115	0.9893709360991101	0.9929459149667007	0.987304878678607	0.9601043321680819	0.9957845967049478	0.9961865878385996	
-0.7392983320192388	0.0	0.7353127576844656	0.9172836598578803	0.7392983320192388	0.933895753821044	0.8458930334731187	0.6515923348270518	0.17896132310937185	0.3663663420354797	0.5587165327739191	0.5809707205566297	0.7822570770011079	0.853252062159021	0.738349845415446	0.7353127576844656	
-0.9961865878385996	-0.7353127576844656	0.0	0.9144956379303755	0.9961865878385996	0.3700195347282314	0.18110437804465784	-0.1161833814105927	-0.6021548620462002	-0.4358902654491509	-0.23118022541187977	-0.20474895270872734	0.07209016039339605	0.1948080902925417	0.004492226113470471	0.0	
-0.32326459312586725	-0.9172836598578803	-0.9144956379303755	0.0	0.32326459312586725	-0.6998800370841087	-0.8260993654871877	-0.9553097751700004	-0.9737436995591666	-0.9994052625684496	-0.9832573524097115	-0.9779621676516799	-0.8829488563978971	-0.8181566341382747	-0.91266887494518	-0.9144956379303755	
-0.0	-0.7392983320192388	-0.9961865878385996	-0.32326459312586725	0.0	-0.8931976124350894	-0.9639124612963383	-0.9995770059707764	-0.8478718048014198	-0.9345984755185115	-0.9893709360991101	-0.9929459149667007	-0.987304878678607	-0.9601043321680819	-0.9957845967049478	-0.9961865878385996	
-0.8931976124350894	-0.933895753821044	-0.3700195347282314	0.6998800370841087	0.8931976124350894	0.0	-0.19565053851956032	-0.47545082752274515	-0.8548322434909394	-0.7379700213059499	-0.5747680262102586	-0.5523971792957466	-0.3020833008332807	-0.18194908399672416	-0.36584241543942675	-0.3700195347282314	
-0.9639124612963383	-0.8458930334731187	-0.18110437804465784	0.8260993654871877	0.9639124612963383	0.19565053851956032	0.0	-0.2941400583871027	-0.7367875456134834	-0.5916762396222578	-0.403555832838247	-0.37863079459212323	-0.10973509720772368	0.013952052786814939	-0.17668460855797224	-0.18110437804465784	
-0.9995770059707764	-0.6515923348270518	0.1161833814105927	0.9553097751700004	0.9995770059707764	0.47545082752274515	0.2941400583871027	0.0	-0.5053185286729781	-0.32837329805080956	-0.11657853874892136	-0.08964036683059982	0.18748303606382144	0.30744627481510733	0.1206440128763134	0.1161833814105927	
-0.8478718048014198	-0.17896132310937185	0.6021548620462002	0.9737436995591666	0.8478718048014198	0.8548322434909394	0.7367875456134834	0.5053185286729781	0.0	0.19393349839397528	0.40127354600529486	0.4259305952937683	0.6581434195394469	0.7461491530473352	0.6057352866276183	0.6021548620462002	
-0.9345984755185115	-0.3663663420354797	0.4358902654491509	0.9994052625684496	0.9345984755185115	0.7379700213059499	0.5916762396222578	0.32837329805080956	-0.19393349839397528	0.0	0.2160202479646444	0.24238170071108933	0.4996372624629777	0.6028664546836981	0.4399288699681168	0.4358902654491509	
-0.9893709360991101	-0.5587165327739191	0.23118022541187977	0.9832573524097115	0.9893709360991101	0.5747680262102586	0.403555832838247	0.11657853874892136	-0.40127354600529486	-0.2160202479646444	0.0	0.027080064885828203	0.30071602803354935	0.41628205362782855	0.23554842872568205	0.23118022541187977	
-0.9929459149667007	-0.5809707205566297	0.20474895270872734	0.9779621676516799	0.9929459149667007	0.5523971792957466	0.37863079459212323	0.08964036683059982	-0.4259305952937683	-0.24238170071108933	-0.027080064885828203	0.0	0.27477911620902906	0.3915072324022894	0.20914394292272245	0.20474895270872734	
-0.987304878678607	-0.7822570770011079	-0.07209016039339605	0.8829488563978971	0.987304878678607	0.3020833008332807	0.10973509720772368	-0.18748303606382144	-0.6581434195394469	-0.4996372624629777	-0.30071602803354935	-0.27477911620902906	0.0	0.12359221069080026	-0.06760889511864031	-0.07209016039339605	
-0.9601043321680819	-0.853252062159021	-0.1948080902925417	0.8181566341382747	0.9601043321680819	0.18194908399672416	-0.013952052786814939	-0.30744627481510733	-0.7461491530473352	-0.6028664546836981	-0.41628205362782855	-0.3915072324022894	-0.12359221069080026	0.0	-0.19039996341019677	-0.1948080902925417	
-0.9957845967049478	-0.738349845415446	-0.004492226113470471	0.91266887494518	0.9957845967049478	0.36584241543942675	0.17668460855797224	-0.1206440128763134	-0.6057352866276183	-0.4399288699681168	-0.23554842872568205	-0.20914394292272245	0.06760889511864031	0.19039996341019677	0.0	-0.004492226113470471	
-0.9961865878385996	-0.7353127576844656	0.0	0.9144956379303755	0.9961865878385996	0.3700195347282314	0.18110437804465784	-0.1161833814105927	-0.6021548620462002	-0.4358902654491509	-0.23118022541187977	-0.20474895270872734	0.07209016039339605	0.1948080902925417	0.004492226113470471	0.0	
