0.0	-0.5635463204784539	-0.3682225275508175	-0.3371457841373399	-0.8083960466975463	-0.8309617388005262	-0.41552369165873254	0.05551916840591012	-0.4637436138358336	-0.9664760261747761	-0.7262108365379593	-0.911348252275129	-0.5635463204784539	-0.24585229628596306	0.6945027611871448	0.9664760338267268	
0.5635463204784539	0.0	0.2197673436266978	0.25204117049409314	-0.3360780933224644	-0.3729271028851973	0.16933412282545612	0.6085406413278449	0.11619342627410778	-0.6536964418783603	-0.21248914620863757	-0.5208745669568658	0.0	0.3431548013910761	0.9791839059936842	0.6536964644314722	
0.3682225275508175	-0.2197673436266978	0.0	0.03320685943883067	-0.5348461445064567	-0.5677233667972055	-0.051399322770515954	0.4192728523672411	-0.10492600675469338	-0.8040255229526728	-0.42204288859698547	-0.6957410950181585	-0.2197673436266978	0.12834263946346924	0.9106378324569382	0.8040255406729779	
0.3371457841373399	-0.25204117049409314	-0.03320685943883067	0.0	-0.5626092951291899	-0.5947467983232131	-0.08453394204056014	0.3888944349840351	-0.1378916987011488	-0.8233267284622059	-0.4519146693558153	-0.7192096369308754	-0.25204117049409314	0.09533962359171677	0.8964143607804922	0.8233267453770412	
0.8083960466975463	0.3360780933224644	0.5348461445064567	0.5626092951291899	0.0	-0.03940183454646656	0.49070934444446757	0.8398299398737841	0.44323663717399386	-0.3613442086945776	0.1282736926952458	-0.20369001376565607	0.3360780933224644	0.6388659507507667	0.9904442891833836	0.36134423648323133	
0.8309617388005262	0.3729271028851973	0.5677233667972055	0.5947467983232131	0.03940183454646656	0.0	0.5246600197845859	0.8605670362795028	0.478212427497406	-0.3243240544742229	0.16725040962763527	-0.16495604538074657	0.3729271028851973	0.6686823803823998	0.9842411143485008	0.3243240826656115	
0.41552369165873254	-0.16933412282545612	0.051399322770515954	0.08453394204056014	-0.49070934444446757	-0.5246600197845859	0.0	0.4653820528333298	-0.053671713457776715	-0.7724009776304714	-0.3748876388406811	-0.6579016956863573	-0.16933412282545612	0.1791472382652019	0.9306726141899242	0.7724009965589753	
-0.05551916840591012	-0.6085406413278449	-0.4192728523672411	-0.3888944349840351	-0.8398299398737841	-0.8605670362795028	-0.4653820528333298	0.0	-0.5122166325764501	-0.979240282298135	-0.7632586211335228	-0.9327963079680546	-0.6085406413278449	-0.29928823440514263	0.6534860864798142	0.979240288339152	
0.4637436138358336	-0.11619342627410778	0.10492600675469338	0.1378916987011488	-0.44323663717399386	-0.478212427497406	0.053671713457776715	0.5122166325764501	0.0	-0.7371988709794302	-0.32458983975463573	-0.6165330468337304	-0.11619342627410778	0.23169244886301116	0.9489671374316209	0.7371988911161387	
0.9664760261747761	0.6536964418783603	0.8040255229526728	0.8233267284622059	0.3613442086945776	0.3243240544742229	0.7724009776304714	0.979240282298135	0.7371988709794302	0.0	0.47796563383945423	0.16384159537754467	0.6536964418783603	0.8736880043915128	0.8736882286416471	2.9802322387695312e-08	
0.7262108365379593	0.21248914620863757	0.42204288859698547	0.4519146693558153	-0.1282736926952458	-0.16725040962763527	0.3748876388406811	0.7632586211335228	0.32458983975463573	-0.47796563383945423	0.0	-0.3275917813103261	0.21248914620863757	0.5349048852906015	0.9999526999902171	0.47796566001717433	
0.911348252275129	0.5208745669568658	0.6957410950181585	0.7192096369308754	0.20369001376565607	0.16495604538074657	0.6579016956863573	0.9327963079680546	0.6165330468337304	-0.16384159537754467	0.3275917813103261	0.0	0.5208745669568658	0.7821748112855103	0.9415884677395638	0.16384162477713807	
0.5635463204784539	0.0	0.2197673436266978	0.25204117049409314	-0.3360780933224644	-0.3729271028851973	0.16933412282545612	0.6085406413278449	0.11619342627410778	-0.6536964418783603	-0.21248914620863757	-0.5208745669568658	0.0	0.3431548013910761	0.9791839059936842	0.6536964644314722	
0.24585229628596306	-0.3431548013910761	-0.12834263946346924	-0.09533962359171677	-0.6388659507507667	-0.6686823803823998	-0.1791472382652019	0.29928823440514263	-0.23169244886301116	-0.8736880043915128	-0.5349048852906015	-0.7821748112855103	-0.3431548013910761	0.0	0.8500748766291525	0.8736880188899449	
-0.6945027611871448	-0.9791839059936842	-0.9106378324569382	-0.8964143607804922	-0.9904442891833836	-0.9842411143485008	-0.9306726141899242	-0.6534860864798142	-0.9489671374316209	-0.8736882286416471	-0.9999526999902171	-0.9415884677395638	-0.9791839059936842	-0.8500748766291525	0.0	0.8736882141432265	
-0.9664760338267268	-0.6536964644314722	-0.8040255406729779	-0.8233267453770412	-0.36134423648323133	-0.3243240826656115	-0.7724009965589753	-0.979240288339152	-0.7371988911161387	-2.9802322387695312e-08	-0.47796566001717433	-0.16384162477713807	-0.6536964644314722	-0.8736880188899449	-0.8736882141432265	0.0	
