0.0	0.2883097579786603	0.31514175600820793	0.8295809838200693	0.8738477686333332	0.9999977461891377	0.7583869400473956	0.7795604634080895	0.6267840451316992	0.0	0.9442995701659632	0.8919017184523711	0.9958238960637922	0.8982473156668438	0.948643157742296	0.8641789820113799	
-0.2883097579786603	0.0	0.028141131574365208	0.6333663969545248	0.6965656461200483	0.958147153523131	0.9141053339999687	0.927034320511218	0.8248179883493022	0.2883097579786603	0.9990809866594462	0.7236469561981121	0.9798596471956005	0.9868145706389388	0.9995673719983806	0.9725565346529684	
-0.31514175600820793	-0.028141131574365208	0.0	0.6113384859093618	0.676098711423481	0.9497115541480731	0.9251538877459987	0.937219440539508	0.8404022765359423	0.31514175600820793	0.9998915059335292	0.7039381889770064	0.973852153126077	0.9909785320907769	0.9999991917105758	0.9787188671293475	
-0.8295809838200693	-0.6333663969545248	-0.6113384859093618	0.0	0.08460276013027568	0.5601464547364078	0.9641976758908608	0.9548849253588614	0.9963914087670968	0.8295809838200693	0.8002884572648568	0.12286499165291181	0.6317910928580269	0.8661619301804251	0.7921458733941323	0.8999781363517891	
-0.8738477686333332	-0.6965656461200483	-0.676098711423481	-0.08460276013027568	0.0	0.48805381032630124	0.9383054510718402	0.9263364390237314	0.9856382498639054	0.8738477686333332	0.7466901299564828	0.03846273272334816	0.5639470957632169	0.8207751636770426	0.7376700844273405	0.8598701911660251	
-0.9999977461891377	-0.958147153523131	-0.9497115541480731	-0.5601464547364078	-0.48805381032630124	0.0	0.6501929980385301	0.6246704704004271	0.7778605282777451	0.9999977461891377	0.3270815055077405	-0.45412187378159197	0.08918049646918512	0.437582268335499	0.3143333701154589	0.5013486604101152	
-0.7583869400473956	-0.9141053339999687	-0.9251538877459987	-0.9641976758908608	-0.9383054510718402	-0.6501929980385301	0.0	-0.03312290292342285	0.1823890794678013	0.7583869400473956	-0.3659234511868413	-0.9243104337629711	-0.5798457075335078	-0.2521780060130588	-0.3784156689618985	-0.18166725613421109	
-0.7795604634080895	-0.927034320511218	-0.937219440539508	-0.9548849253588614	-0.9263364390237314	-0.6246704704004271	0.03312290292342285	0.0	0.21485631382465314	0.7795604634080895	-0.33489700148316326	-0.9111621779727337	-0.552541437759568	-0.21998723314035928	-0.3475482832252889	-0.14899583297330338	
-0.6267840451316992	-0.8248179883493022	-0.8404022765359423	-0.9963914087670968	-0.9856382498639054	-0.7778605282777451	-0.1823890794678013	-0.21485631382465314	0.0	0.6267840451316992	-0.5295250868412286	-0.9784136920782103	-0.7187168093917266	-0.42444250387657445	-0.5408941456607446	-0.35797418488679167	
-0.0	-0.2883097579786603	-0.31514175600820793	-0.8295809838200693	-0.8738477686333332	-0.9999977461891377	-0.7583869400473956	-0.7795604634080895	-0.6267840451316992	0.0	-0.9442995701659632	-0.8919017184523711	-0.9958238960637922	-0.8982473156668438	-0.948643157742296	-0.8641789820113799	
-0.9442995701659632	-0.9990809866594462	-0.9998915059335292	-0.8002884572648568	-0.7466901299564828	-0.3270815055077405	0.3659234511868413	0.33489700148316326	0.5295250868412286	0.9442995701659632	0.0	-0.7205532710420508	-0.24150301896421758	0.11940893270001052	-0.01345879626870189	0.19076679201639257	
-0.8919017184523711	-0.7236469561981121	-0.7039381889770064	-0.12286499165291181	-0.03846273272334816	0.45412187378159197	0.9243104337629711	0.9111621779727337	0.9784136920782103	0.8919017184523711	0.7205532710420508	0.0	0.5317668501921796	0.7981959301852881	0.7111556841273264	0.8395982026528016	
-0.9958238960637922	-0.9798596471956005	-0.973852153126077	-0.6317910928580269	-0.5639470957632169	-0.08918049646918512	0.5798457075335078	0.552541437759568	0.7187168093917266	0.9958238960637922	0.24150301896421758	-0.5317668501921796	0.0	0.35564953930580123	0.2284207283288035	0.4221880171738932	
-0.8982473156668438	-0.9868145706389388	-0.9909785320907769	-0.8661619301804251	-0.8207751636770426	-0.437582268335499	0.2521780060130588	0.21998723314035928	0.42444250387657445	0.8982473156668438	-0.11940893270001052	-0.7981959301852881	-0.35564953930580123	0.0	-0.13276061809242418	0.0721858519234092	
-0.948643157742296	-0.9995673719983806	-0.9999991917105758	-0.7921458733941323	-0.7376700844273405	-0.3143333701154589	0.3784156689618985	0.3475482832252889	0.5408941456607446	0.948643157742296	0.01345879626870189	-0.7111556841273264	-0.2284207283288035	0.13276061809242418	0.0	0.20396114423258055	
-0.8641789820113799	-0.9725565346529684	-0.9787188671293475	-0.8999781363517891	-0.8598701911660251	-0.5013486604101152	0.18166725613421109	0.14899583297330338	0.35797418488679167	0.8641789820113799	-0.19076679201639257	-0.8395982026528016	-0.4221880171738932	-0.0721858519234092	-0.20396114423258055	0.0	
