0.0	0.789083695796084	0.9539391997433035	0.903507931755212	0.0	0.9917002526361174	0.998366014678263	0.9812268441411284	0.9393875228443629	0.9942436192194934	0.9419638735328851	0.16842625209435186	0.16842625209435186	0.874117661317997	0.8532948597326496	0.28961614045997885	
-0.789083695796084	0.0	0.3492660959815992	0.893190680946726	0.7890836957960837	0.71064089155522	0.5681915063156905	0.7549340514012718	0.3065092696867414	0.5262048312703641	0.31372829227125537	-0.6743492112343781	-0.6743492112343781	0.15368879884708647	0.1127159495590499	-0.5773587869889143	
-0.9539391997433035	-0.3492660959815992	0.0	0.6798834119195681	0.9539391997433033	0.4201593944206258	0.24499904326790994	0.4783420538760235	-0.04524869220974037	0.19606516916766176	-0.03766182061141066	-0.8897835935311211	-0.8897835935311211	-0.20110654175322384	-0.24142280809278333	-0.8261712685356943	
-0.903507931755212	-0.893190680946726	-0.6798834119195681	0.0	0.9035079317552118	-0.3088490398366266	-0.47950007050982923	-0.24627776587427497	-0.7123688245980562	-0.5229089115580198	-0.7070192377782057	-0.9627833193969803	-0.9627833193969803	-0.8134684619383985	-0.8368127055075587	-0.9889073686111457	
-0.0	-0.7890836957960837	-0.9539391997433033	-0.9035079317552118	0.0	-0.9917002526361172	-0.9983660146782628	-0.9812268441411282	-0.9393875228443627	-0.9942436192194932	-0.9419638735328849	-0.16842625209435183	-0.16842625209435183	-0.8741176613179967	-0.8532948597326494	-0.2896161404599788	
-0.9917002526361174	-0.71064089155522	-0.4201593944206258	0.3088490398366266	0.9917002526361172	0.0	-0.18502987096080736	0.06509876003464804	-0.46078998780919783	-0.23408506456303418	-0.4540375401297126	-0.9991878799374968	-0.9991878799374968	-0.59406947072485	-0.6268102951070015	-0.9864351922752181	
-0.998366014678263	-0.5681915063156905	-0.24499904326790994	0.47950007050982923	0.9983660146782628	0.18502987096080736	0.0	0.24861208345528876	-0.28861776614233886	-0.05015407055055128	-0.2813392401004717	-0.9744792656326843	-0.9744792656326843	-0.4349710416073073	-0.4718170205701427	-0.9390294416859599	
-0.9812268441411284	-0.7549340514012718	-0.4783420538760235	0.24627776587427497	0.9812268441411282	-0.06509876003464804	-0.24861208345528876	0.0	-0.517588320780006	-0.2968785932671705	-0.5110763070194311	-0.9996914971721101	-0.9996914971721101	-0.64517568301043	-0.6762038461450364	-0.9950288302064174	
-0.9393875228443629	-0.3065092696867414	0.04524869220974037	0.7123688245980562	0.9393875228443627	0.46078998780919783	0.28861776614233886	0.517588320780006	0.0	0.24023480442956885	0.007593344542473679	-0.8682215159798101	-0.8682215159798101	-0.156576325947685	-0.1972652945081309	-0.7998310898656835	
-0.9942436192194934	-0.5262048312703641	-0.19606516916766176	0.5229089115580198	0.9942436192194932	0.23408506456303418	0.05015407055055128	0.2968785932671705	-0.24023480442956885	0.0	-0.23285690650400875	-0.9619944145398401	-0.9619944145398401	-0.3892626733025729	-0.427002567473158	-0.920602853864665	
-0.9419638735328851	-0.31372829227125537	0.03766182061141066	0.7070192377782057	0.9419638735328849	0.4540375401297126	0.2813392401004717	0.5110763070194311	-0.007593344542473679	0.23285690650400875	0.0	-0.8719641265394958	-0.8719641265394958	-0.16407149905461688	-0.20470374378882988	-0.8043657471983173	
-0.16842625209435186	0.6743492112343781	0.8897835935311211	0.9627833193969803	0.16842625209435183	0.9991878799374968	0.9744792656326843	0.9996914971721101	0.8682215159798101	0.9619944145398401	0.8719641265394958	0.0	0.0	0.7798232140555423	0.7532826285896989	0.12427077101715753	
-0.16842625209435186	0.6743492112343781	0.8897835935311211	0.9627833193969803	0.16842625209435183	0.9991878799374968	0.9744792656326843	0.9996914971721101	0.8682215159798101	0.9619944145398401	0.8719641265394958	0.0	0.0	0.7798232140555423	0.7532826285896989	0.12427077101715753	
-0.874117661317997	-0.15368879884708647	0.20110654175322384	0.8134684619383985	0.8741176613179967	0.59406947072485	0.4349710416073073	0.64517568301043	0.156576325947685	0.3892626733025729	0.16407149905461688	-0.7798232140555423	-0.7798232140555423	0.0	-0.04133257347309127	-0.6959848141636056	
-0.8532948597326496	-0.1127159495590499	0.24142280809278333	0.8368127055075587	0.8532948597326494	0.6268102951070015	0.4718170205701427	0.6762038461450364	0.1972652945081309	0.427002567473158	0.20470374378882988	-0.7532826285896989	-0.7532826285896989	0.04133257347309127	0.0	-0.6657109331206371	
-0.28961614045997885	0.5773587869889143	0.8261712685356943	0.9889073686111457	0.2896161404599788	0.9864351922752181	0.9390294416859599	0.9950288302064174	0.7998310898656835	0.920602853864665	0.8043657471983173	-0.12427077101715753	-0.12427077101715753	0.6959848141636056	0.6657109331206371	0.0	
