0.0	0.987155337279682	0.9614019104307492	0.8330123746611326	1.4901161193847656e-08	0.6093525331428212	0.8608400090641899	0.7566274907497991	0.9154785473786898	0.9337261375821921	0.980750277173243	0.9561432778129075	0.7973249266288679	0.6317797852397591	0.6950773870604782	0.8519220535069753	
-0.987155337279682	0.0	0.42521054381462076	0.6792328705469018	0.9871553396603419	0.8800671195085493	0.6398700801873725	0.7663291274891145	0.5434584730727305	0.5025651425375596	0.34944607092689733	-0.13638047251714558	-0.46841456584793073	-0.6642561308139776	-0.5986525299668602	-0.3808363114748111	
-0.9614019104307492	-0.42521054381462076	0.0	0.30269819070281245	0.9614019063307259	0.5946329476654817	0.25237575052229533	0.4204245114286048	0.13494419595347618	0.0872576849491904	-0.08212206879713047	-0.5446748142279625	-0.7996366876806544	-0.9190615751852367	-0.8824344931772082	-0.7378605671928675	
-0.8330123746611326	-0.6792328705469018	-0.30269819070281245	0.0	0.8330123664170003	0.32336808480521306	-0.05236372991635152	0.12605451146921232	-0.17131598451581165	-0.21837951311853537	-0.3799451925456898	-0.7729792219071104	-0.9438883560749909	-0.9952427312016071	-0.9834362817965177	-0.9075520216842503	
-1.4901161193847656e-08	-0.9871553396603419	-0.9614019063307259	-0.8330123664170003	0.0	-0.6093525213276991	-0.860840001481351	-0.7566274810067315	-0.9154785413829575	-0.9337261322477532	-0.9807502742635497	-0.9561432821774479	-0.7973249356224681	-0.6317797967903632	-0.6950773977734434	-0.8519220613102456	
-0.6093525331428212	-0.8800671195085493	-0.5946329476654817	-0.32336808480521306	0.6093525213276991	0.0	-0.37247484666760716	-0.20150666643478776	-0.48069918990286903	-0.5222099401881729	-0.6586503646575979	-0.9366044145490492	-0.9999733744755007	-0.973276175940508	-0.9892112746555961	-0.994587297163616	
-0.8608400090641899	-0.6398700801873725	-0.25237575052229533	0.05236372991635152	0.860840001481351	0.37247484666760716	0.0	0.17782761562084587	-0.1194913608633631	-0.1669800389517449	-0.33098701622265947	-0.7386975641058606	-0.9252995241507226	-0.9887757262223373	-0.9725959395241279	-0.8843173242809714	
-0.7566274907497991	-0.7663291274891145	-0.4204245114286048	-0.12605451146921232	0.7566274810067315	0.20150666643478776	-0.17782761562084587	0.0	-0.2941403897385912	-0.3396496183818328	-0.49351604757120043	-0.8467863435276514	-0.9779906124981752	-0.9995850336788779	-0.998439629429941	-0.9532480564644144	
-0.9154785473786898	-0.5434584730727305	-0.13494419595347618	0.17131598451581165	0.9154785413829575	0.48069918990286903	0.1194913608633631	0.2941403897385912	0.0	-0.04796993194157334	-0.21585930668833475	-0.6528633724918818	-0.8733544163959408	-0.9638384955214178	-0.9378455537799631	-0.8221925171680977	
-0.9337261375821921	-0.5025651425375596	-0.0872576849491904	0.21837951311853537	0.9337261322477532	0.5222099401881729	0.1669800389517449	0.3396496183818328	0.04796993194157334	0.0	-0.16877178945371488	-0.6157757260580161	-0.8489835460606628	-0.9499455392661392	-0.920117783251277	-0.7939410514416299	
-0.980750277173243	-0.34944607092689733	0.08212206879713047	0.3799451925456898	0.9807502742635497	0.6586503646575979	0.33098701622265947	0.49351604757120043	0.21585930668833475	0.16877178945371488	0.0	-0.47396360048705755	-0.7476227400883518	-0.8835917865333718	-0.8408207556079061	-0.6799397288578668	
-0.9561432778129075	0.13638047251714558	0.5446748142279625	0.7729792219071104	0.9561432821774479	0.9366044145490492	0.7386975641058606	0.8467863435276514	0.6528633724918818	0.6157757260580161	0.47396360048705755	0.0	-0.3435446026725212	-0.5561045844099859	-0.48381707696212123	-0.2511748025816487	
-0.7973249266288679	0.46841456584793073	0.7996366876806544	0.9438883560749909	0.7973249356224681	0.9999733744755007	0.9252995241507226	0.9779906124981752	0.8733544163959408	0.8489835460606628	0.7476227400883518	0.3435446026725212	0.0	-0.2367338838418695	-0.15371057250169623	0.09664377137278801	
-0.6317797852397591	0.6642561308139776	0.9190615751852367	0.9952427312016071	0.6317797967903632	0.973276175940508	0.9887757262223373	0.9995850336788779	0.9638384955214178	0.9499455392661392	0.8835917865333718	0.5561045844099859	0.2367338838418695	0.0	0.08457924074995521	0.3295223676133782	
-0.6950773870604782	0.5986525299668602	0.8824344931772082	0.9834362817965177	0.6950773977734434	0.9892112746555961	0.9725959395241279	0.998439629429941	0.9378455537799631	0.920117783251277	0.8408207556079061	0.48381707696212123	0.15371057250169623	-0.08457924074995521	0.0	0.24848630719539366	
-0.8519220535069753	0.3808363114748111	0.7378605671928675	0.9075520216842503	0.8519220613102456	0.994587297163616	0.8843173242809714	0.9532480564644144	0.8221925171680977	0.7939410514416299	0.6799397288578668	0.2511748025816487	-0.09664377137278801	-0.3295223676133782	-0.24848630719539366	0.0	
