0.0	0.1758173213132027	0.47321178313077994	0.9196153391281927	0.9150334801333007	0.04909566741164795	-0.7999999552965106	0.1423610454814439	-0.2641358368616765	0.1647513497855561	0.824450610442426	0.7999999552965106	0.6620770994452017	0.06109874235935703	0.969957089291692	0.8362553682717266	
-0.1758173213132027	0.0	0.31095443316107363	0.8362257394946842	0.829859008211216	-0.1272744049054524	-0.8930286075357892	-0.033883125761106914	-0.4295945980662712	-0.01122981407268736	0.7121070027549323	0.8930286075357892	0.5200000162393911	-0.1153418508298551	0.9120757372573712	0.7268211572161922	
-0.47321178313077994	-0.31095443316107363	0.0	0.6242468373510427	0.6152143774948556	-0.4293903635830362	-0.9886860170110224	-0.3429792474993748	-0.6890960198945115	-0.3216079195401027	0.45849209686541664	0.9886860170110224	0.22861414020842524	-0.4185028366285497	0.7393613332047554	0.4772170408349353	
-0.9196153391281927	-0.8362257394946842	-0.6242468373510427	0.0	-0.011508964571903535	-0.8992205923506171	-0.8660253177525221	-0.8543265907964943	-0.9907135154866612	-0.8423312758823945	-0.19658073676628163	0.8660253177525221	-0.42911540365812917	-0.8938964324126424	0.15729823404720827	-0.17576413137053837	
-0.9150334801333007	-0.829859008211216	-0.6152143774948556	0.011508964571903535	0.0	-0.8941259162866335	-0.8717224446143359	-0.8482883789842102	-0.9890830733007967	-0.8360726149661986	-0.1852833196378436	0.8717224446143359	-0.4186915147280371	-0.8886780650514552	0.16865350728381456	-0.1644226938922439	
-0.04909566741164795	0.1272744049054524	0.4293903635830362	0.8992205923506171	0.8941259162866335	0.0	-0.8284926232036602	0.09359375145308158	-0.3111693691534333	0.11612789133641632	0.795671486414879	0.8284926232036602	0.6244846404477207	0.012021118917556473	0.9568435983298845	0.8083257843238288	
0.7999999552965106	0.8930286075357892	0.9886860170110224	0.8660253177525221	0.8717224446143359	0.8284926232036602	0.0	0.8772684292753026	0.6131068307185122	0.88791888124991	0.9474175184276599	0.0	0.996794850155783	0.8351645857320826	0.7765951543731356	0.9404253946968792	
-0.1423610454814439	0.033883125761106914	0.3429792474993748	0.8543265907964943	0.8482883789842102	-0.09359375145308158	-0.8772684292753026	0.0	-0.398750722446764	0.022657623278480532	0.7354864706073828	0.8772684292753026	0.5486432557712649	-0.08161863685280574	0.9254448443319975	0.7496756556544347	
0.2641358368616765	0.4295945980662712	0.6890960198945115	0.9907135154866612	0.9890830733007967	0.3111693691534333	-0.6131068307185122	0.398750722446764	0.0	0.41942674179710854	0.9446540777111685	0.6131068307185122	0.8365165893158382	0.3225712093480874	0.9997674658059346	0.9513924620965201	
-0.1647513497855561	0.01122981407268736	0.3216079195401027	0.8423312758823945	0.8360726149661986	-0.11612789133641632	-0.88791888124991	-0.022657623278480532	-0.41942674179710854	0.0	0.7199462261031422	0.88791888124991	0.5295593551140794	-0.1041797131101942	0.9166226933007933	0.7344882634004075	
-0.824450610442426	-0.7121070027549323	-0.45849209686541664	0.19658073676628163	0.1852833196378436	-0.795671486414879	-0.9474175184276599	-0.7354864706073828	-0.9446540777111685	-0.7199462261031422	0.0	0.9474175184276599	-0.24318086375459874	-0.7883324611284628	0.34836250625188603	0.02118586999186106	
-0.7999999552965106	-0.8930286075357892	-0.9886860170110224	-0.8660253177525221	-0.8717224446143359	-0.8284926232036602	-0.0	-0.8772684292753026	-0.6131068307185122	-0.88791888124991	-0.9474175184276599	0.0	-0.996794850155783	-0.8351645857320826	-0.7765951543731356	-0.9404253946968792	
-0.6620770994452017	-0.5200000162393911	-0.22861414020842524	0.42911540365812917	0.4186915147280371	-0.6244846404477207	-0.996794850155783	-0.5486432557712649	-0.8365165893158382	-0.5295593551140794	0.24318086375459874	0.996794850155783	0.0	-0.6150505778011947	0.5658529869038628	0.2636761734126388	
-0.06109874235935703	0.1153418508298551	0.4185028366285497	0.8938964324126424	0.8886780650514552	-0.012021118917556473	-0.8351645857320826	0.08161863685280574	-0.3225712093480874	0.1041797131101942	0.7883324611284628	0.8351645857320826	0.6150505778011947	0.0	0.9532810825207676	0.8011901189076244	
-0.969957089291692	-0.9120757372573712	-0.7393613332047554	-0.15729823404720827	-0.16865350728381456	-0.9568435983298845	-0.7765951543731356	-0.9254448443319975	-0.9997674658059346	-0.9166226933007933	-0.34836250625188603	0.7765951543731356	-0.5658529869038628	-0.9532810825207676	0.0	-0.32842553299949756	
-0.8362553682717266	-0.7268211572161922	-0.4772170408349353	0.17576413137053837	0.1644226938922439	-0.8083257843238288	-0.9404253946968792	-0.7496756556544347	-0.9513924620965201	-0.7344882634004075	-0.02118586999186106	0.9404253946968792	-0.2636761734126388	-0.8011901189076244	0.32842553299949756	0.0	
