0.0	0.5809301467332088	0.7430367767977961	0.9767305279097903	0.974403504987903	0.7138893151531215	0.0	0.8061352815601006	0.9992485593136049	0.9409659137307007	0.9332709785672322	0.9680788286044235	0.8970838217120181	0.6820923283243646	0.37345428423756366	0.5265741555973676	
-0.5809301467332088	0.0	0.21600948147329424	0.6704209332597076	0.9237157375421541	0.9878739531190059	0.5809301467332088	0.9999111061404066	0.8358584749581222	0.5692567942495448	0.5509846485258847	0.6423632940353721	0.47349441231879325	0.1303768795934303	-0.23492463805495611	-0.06525884845586766	
-0.7430367767977961	-0.21600948147329424	0.0	0.49431821724000247	0.8191593621342366	0.9980887039053487	0.7430367767977961	0.9791846135418398	0.6975475902059459	0.37822305434825604	0.35771336419694016	0.4616481813678467	0.272055343802997	-0.08686688762836153	-0.4393425157536067	-0.2792671987059314	
-0.9767305279097903	-0.6704209332597076	-0.49431821724000247	0.0	0.4285555745085893	0.8370719088408615	0.9767305279097903	0.7508540178525166	0.25216687175566643	-0.12881541318888373	-0.15065645035385056	-0.037189449661704704	-0.23918078006321267	-0.56796139561253	-0.8259678693093857	-0.717412667723911	
-0.974403504987903	-0.9237157375421541	-0.8191593621342366	-0.4285555745085893	0.0	0.5218476762482602	0.974403504987903	0.3953608564232107	-0.1868696140004576	-0.5413718141800625	-0.559784544500691	-0.4618603553085333	-0.6322202955373607	-0.8658867722968633	-0.9878588562818967	-0.9467459870484478	
-0.7138893151531215	-0.9878739531190059	-0.9980887039053487	-0.8370719088408615	-0.5218476762482602	0.0	0.7138893151531215	-0.14207249017980145	-0.6720621960838198	-0.9005719136737803	-0.9099407915134274	-0.8568389333639637	-0.9436300432630431	-0.9996840183883399	-0.9237529711108066	-0.9756362112025252	
-0.0	-0.5809301467332088	-0.7430367767977961	-0.9767305279097903	-0.974403504987903	-0.7138893151531215	0.0	-0.8061352815601006	-0.9992485593136049	-0.9409659137307007	-0.9332709785672322	-0.9680788286044235	-0.8970838217120181	-0.6820923283243646	-0.37345428423756366	-0.5265741555973676	
-0.8061352815601006	-0.9999111061404066	-0.9791846135418398	-0.7508540178525166	-0.3953608564232107	0.14207249017980145	0.8061352815601006	0.0	-0.5600410428469746	-0.8296768281641214	-0.8417876994043748	-0.7748970508266901	-0.887031819530679	-0.9931147405742706	-0.9687948350650131	-0.9969095420839642	
-0.9992485593136049	-0.8358584749581222	-0.6975475902059459	-0.25216687175566643	0.1868696140004576	0.6720621960838198	0.9992485593136049	0.5600410428469746	0.0	-0.3747185497762645	-0.3950764853831569	-0.28798005773417407	-0.4762990995202864	-0.7571542752700382	-0.9414264997065754	-0.8699002518525675	
-0.9409659137307007	-0.5692567942495448	-0.37822305434825604	0.12881541318888373	0.5413718141800625	0.9005719136737803	0.9409659137307007	0.8296768281641214	0.3747185497762645	0.0	-0.02205613230028247	0.09184669390440814	-0.11211151384245432	-0.4572072805340657	-0.7464709273354712	-0.6216965494857862	
-0.9332709785672322	-0.5509846485258847	-0.35771336419694016	0.15065645035385056	0.559784544500691	0.9099407915134274	0.9332709785672322	0.8417876994043748	0.3950764853831569	0.02205613230028247	0.0	0.11378725526265612	-0.09016715859545982	-0.4374802120572604	-0.7316127881781446	-0.6042696654274724	
-0.9680788286044235	-0.6423632940353721	-0.4616481813678467	0.037189449661704704	0.4618603553085333	0.8568389333639637	0.9680788286044235	0.7748970508266901	0.28798005773417407	-0.09184669390440814	-0.11378725526265612	0.0	-0.20290529485395836	-0.5369595290224171	-0.804432159771593	-0.6910084129219835	
-0.8970838217120181	-0.47349441231879325	-0.272055343802997	0.23918078006321267	0.6322202955373607	0.9436300432630431	0.8970838217120181	0.887031819530679	0.4762990995202864	0.11211151384245432	0.09016715859545982	0.20290529485395836	0.0	-0.3546173630289309	-0.6671638770050728	-0.5299648834742701	
-0.6820923283243646	-0.1303768795934303	0.08686688762836153	0.56796139561253	0.8658867722968633	0.9996840183883399	0.6820923283243646	0.9931147405742706	0.7571542752700382	0.4572072805340657	0.4374802120572604	0.5369595290224171	0.3546173630289309	0.0	-0.35964753899629515	-0.19480079628288077	
-0.37345428423756366	0.23492463805495611	0.4393425157536067	0.8259678693093857	0.9878588562818967	0.9237529711108066	0.37345428423756366	0.9687948350650131	0.9414264997065754	0.7464709273354712	0.7316127881781446	0.804432159771593	0.6671638770050728	0.35964753899629515	0.0	0.17099137810482923	
-0.5265741555973676	0.06525884845586766	0.2792671987059314	0.717412667723911	0.9467459870484478	0.9756362112025252	0.5265741555973676	0.9969095420839642	0.8699002518525675	0.6216965494857862	0.6042696654274724	0.6910084129219835	0.5299648834742701	0.19480079628288077	-0.17099137810482923	0.0	
