0.0	0.5368964022646205	0.5317433250695704	0.6276425427634895	0.8688280211965037	0.9849852533345692	0.99742902154387	0.9787176175320246	0.8100800465429842	0.0	0.7324862848487899	0.9663238435475829	0.9991030328327716	0.9385008778368501	0.9901423046723733	0.9982796706345851	
-0.5368964022646205	0.0	-0.0060962620428539616	0.11153474774222688	0.46716025618782364	0.7382920292111985	0.8799538927841288	0.9358707393101436	0.9982152789072307	0.5368964022646205	0.9834700143509625	0.9533963829295862	0.865626529393429	0.606386660523266	0.7601313361215831	0.8107175743400414	
-0.5317433250695704	0.0060962620428539616	0.0	0.11759089978788867	0.4725417234738884	0.7423901240845826	0.8828336258953138	0.9380013270610658	0.9978326722270452	0.5317433250695704	0.982347882473767	0.9552180345660675	0.8686627828699566	0.6112229566803354	0.7640783759725647	0.814271489419815	
-0.6276425427634895	-0.11153474774222688	-0.11759089978788867	0.0	0.3656294511720075	0.6584573918999874	0.8214778542241189	0.8907328600435499	0.9986475975159437	0.6276425427634895	0.9975294028319195	0.9137953650772486	0.8043811234996383	0.5139140543305405	0.6829166500473308	0.7403625111004096	
-0.8688280211965037	-0.46716025618782364	-0.4725417234738884	-0.3656294511720075	0.0	0.3376868214258445	0.5561024453112919	0.6628704310321212	0.9104926040917773	0.8688280211965037	0.9541465054148925	0.7020151315872623	0.5314607336691848	0.16467871910985077	0.36854087876956576	0.443321203454492	
-0.9849852533345692	-0.7382920292111985	-0.7423901240845826	-0.6584573918999874	-0.3376868214258445	0.0	0.24278000587663992	0.37109479693839514	0.7173668632655957	0.9849852533345692	0.7970153530869508	0.4202899954040542	0.21419320442728726	-0.17807122319535584	0.03297467682437011	0.11458994944185796	
-0.99742902154387	-0.8799538927841288	-0.8828336258953138	-0.8214778542241189	-0.5561024453112919	-0.24278000587663992	0.0	0.13454785320453228	0.5267604649899323	0.99742902154387	0.6265405671359742	0.18741938505207165	-0.029360563288992343	-0.4116433755537687	-0.21065985932677866	-0.13001920863188843	
-0.9787176175320246	-0.9358707393101436	-0.9380013270610658	-0.8907328600435499	-0.6628704310321212	-0.37109479693839514	-0.13454785320453228	0.0	0.4076031550491037	0.9787176175320246	0.5159784033852478	0.053551535211121576	-0.16358343824489482	-0.5305198572619116	-0.34027287131194045	-0.26224269701150604	
-0.8100800465429842	-0.9982152789072307	-0.9978326722270452	-0.9986475975159437	-0.9104926040917773	-0.7173668632655957	-0.5267604649899323	-0.4076031550491037	0.0	0.8100800465429842	0.12201689859846154	-0.3581172046097649	-0.5514902541857948	-0.8299630607791537	-0.6940034373495036	-0.6328071636581224	
-0.0	-0.5368964022646205	-0.5317433250695704	-0.6276425427634895	-0.8688280211965037	-0.9849852533345692	-0.99742902154387	-0.9787176175320246	-0.8100800465429842	0.0	-0.7324862848487899	-0.9663238435475829	-0.9991030328327716	-0.9385008778368501	-0.9901423046723733	-0.9982796706345851	
-0.7324862848487899	-0.9834700143509625	-0.982347882473767	-0.9975294028319195	-0.9541465054148925	-0.7970153530869508	-0.6265405671359742	-0.5159784033852478	-0.12201689859846154	0.7324862848487899	0.0	-0.4693656889823003	-0.6491537510516079	-0.8918248616053333	-0.7766665718636477	-0.7225576783137139	
-0.9663238435475829	-0.9533963829295862	-0.9552180345660675	-0.9137953650772486	-0.7020151315872623	-0.4202899954040542	-0.18741938505207165	-0.053551535211121576	0.3581172046097649	0.9663238435475829	0.4693656889823003	0.0	-0.21617887962550641	-0.5751527716158386	-0.3901405497498527	-0.31354373759491105	
-0.9991030328327716	-0.865626529393429	-0.8686627828699566	-0.8043811234996383	-0.5314607336691848	-0.21419320442728726	0.029360563288992343	0.16358343824489482	0.5514902541857948	0.9991030328327716	0.6491537510516079	0.21617887962550641	0.0	-0.38470830731077643	-0.18186734557541556	-0.10085182007753626	
-0.9385008778368501	-0.606386660523266	-0.6112229566803354	-0.5139140543305405	-0.16467871910985077	0.17807122319535584	0.4116433755537687	0.5305198572619116	0.8299630607791537	0.9385008778368501	0.8918248616053333	0.5751527716158386	0.38470830731077643	0.0	0.2104220482234319	0.2896567732537527	
-0.9901423046723733	-0.7601313361215831	-0.7640783759725647	-0.6829166500473308	-0.36854087876956576	-0.03297467682437011	0.21065985932677866	0.34027287131194045	0.6940034373495036	0.9901423046723733	0.7766665718636477	0.3901405497498527	0.18186734557541556	-0.2104220482234319	0.0	0.08177016543188806	
-0.9982796706345851	-0.8107175743400414	-0.814271489419815	-0.7403625111004096	-0.443321203454492	-0.11458994944185796	0.13001920863188843	0.26224269701150604	0.6328071636581224	0.9982796706345851	0.7225576783137139	0.31354373759491105	0.10085182007753626	-0.2896567732537527	-0.08177016543188806	0.0	
