0.0	0.9870811816485119	0.6722419359271347	0.9938764425247522	0.8857889079421465	0.9656978241333413	0.6470694937514391	0.9984726314483608	0.8799111423861489	0.9984726314483608	0.9101109757114652	0.23342122178541627	0.0	0.997417373970575	0.613035566982927	0.6900551056849826	
-0.9870811816485119	0.0	0.8384745414208198	0.2683094338956869	-0.31617098455002796	0.41103884337352137	0.8562553834255411	0.10544137459008467	-0.32801988486934586	0.21451101784971077	0.5548302983753842	0.9972127320090006	0.9870811816485119	0.08891172376374784	-0.6816276114337741	-0.6038454896669775	
-0.6722419359271347	-0.8384745414208198	0.0	-0.661517262455382	-0.9677571215824212	-0.5403765185147218	0.03349215867550487	-0.7763411786595295	-0.9708338400596692	-0.7020603702529907	-0.3952306014580129	0.48086264273602636	0.6722419359271347	-0.7867021480833905	-0.9849578728353187	-0.9974092481680865	
-0.9938764425247522	-0.2683094338956869	0.661517262455382	0.0	-0.5591236304124897	0.15137152815993615	0.6862629106966811	-0.16523861589513392	-0.5694564005411422	-0.055418115772458476	0.3112625467803562	0.9406289410789618	0.9938764425247522	-0.18159521890119368	-0.8529560355992665	-0.7955739775693884	
-0.8857889079421465	0.31617098455002796	0.9677571215824212	0.5591236304124897	0.0	0.6781805716422473	0.9756503698180157	0.41444096249322115	-0.012515691339921753	0.5123180996413857	0.7894114707265245	0.96964769683943	0.8857889079421465	0.39926954252468216	-0.415319556688641	-0.3208492275891475	
-0.9656978241333413	-0.41103884337352137	0.5403765185147218	-0.15137152815993615	-0.6781805716422473	0.0	0.5682544402739491	-0.3126252787435484	-0.6873251764313946	-0.20591843524065312	0.1638238597926747	0.8784089825616748	0.9656978241333413	-0.3283574153826163	-0.9221406998258599	-0.8781159484180378	
-0.6470694937514391	-0.8562553834255411	-0.03349215867550487	-0.6862629106966811	-0.9756503698180157	-0.5682544402739491	0.0	-0.7970161762078907	-0.9783190394069717	-0.7255168505599345	-0.42577416122755013	0.4512270805934831	0.6470694937514391	-0.8069365992469335	-0.9786180264369457	-0.9944403891548222	
-0.9984726314483608	-0.10544137459008467	0.7763411786595295	0.16523861589513392	-0.41444096249322115	0.3126252787435484	0.7970161762078907	0.0	-0.42579873448836003	0.1103283658337962	0.4640140286664937	0.9837867281974726	0.9984726314483608	-0.01660768786120806	-0.7549792677303814	-0.6845268317382883	
-0.8799111423861489	0.32801988486934586	0.9708338400596692	0.5694564005411422	0.012515691339921753	0.6873251764313946	0.9783190394069717	0.42579873448836003	0.0	0.5230263953783655	0.7970325782436833	0.9665115841098912	0.8799111423861489	0.4107130762314088	-0.40390180824868266	-0.3089701070057484	
-0.9984726314483608	-0.21451101784971077	0.7020603702529907	0.055418115772458476	-0.5123180996413857	0.20591843524065312	0.7255168505599345	-0.1103283658337962	-0.5230263953783655	0.0	0.3634493726959101	0.957994351782351	0.9984726314483608	-0.1268194507662999	-0.8227179419543419	-0.7607759443805201	
-0.9101109757114652	-0.5548302983753842	0.3952306014580129	-0.3112625467803562	-0.7894114707265245	-0.1638238597926747	0.42577416122755013	-0.4640140286664937	-0.7970325782436833	-0.3634493726959101	0.0	0.7882483232947683	0.9101109757114652	-0.47866158561446204	-0.973058239701855	-0.9446334357273402	
-0.23342122178541627	-0.9972127320090006	-0.48086264273602636	-0.9406289410789618	-0.96964769683943	-0.8784089825616748	-0.4512270805934831	-0.9837867281974726	-0.9665115841098912	-0.957994351782351	-0.7882483232947683	0.0	0.23342122178541627	-0.9866295086610689	-0.7805165742766842	-0.839933031404692	
-0.0	-0.9870811816485119	-0.6722419359271347	-0.9938764425247522	-0.8857889079421465	-0.9656978241333413	-0.6470694937514391	-0.9984726314483608	-0.8799111423861489	-0.9984726314483608	-0.9101109757114652	-0.23342122178541627	0.0	-0.997417373970575	-0.613035566982927	-0.6900551056849826	
-0.997417373970575	-0.08891172376374784	0.7867021480833905	0.18159521890119368	-0.39926954252468216	0.3283574153826163	0.8069365992469335	0.01660768786120806	-0.4107130762314088	0.1268194507662999	0.47866158561446204	0.9866295086610689	0.997417373970575	0.0	-0.743984674071672	-0.6723256241373206	
-0.613035566982927	0.6816276114337741	0.9849578728353187	0.8529560355992665	0.415319556688641	0.9221406998258599	0.9786180264369457	0.7549792677303814	0.40390180824868266	0.8227179419543419	0.973058239701855	0.7805165742766842	0.613035566982927	0.743984674071672	0.0	0.10149302122277731	
-0.6900551056849826	0.6038454896669775	0.9974092481680865	0.7955739775693884	0.3208492275891475	0.8781159484180378	0.9944403891548222	0.6845268317382883	0.3089701070057484	0.7607759443805201	0.9446334357273402	0.839933031404692	0.6900551056849826	0.6723256241373206	-0.10149302122277731	0.0	
