0.0	0.9533141639351659	0.5838226174256866	0.99602189824575	0.9160823800422203	0.8798521687261199	0.221115854930488	0.6167886742186124	0.8716667414971743	0.8902636911458178	0.8322135311245832	0.5323337698044716	0.0	0.939851230285991	0.9048443321588001	0.945116869850042	
-0.9533141639351659	0.0	0.9502808198918873	0.385727678053563	-0.10563072011508806	0.7187581745879452	0.9964899336713411	0.9366390561282995	0.7304445674891191	0.7030247021193992	0.7798821517135786	0.9677676985703446	0.9533141639351663	0.6094534769717175	-0.13262125290812232	0.5968853656998383	
-0.5838226174256866	-0.9502808198918873	0.0	-0.7566277631951105	-0.9778571996089443	-0.436875247691163	0.3898517607939236	-0.04121556480641658	-0.421558958956037	-0.4568890352345445	-0.35195503253638044	0.06203421899169548	0.5838226174256869	-0.5636230886886298	-0.9831842810018603	-0.5765688565875178	
-0.99602189824575	-0.385727678053563	0.7566277631951105	0.0	-0.4810259377964616	0.394954319996051	0.9516645449491563	0.7290362126070351	0.41047622205076234	0.3743033150840857	0.4780920344988109	0.7957313338170094	0.9960218982457505	0.2564761812019727	-0.5046785136673361	0.2412144579219662	
-0.9160823800422203	0.10563072011508806	0.9778571996089443	0.4810259377964616	0.0	0.7881778597803246	0.9820723666228869	0.9684009768450679	0.7985008639091524	0.774212494742978	0.8416360971334521	0.9889559724872056	0.9160823800422208	0.6897901854840585	-0.02718163181725919	0.678296375361348	
-0.8798521687261199	-0.7187581745879452	0.436875247691163	-0.394954319996051	-0.7881778597803246	0.0	0.7529889181852182	0.39942971337838873	0.01695730692309566	-0.022370900935818783	0.0923312873839538	0.4918349873441196	0.8798521687261204	-0.1461184533736004	-0.804615505021764	-0.1616881385854303	
-0.221115854930488	-0.9964899336713411	-0.3898517607939236	-0.9516645449491563	-0.9820723666228869	-0.7529889181852182	0.0	-0.4274749865480443	-0.7417221784259936	-0.7675212707143605	-0.6890153556495607	-0.33197499092387706	0.2211158549304881	-0.8410579574502	-0.9765856477066459	-0.8494771814503241	
-0.6167886742186124	-0.9366390561282995	0.04121556480641658	-0.7290362126070351	-0.9684009768450679	-0.39942971337838873	0.4274749865480443	0.0	-0.3838264356968341	-0.4198385847586919	-0.3130775028617429	0.10311769170840351	0.6167886742186126	-0.529098786379813	-0.9748222182439679	-0.5424038151309241	
-0.8716667414971743	-0.7304445674891191	0.421558958956037	-0.41047622205076234	-0.7985008639091524	-0.01695730692309566	0.7417221784259936	0.3838264356968341	0.0	-0.039320747514231646	0.0754331403597836	0.4769997376492123	0.8716667414971746	-0.16287274952820996	-0.8145689968760635	-0.1783990712519436	
-0.8902636911458178	-0.7030247021193992	0.4568890352345445	-0.3743033150840857	-0.774212494742978	0.022370900935818783	0.7675212707143605	0.4198385847586919	0.039320747514231646	0.0	0.11458352068721456	0.5111899854130201	0.8902636911458183	-0.12395108946047506	-0.7911303867609663	-0.1395711320245675	
-0.8322135311245832	-0.7798821517135786	0.35195503253638044	-0.4780920344988109	-0.8416360971334521	-0.0923312873839538	0.6890153556495607	0.3130775028617429	-0.0754331403597836	-0.11458352068721456	0.0	0.4093422532397882	0.8322135311245835	-0.23683459050615746	-0.8560044283262891	-0.2521138458928297	
-0.5323337698044716	-0.9677676985703446	-0.06203421899169548	-0.7957313338170094	-0.9889559724872056	-0.4918349873441196	0.33197499092387706	-0.10311769170840351	-0.4769997376492123	-0.5111899854130201	-0.4093422532397882	0.0	0.5323337698044718	-0.6137798192363555	-0.9926191429994017	-0.6261433677715323	
-0.0	-0.9533141639351663	-0.5838226174256869	-0.9960218982457505	-0.9160823800422208	-0.8798521687261204	-0.2211158549304881	-0.6167886742186126	-0.8716667414971746	-0.8902636911458183	-0.8322135311245835	-0.5323337698044718	0.0	-0.9398512302859915	-0.9048443321588006	-0.9451168698500424	
-0.939851230285991	-0.6094534769717175	0.5636230886886298	-0.2564761812019727	-0.6897901854840585	0.1461184533736004	0.8410579574502	0.529098786379813	0.16287274952820996	0.12395108946047506	0.23683459050615746	0.6137798192363555	0.9398512302859915	0.0	-0.7092150705799039	-0.01575694325156285	
-0.9048443321588001	0.13262125290812232	0.9831842810018603	0.5046785136673361	0.02718163181725919	0.804615505021764	0.9765856477066459	0.9748222182439679	0.8145689968760635	0.7911303867609663	0.8560044283262891	0.9926191429994017	0.9048443321588006	0.7092150705799039	0.0	0.6980185008259272	
-0.945116869850042	-0.5968853656998383	0.5765688565875178	-0.2412144579219662	-0.678296375361348	0.1616881385854303	0.8494771814503241	0.5424038151309241	0.1783990712519436	0.1395711320245675	0.2521138458928297	0.6261433677715323	0.9451168698500424	0.01575694325156285	-0.6980185008259272	0.0	
