0.0	-0.2736195011056963	0.11783396177440597	0.42007965815628573	0.752323345623335	0.8904487580322223	0.7771748526947271	0.9986440234150391	0.6862057716657102	0.9704408434908716	0.6843836558275755	0.2678400561991643	0.5114828057782648	0.4900719225169576	-0.08122453192888718	-0.686205760826494	
0.2736195011056963	0.0	0.38505046321868647	0.6523547892409931	0.903872089812628	0.9809871920327231	0.919700887096103	0.9747780779115904	0.4609859266323187	0.9994419840714195	0.857768238101476	0.5212411203688481	0.727083069016917	0.7098789997667057	0.19459057284306736	-0.46098591340891726	
-0.11783396177440597	-0.38505046321868647	0.0	0.3102202778677763	0.6694538316982188	0.8306209847881124	0.6976094068102071	0.9855524914914638	0.7671384946528443	0.9352421400214203	0.5937004243466011	0.15244538962558418	0.40666550550055286	0.3839440004390686	-0.19810328411150047	-0.7671384850940248	
-0.42007965815628573	-0.6523547892409931	-0.3102202778677763	0.0	0.40597785837926337	0.6168995517830779	0.4409265512442422	0.8843878769476909	0.9282920627000826	0.7792810236438886	0.314780075873027	-0.16166993971805976	0.10319239223053406	0.07855813670185402	-0.4924018689587994	-0.9282920571590572	
-0.752323345623335	-0.903872089812628	-0.6694538316982188	-0.40597785837926337	0.0	0.24425237674900988	0.038572579291554256	0.6187357075214932	0.9993138981788053	0.45775558951920703	-0.0976676929950821	-0.5483845691324266	-0.3095047470105173	-0.3329302588456601	-0.803347777912082	-0.9993138987306982	
-0.8904487580322223	-0.9809871920327231	-0.8306209847881124	-0.6168995517830779	-0.24425237674900988	0.0	-0.20666632306506783	0.4081107782359127	0.9600000226644784	0.22673151729911653	-0.33779413060862284	-0.7360251839113788	-0.5323894451611477	-0.5531645000440351	-0.9244705088336023	-0.9600000268368022	
-0.7771748526947271	-0.919700887096103	-0.6976094068102071	-0.4409265512442422	-0.038572579291554256	0.20666632306506783	0.0	0.5879726571641439	0.9971416006683343	0.42312089385943114	-0.13598317577394414	-0.5802318658329988	-0.3459529984846099	-0.36905456221858757	-0.8257202901878739	-0.9971416017941984	
-0.9986440234150391	-0.9747780779115904	-0.9855524914914638	-0.8843878769476909	-0.6187357075214932	-0.4081107782359127	-0.5879726571641439	0.0	0.7621441520199834	-0.19049191957236777	-0.6925052458171851	-0.948213535206808	-0.8315011692487438	-0.8449874839368149	-0.9995727811443391	-0.7621441616671047	
-0.6862057716657102	-0.4609859266323187	-0.7671384946528443	-0.9282920627000826	-0.9993138981788053	-0.9600000226644784	-0.9971416006683343	-0.7621441520199834	0.0	-0.8715142212916787	-0.9981535704853508	-0.8559629989234886	-0.9617085850908911	-0.9546352012583043	-0.6248550984935801	-1.4901161193847656e-08	
-0.9704408434908716	-0.9994419840714195	-0.9352421400214203	-0.7792810236438886	-0.45775558951920703	-0.22673151729911653	-0.42312089385943114	0.19049191957236777	0.8715142212916787	0.0	-0.5424013020153179	-0.8703439424786699	-0.7104527117903443	-0.7276422913113414	-0.9868369977298243	-0.8715142285987644	
-0.6843836558275755	-0.857768238101476	-0.5937004243466011	-0.314780075873027	0.0976676929950821	0.33779413060862284	0.13598317577394414	0.6925052458171851	0.9981535704853508	0.5424013020153179	0.0	-0.4640904976202097	-0.21515302635453848	-0.2392426536509906	-0.7413449350484047	-0.9981535695802416	
-0.2678400561991643	-0.5212411203688481	-0.15244538962558418	0.16166993971805976	0.5483845691324266	0.7360251839113788	0.5802318658329988	0.948213535206808	0.8559629989234886	0.8703439424786699	0.4640904976202097	0.0	0.2626417356069677	0.23869499980085152	-0.3452119297362346	-0.8559629912190356	
-0.5114828057782648	-0.727083069016917	-0.40666550550055286	-0.10319239223053406	0.3095047470105173	0.5323894451611477	0.3459529984846099	0.8315011692487438	0.9617085850908911	0.7104527117903443	0.21515302635453848	-0.2626417356069677	0.0	-0.02473473226046885	-0.5795884923744139	-0.9617085810068691	
-0.4900719225169576	-0.7098789997667057	-0.3839440004390686	-0.07855813670185402	0.3329302588456601	0.5531645000440351	0.36905456221858757	0.8449874839368149	0.9546352012583043	0.7276422913113414	0.2392426536509906	-0.23869499980085152	0.02473473226046885	0.0	-0.5592546035670327	-0.9546351968210688	
0.08122453192888718	-0.19459057284306736	0.19810328411150047	0.4924018689587994	0.803347777912082	0.9244705088336023	0.8257202901878739	0.9995727811443391	0.6248550984935801	0.9868369977298243	0.7413449350484047	0.3452119297362346	0.5795884923744139	0.5592546035670327	0.0	-0.6248550868596363	
0.686205760826494	0.46098591340891726	0.7671384850940248	0.9282920571590572	0.9993138987306982	0.9600000268368022	0.9971416017941984	0.7621441616671047	1.4901161193847656e-08	0.8715142285987644	0.9981535695802416	0.8559629912190356	0.9617085810068691	0.9546351968210688	0.6248550868596363	0.0	
