0.0	0.8864471724749103	0.8227900431175399	0.9828039320350628	0.5399039178454628	0.5687044225547602	0.870817358869482	0.909881648198167	0.0	0.48358093865203133	0.6082248517683113	0.8735075619935747	0.8021501804866352	0.9809531104647512	0.9877767420864852	0.9828038783242191	
-0.8864471724749103	0.0	-0.12299647355721888	0.6185553446095005	0.996029826665851	0.9923533426788431	0.8388235626357522	0.7888788176654762	0.8864471724749108	0.9997225611845646	0.985135124642583	0.835817178272294	-0.1580584131558641	0.2818266718743624	0.5953477128163042	0.29118624336294585	
-0.8227900431175399	0.12299647355721888	0.0	0.7105021213411825	0.9994162421546273	0.9999999047955448	0.899414160571427	0.8584762793699752	0.8227900431175402	0.9950288598628025	0.9987835835797623	0.8969969408101643	-0.03540791384649483	0.39769764489299775	0.6896510533500912	0.406641889282209	
-0.9828039320350628	-0.6185553446095005	-0.7105021213411825	0.0	0.727557824243311	0.7033849578850636	0.3223546456094285	0.2397221786521504	0.9828039320350632	0.7709536576373973	0.667805098465388	0.31714426642663635	-0.7349729701785805	-0.3720395735462071	-0.02920028493332813	-0.3629540673140061	
-0.5399039178454628	-0.996029826665851	-0.9994162421546273	-0.727557824243311	0.0	-0.03460004247781645	-0.4675698090468938	-0.5418828226810861	0.539903917845463	0.06553474458648434	-0.08340235332076446	-0.4724236586403824	-0.9975798775153758	-0.9305678419416079	-0.7472803288724482	-0.9269468147383573	
-0.5687044225547602	-0.9923533426788431	-0.9999999047955448	-0.7033849578850636	0.03460004247781645	0.0	-0.43670492629808333	-0.5124786187733229	0.5687044225547604	0.10002116730630933	-0.048872920913492934	-0.4416452953150543	-0.9993882986243623	-0.917342904057919	-0.7238408497620975	-0.9134101101643178	
-0.870817358869482	-0.8388235626357522	-0.899414160571427	-0.3223546456094285	0.4675698090468938	0.43670492629808333	0.0	-0.08602971459430692	0.8708173588694823	0.5244945090772434	0.39221675145763474	-0.005499050153534635	-0.9143268851468327	-0.6513947393231716	-0.3498587311595482	-0.643951532509249	
-0.909881648198167	-0.7888788176654762	-0.8584762793699752	-0.2397221786521504	0.5418828226810861	0.5124786187733229	0.08602971459430692	0.0	0.9098816481981674	0.5957968720319622	0.4698990327951493	0.08054975101566253	-0.8760970304389691	-0.5837056390093007	-0.2679688058151689	-0.5757456939716169	
-0.0	-0.8864471724749108	-0.8227900431175402	-0.9828039320350632	-0.539903917845463	-0.5687044225547604	-0.8708173588694823	-0.9098816481981674	0.0	-0.48358093865203156	-0.6082248517683115	-0.873507561993575	-0.8021501804866356	-0.9809531104647516	-0.9877767420864857	-0.9828038783242196	
-0.48358093865203133	-0.9997225611845646	-0.9950288598628025	-0.7709536576373973	-0.06553474458648434	-0.10002116730630933	-0.5244945090772434	-0.5957968720319622	0.48358093865203156	0.0	-0.14852948083141265	-0.5291685461303335	-0.9908787528016894	-0.9525609372931961	-0.7892223139884844	-0.9495423073462655	
-0.6082248517683113	-0.985135124642583	-0.9987835835797623	-0.667805098465388	0.08340235332076446	0.048872920913492934	-0.39221675145763474	-0.4698990327951493	0.6082248517683115	0.14852948083141265	0.0	-0.39726924799985436	-0.9999032096560939	-0.8967904729185447	-0.6892551620986841	-0.8924253311757675	
-0.8735075619935747	-0.835817178272294	-0.8969969408101643	-0.31714426642663635	0.4724236586403824	0.4416452953150543	0.005499050153534635	-0.08054975101566253	0.873507561993575	0.5291685461303335	0.39726924799985436	0.0	-0.9120860719494108	-0.6472125464065137	-0.3447019175660503	-0.6397346581485452	
-0.8021501804866352	0.1580584131558641	0.03540791384649483	0.7349729701785805	0.9975798775153758	0.9993882986243623	0.9143268851468327	0.8760970304389691	0.8021501804866356	0.9908787528016894	0.9999032096560939	0.9120860719494108	0.0	0.42993561214289067	0.7148589553567543	0.438735134135898	
-0.9809531104647512	-0.2818266718743624	-0.39769764489299775	0.3720395735462071	0.9305678419416079	0.917342904057919	0.6513947393231716	0.5837056390093007	0.9809531104647516	0.9525609372931961	0.8967904729185447	0.6472125464065137	-0.42993561214289067	0.0	0.34477673166332395	0.009769002921990094	
-0.9877767420864852	-0.5953477128163042	-0.6896510533500912	0.02920028493332813	0.7472803288724482	0.7238408497620975	0.3498587311595482	0.2679688058151689	0.9877767420864857	0.7892223139884844	0.6892551620986841	0.3447019175660503	-0.7148589553567543	-0.34477673166332395	0.0	-0.33559026587823415	
-0.9828038783242191	-0.29118624336294585	-0.406641889282209	0.3629540673140061	0.9269468147383573	0.9134101101643178	0.643951532509249	0.5757456939716169	0.9828038783242196	0.9495423073462655	0.8924253311757675	0.6397346581485452	-0.438735134135898	-0.009769002921990094	0.33559026587823415	0.0	
