0.0	0.5347653559844103	0.46717424910911276	-0.6384860803839395	0.47713980677289947	0.6436840075783652	0.9409812243581177	0.9939034127827928	0.9187480285730202	0.9988013451157001	0.8418677448463159	0.638486103320801	0.9842745461086099	0.999781061861488	0.9842745461086099	0.9999999440696449	
-0.5347653559844103	0.0	-0.07805843342781893	-0.9510943844421702	-0.0667830261572408	0.134662054642625	0.6141336773993793	0.7808888113572102	0.5651935565246431	0.8701632464324578	0.9999829966250653	0.9510943936481198	0.926176453356012	0.8560052136210534	0.926176453356012	0.845179408156519	
-0.46717424910911276	0.07805843342781893	0.0	-0.9240801083200864	0.011304912849810334	0.21159861656888054	0.6738636970727103	0.8272669171875014	0.6278639845282052	0.905972543168793	0.9964766358235149	0.924080119710499	0.9527855770187649	0.893747007015435	0.9527855770187649	0.8843214676078893	
0.6384860803839395	0.9510943844421702	0.9240801083200864	0.0	0.9283417818062882	0.9840285867978656	0.9403117614310793	0.8353370561452496	0.9592017627716138	0.7374584490015111	0.3033488590561011	2.9802322387695312e-08	0.6447448703392399	0.756104963513671	0.6447448703392399	0.7694197821671244	
-0.47713980677289947	0.0667830261572408	-0.011304912849810334	-0.9283417818062882	0.0	0.20053616309814495	0.6654679363657676	0.8208628499646852	0.6190249878176697	0.9011288675073768	0.99736111070446	0.9283417928846387	0.9492920232577173	0.8886188338711434	0.9492920232577173	0.8789869363414418	
-0.6436840075783652	-0.134662054642625	-0.21159861656888054	-0.9840285867978656	-0.20053616309814495	0.0	0.5022643269600742	0.6896567994891176	0.44895495493119886	0.7958808842702121	0.9916600179592532	0.9840285921029917	0.8669606834497476	0.778592498128579	0.8669606834497476	0.765506622433306	
-0.9409812243581177	-0.6141336773993793	-0.6738636970727103	-0.9403117614310793	-0.6654679363657676	-0.5022643269600742	0.0	0.23264811479298586	-0.06058279619378654	0.38411189441016325	0.7927699237261774	0.9403117512889237	0.4993564064873687	0.3580740818603089	0.4993564064873687	0.33877346243799566	
-0.9939034127827928	-0.7808888113572102	-0.8272669171875014	-0.8353370561452496	-0.8208628499646852	-0.6896567994891176	-0.23264811479298586	0.0	-0.29114124449942413	0.15877136427750876	0.6292131805322312	0.8353370397617765	0.2840890042138822	0.13102692120804565	0.2840890042138822	0.11058668972641467	
-0.9187480285730202	-0.5651935565246431	-0.6278639845282052	-0.9592017627716138	-0.6190249878176697	-0.44895495493119886	0.06058279619378654	0.29114124449942413	0.0	0.4393416291085037	0.8282402309091648	0.9592017543458281	0.5509279088908902	0.4139821061436617	0.5509279088908902	0.39515160762827617	
-0.9988013451157001	-0.8701632464324578	-0.905972543168793	-0.7374584490015111	-0.9011288675073768	-0.7958808842702121	-0.38411189441016325	-0.15877136427750876	-0.4393416291085037	0.0	0.497829541911205	0.7374584288732456	0.1282557896397662	-0.028037672135139302	0.1282557896397662	-0.0486135979868032	
-0.8418677448463159	-0.9999829966250653	-0.9964766358235149	-0.3033488590561011	-0.99736111070446	-0.9916600179592532	-0.7927699237261774	-0.6292131805322312	-0.8282402309091648	-0.497829541911205	0.0	0.30334883065807694	-0.38248500153185266	-0.5219501980033509	-0.38248500153185266	-0.5394022913645841	
-0.638486103320801	-0.9510943936481198	-0.924080119710499	-2.9802322387695312e-08	-0.9283417928846387	-0.9840285921029917	-0.9403117512889237	-0.8353370397617765	-0.9592017543458281	-0.7374584288732456	-0.30334883065807694	0.0	-0.6447448475584088	-0.7561049440095298	-0.6447448475584088	-0.7694197631310857	
-0.9842745461086099	-0.926176453356012	-0.9527855770187649	-0.6447448703392399	-0.9492920232577173	-0.8669606834497476	-0.4993564064873687	-0.2840890042138822	-0.5509279088908902	-0.1282557896397662	0.38248500153185266	0.6447448475584088	0.0	-0.15601148049378616	0.0	-0.17631625189605815	
-0.999781061861488	-0.8560052136210534	-0.893747007015435	-0.756104963513671	-0.8886188338711434	-0.778592498128579	-0.3580740818603089	-0.13102692120804565	-0.4139821061436617	0.028037672135139302	0.5219501980033509	0.7561049440095298	0.15601148049378616	0.0	0.15601148049378616	-0.020589964310459563	
-0.9842745461086099	-0.926176453356012	-0.9527855770187649	-0.6447448703392399	-0.9492920232577173	-0.8669606834497476	-0.4993564064873687	-0.2840890042138822	-0.5509279088908902	-0.1282557896397662	0.38248500153185266	0.6447448475584088	0.0	-0.15601148049378616	0.0	-0.17631625189605815	
-0.9999999440696449	-0.845179408156519	-0.8843214676078893	-0.7694197821671244	-0.8789869363414418	-0.765506622433306	-0.33877346243799566	-0.11058668972641467	-0.39515160762827617	0.0486135979868032	0.5394022913645841	0.7694197631310857	0.17631625189605815	0.020589964310459563	0.17631625189605815	0.0	
