0.0	0.8259397657818418	0.994919765217446	0.8965448587738581	0.9420151398810803	0.9926762059284795	0.8304809356355443	0.23015363704239686	0.6745217407640997	0.966932219778568	0.7812956805941954	0.6817943826991938	0.32326344305032345	0.0	0.7758865927208272	0.6191980563492928	
-0.8259397657818418	0.0	0.4777461228644262	0.1395822149930913	0.2539080062360102	0.45985152029044846	0.008103271474761975	-0.6740157996025656	-0.22948686925077627	0.33447383201685676	0.9559814418387551	0.9885784567507823	0.9638367165674739	0.8259397657818421	0.9584751722048495	0.997634775610691	
-0.994919765217446	-0.4777461228644262	0.0	-0.35044653094017575	-0.23903194274673295	-0.02025794462626783	-0.47061173013215435	-0.945040644840139	-0.6665996617708627	-0.15639577848396335	0.6996440580686156	0.7964644038436864	0.9740448111402153	0.9949197652174464	0.7057767478844282	0.843580990870125	
-0.8965448587738581	-0.1395822149930913	0.35044653094017575	0.0	0.11641449146085114	0.33140137339459064	-0.13155368784398386	-0.7705292573129628	-0.3630973151363601	0.19965651290336534	0.9056656382124864	0.9578647203632447	0.9915989754452788	0.8965448587738586	0.9092866693448429	0.9782738720883235	
-0.9420151398810803	-0.2539080062360102	0.23903194274673295	-0.11641449146085114	0.0	0.21931218889096546	-0.2460619558377402	-0.8394933475538854	-0.46909785876653654	0.08422839587912473	0.8501488755082414	0.9179153883307488	0.9999150510499505	0.9420151398810808	0.8546559141947738	0.9474876391300621	
-0.9926762059284795	-0.45985152029044846	0.02025794462626783	-0.33140137339459064	-0.21931218889096546	0.0	-0.45264075121406766	-0.938223316861497	-0.6513622723181689	-0.13635502417967676	0.7139746123577378	0.8085506425134127	0.978430416691185	0.9926762059284799	0.7199833363422024	0.8542864329997488	
-0.8304809356355443	-0.008103271474761975	0.47061173013215435	0.13155368784398386	0.2460619558377402	0.45264075121406766	0.0	-0.6799796941091703	-0.23736634412669805	0.3268262866952273	0.9535723352913146	0.9873247790250429	0.9659645409889087	0.8304809356355446	0.9561328450557569	0.9970450219756015	
-0.23015363704239686	0.6740157996025656	0.945040644840139	0.7705292573129628	0.8394933475538854	0.938223316861497	0.6799796941091703	0.0	0.48650166693272434	0.8822773674299618	0.9039741995703362	0.8318586194867434	0.5323816724898938	0.23015363704239697	0.9002549579236754	0.7832999110982173	
-0.6745217407640997	0.22948686925077627	0.6665996617708627	0.3630973151363601	0.46909785876653654	0.6513622723181689	0.23736634412669805	-0.48650166693272434	0.0	0.5418168949440536	0.9978056513671323	0.9967803391915679	0.8769568500853697	0.6745217407641	0.9983392988850666	0.9867840279102934	
-0.966932219778568	-0.33447383201685676	0.15639577848396335	-0.19965651290336534	-0.08422839587912473	0.13635502417967676	-0.3268262866952273	-0.8822773674299618	-0.5418168949440536	0.0	0.8027780291823815	0.8812337314856766	0.9974596785842049	0.9669322197785685	0.8078879255234823	0.9171851178613586	
-0.7812956805941954	-0.9559814418387551	-0.6996440580686156	-0.9056656382124864	-0.8501488755082414	-0.7139746123577378	-0.9535723352913146	-0.9039741995703362	-0.9978056513671323	-0.8027780291823815	0.0	0.14600253695664062	0.5375786824490151	0.7812956805941957	0.008619670202066165	0.22702126483175916	
-0.6817943826991938	-0.9885784567507823	-0.7964644038436864	-0.9578647203632447	-0.9179153883307488	-0.8085506425134127	-0.9873247790250429	-0.8318586194867434	-0.9967803391915679	-0.8812337314856766	-0.14600253695664062	0.0	0.4087067816873564	0.6817943826991941	-0.13746980928105512	0.08239817217596945	
-0.32326344305032345	-0.9638367165674739	-0.9740448111402153	-0.9915989754452788	-0.9999150510499505	-0.978430416691185	-0.9659645409889087	-0.5323816724898938	-0.8769568500853697	-0.9974596785842049	-0.5375786824490151	-0.4087067816873564	0.0	0.3232634430503236	-0.5302904883105759	-0.33211498032953274	
-0.0	-0.8259397657818421	-0.9949197652174464	-0.8965448587738586	-0.9420151398810808	-0.9926762059284799	-0.8304809356355446	-0.23015363704239697	-0.6745217407641	-0.9669322197785685	-0.7812956805941957	-0.6817943826991941	-0.3232634430503236	0.0	-0.7758865927208275	-0.619198056349293	
-0.7758865927208272	-0.9584751722048495	-0.7057767478844282	-0.9092866693448429	-0.8546559141947738	-0.7199833363422024	-0.9561328450557569	-0.9002549579236754	-0.9983392988850666	-0.8078879255234823	-0.008619670202066165	0.13746980928105512	0.5302904883105759	0.7758865927208275	0.0	0.2186182220796266	
-0.6191980563492928	-0.997634775610691	-0.843580990870125	-0.9782738720883235	-0.9474876391300621	-0.8542864329997488	-0.9970450219756015	-0.7832999110982173	-0.9867840279102934	-0.9171851178613586	-0.22702126483175916	-0.08239817217596945	0.33211498032953274	0.619198056349293	-0.2186182220796266	0.0	
