0.0	0.2066183842462235	-0.6776447634122783	-0.9811784258877229	-0.41100699032880167	0.12497604443106936	0.6367437789803043	0.9811784258877229	0.5756330505974844	0.3919276636234132	0.7717974806092803	0.6846657810792885	0.17276171163989915	-0.8637901023328802	0.007023900544420897	0.2402455115191608	
-0.2066183842462235	0.0	-0.8149672494915701	-0.9999048716503727	-0.5904980910220544	-0.0827191840442621	0.463685507212415	0.9999048716503727	0.3942582818073702	0.19338240042303292	0.6237612263860421	0.5192965046123303	-0.03447780608803912	-0.94925595050699	-0.19974095133974237	0.03449442202302135	
0.6776447634122783	0.8149672494915701	0.0	-0.5906927559574855	0.31551259581182106	0.7642379242278954	0.9907698731679011	0.5906927559574855	0.9774300800964574	0.9116499469650099	0.9984645945672529	0.997402201987775	0.7945025913400949	-0.2937895389062994	0.6827933493741408	0.8344720142093723	
0.9811784258877229	0.9999048716503727	0.5906927559574855	0.0	0.8151070203215788	0.9976190415459271	0.879519947776226	0.0	0.9134742386404372	0.9783628000364321	0.7729370410869915	0.8473501698683682	0.9997859452949046	0.32756779182014506	0.9825105608767206	0.998834036044698	
0.41100699032880167	0.5904980910220544	-0.31551259581182106	-0.8151070203215788	0.0	0.5217167820268179	0.8973935298933551	0.8151070203215788	0.8608493786167792	0.7354186771049961	0.9649417951942276	0.9237287570646154	0.5623220831114	-0.5803722434438635	0.4174000655033424	0.617985024980669	
-0.12497604443106936	0.0827191840442621	-0.7642379242278954	-0.9976190415459271	-0.5217167820268179	0.0	0.5353855940626654	0.9976190415459271	0.46892602104248227	0.27387739098435454	0.6862780826784483	0.5882081511314359	0.048310357434132464	-0.9199871879308744	-0.1180041300605747	0.11704616310286795	
-0.6367437789803043	-0.463685507212415	-0.9907698731679011	-0.879519947776226	-0.8973935298933551	-0.5353855940626654	0.0	0.879519947776226	-0.07681404943765413	-0.2835959504664733	0.19022883347118125	0.06383371371090907	-0.49395716068738543	-0.9868718612042043	-0.6313121145323357	-0.43284751043745884	
-0.9811784258877229	-0.9999048716503727	-0.5906927559574855	-0.0	-0.8151070203215788	-0.9976190415459271	-0.879519947776226	0.0	-0.9134742386404372	-0.9783628000364321	-0.7729370410869915	-0.8473501698683682	-0.9997859452949046	-0.32756779182014506	-0.9825105608767206	-0.998834036044698	
-0.5756330505974844	-0.3942582818073702	-0.9774300800964574	-0.9134742386404372	-0.8608493786167792	-0.46892602104248227	0.07681404943765413	0.9134742386404372	0.0	-0.20909768665156328	0.26507819805368843	0.14030250386354376	-0.4257089736254732	-0.9963619537110099	-0.5698753503408105	-0.36232329218369913	
-0.3919276636234132	-0.19338240042303292	-0.9116499469650099	-0.9783628000364321	-0.7354186771049961	-0.27387739098435454	0.2835959504664733	0.9783628000364321	0.20909768665156328	0.0	0.46083619820691213	0.3442305185347613	-0.22709441203037287	-0.992156937824782	-0.3854560349344689	-0.1594240299433278	
-0.7717974806092803	-0.6237612263860421	-0.9984645945672529	-0.7729370410869915	-0.9649417951942276	-0.6862780826784483	-0.19022883347118125	0.7729370410869915	-0.26507819805368843	-0.46083619820691213	0.0	-0.1271727751498602	-0.6503387464331851	-0.9381284157773253	-0.7673121654420901	-0.5964286640613636	
-0.6846657810792885	-0.5192965046123303	-0.997402201987775	-0.8473501698683682	-0.9237287570646154	-0.5882081511314359	-0.06383371371090907	0.8473501698683682	-0.14030250386354376	-0.3442305185347613	0.1271727751498602	0.0	-0.5484522949592359	-0.9745497075317454	-0.6795294715725353	-0.4895087354032468	
-0.17276171163989915	0.03447780608803912	-0.7945025913400949	-0.9997859452949046	-0.5623220831114	-0.048310357434132464	0.49395716068738543	0.9997859452949046	0.4257089736254732	0.22709441203037287	0.6503387464331851	0.5484522949592359	0.0	-0.9378481549445629	-0.16583916325785406	0.06893120185004017	
0.8637901023328802	0.94925595050699	0.2937895389062994	-0.32756779182014506	0.5803722434438635	0.9199871879308744	0.9868718612042043	0.32756779182014506	0.9963619537110099	0.992156937824782	0.9381284157773253	0.9745497075317454	0.9378481549445629	0.0	0.8673077995413622	0.9595396933639677	
-0.007023900544420897	0.19974095133974237	-0.6827933493741408	-0.9825105608767206	-0.4174000655033424	0.1180041300605747	0.6313121145323357	0.9825105608767206	0.5698753503408105	0.3854560349344689	0.7673121654420901	0.6795294715725353	0.16583916325785406	-0.8673077995413622	0.0	0.23342139951154275	
-0.2402455115191608	-0.03449442202302135	-0.8344720142093723	-0.998834036044698	-0.617985024980669	-0.11704616310286795	0.43284751043745884	0.998834036044698	0.36232329218369913	0.1594240299433278	0.5964286640613636	0.4895087354032468	-0.06893120185004017	-0.9595396933639677	-0.23342139951154275	0.0	
