0.0	0.7398906182604517	-0.6822795638259167	-0.9379404037650059	-0.9741602197729518	-0.4787820137026504	-0.1633181820106248	-0.3339572517561603	-0.26290007667497717	-0.3016721193341859	-0.8432668981911492	-0.739890638309284	-0.9924748089132923	-0.4693550684142547	-0.1006943433109761	-0.04134855666693932	
-0.7398906182604517	0.0	-0.9999156627312494	-0.37438655032908935	-0.8224543323455612	-0.971664672103692	-0.8398250213347748	-0.9220743052198427	-0.890723565195029	-0.9083634338368095	-0.9649761228614883	-2.980232238769532e-08	-0.7582636444158297	-0.9690783793404852	-0.8038698789907935	-0.7670741493907194	
0.6822795638259167	0.9999156627312494	0.0	-0.9223322898413314	-0.5581017902241695	0.24896290017266964	0.5537183888185858	0.39895541419461966	0.46607508277498366	0.429943457115208	-0.24978326065314582	-0.9999156623442004	-0.6420453321038067	0.2593179112487438	0.6051950495578854	0.6514664934650615	
0.9379404037650059	0.37438655032908935	0.9223322898413314	0.0	0.5496767419027968	0.989489514177979	0.9819852703929778	0.999906775999202	0.9961193579224332	0.9988622149958357	0.7965803251641282	-0.37438652269420847	0.45903662031106024	0.9909809955143436	0.9680936794810937	0.9514777948675024	
0.9741602197729518	0.8224543323455612	0.5581017902241695	-0.5496767419027968	0.0	0.74711141817544	0.9241938796528448	0.8428050091525454	0.8805141475150995	0.8606407016526811	0.33314767358587516	-0.8224543153930719	-0.10487351228623326	0.7541851238522707	0.9464663313803707	0.9639881960695178	
0.4787820137026504	0.971664672103692	-0.24896290017266964	-0.989489514177979	-0.74711141817544	0.0	0.3289710682815129	0.1581019223994957	0.23113106339977177	0.19162823478409655	-0.4829895582246802	-0.9716646791478769	-0.8127008240714277	0.010706392336775172	0.38794559122402705	0.4420712549617104	
0.1633181820106248	0.8398250213347748	-0.5537183888185858	-0.9819852703929778	-0.9241938796528448	-0.3289710682815129	0.0	-0.1755315632723538	-0.10179708635566048	-0.14191223249140045	-0.7441620167983715	-0.8398250375131797	-0.9591511504059584	-0.31884173874178334	0.06314573673104656	0.12238512129503554	
0.3339572517561603	0.9220743052198427	-0.39895541419461966	-0.999906775999202	-0.8428050091525454	-0.1581019223994957	0.1755315632723538	0.0	0.07440314420270117	0.03404617587919645	-0.6153530725038718	-0.9220743167537254	-0.8946023381637185	-0.14752112489984476	0.23734658147465348	0.2946969832863231	
0.26290007667497717	0.890723565195029	-0.46607508277498366	-0.9961193579224332	-0.8805141475150995	-0.23113106339977177	0.10179708635566048	-0.07440314420270117	0.0	-0.04040820157868147	-0.6722958623903865	-0.8907235787415377	-0.9253707413056012	-0.2207013247870966	0.16441163781811619	0.2227811987503055	
0.3016721193341859	0.9083634338368095	-0.429943457115208	-0.9988622149958357	-0.8606407016526811	-0.19162823478409655	0.14191223249140045	-0.03404617587919645	0.04040820157868147	0.0	-0.6418332811244676	-0.908363446299593	-0.9092976829166857	-0.18110927457351614	0.20413567475861688	0.2619919250641898	
0.8432668981911492	0.9649761228614883	0.24978326065314582	-0.7965803251641282	-0.33314767358587516	0.4829895582246802	0.7441620167983715	0.6153530725038718	0.6722958623903865	0.6418332811244676	0.0	-0.9649761150432146	-0.4301931310516326	0.49233667233573547	0.7848582048098549	0.8203210768747584	
0.739890638309284	2.980232238769532e-08	0.9999156623442004	0.37438652269420847	0.8224543153930719	0.9716646791478769	0.8398250375131797	0.9220743167537254	0.8907235787415377	0.908363446299593	0.9649761150432146	0.0	0.758263624986264	0.9690783866943006	0.8038698967173695	0.7670741685106511	
0.9924748089132923	0.7582636444158297	0.6420453321038067	-0.45903662031106024	0.10487351228623326	0.8127008240714277	0.9591511504059584	0.8946023381637185	0.9253707413056012	0.9092976829166857	0.4301931310516326	-0.758263624986264	0.0	0.8188926575141884	0.9751005446017607	0.9865629385671175	
0.4693550684142547	0.9690783793404852	-0.2593179112487438	-0.9909809955143436	-0.7541851238522707	-0.010706392336775172	0.31884173874178334	0.14752112489984476	0.2207013247870966	0.18110927457351614	-0.49233667233573547	-0.9690783866943006	-0.8188926575141884	0.0	0.3780554640400405	0.43244249850805816	
0.1006943433109761	0.8038698789907935	-0.6051950495578854	-0.9680936794810937	-0.9464663313803707	-0.38794559122402705	-0.06314573673104656	-0.23734658147465348	-0.16441163781811619	-0.20413567475861688	-0.7848582048098549	-0.8038698967173695	-0.9751005446017607	-0.3780554640400405	0.0	0.059469828936171865	
0.04134855666693932	0.7670741493907194	-0.6514664934650615	-0.9514777948675024	-0.9639881960695178	-0.4420712549617104	-0.12238512129503554	-0.2946969832863231	-0.2227811987503055	-0.2619919250641898	-0.8203210768747584	-0.7670741685106511	-0.9865629385671175	-0.43244249850805816	-0.059469828936171865	0.0	
