0.0	0.23708834418296687	0.2579992506742238	0.4923894330594377	0.5153400454997766	0.8462441671914186	0.7858467499996331	0.9679231674633869	0.42696978831514987	0.9989422454239802	0.9351669861615735	0.5544503972309609	0.18703618863509242	0.7024318644974427	0.3188996821883098	-0.7858467499996331	
-0.23708834418296687	0.0	0.021581454352023854	0.27199470356766736	0.29746537763108366	0.6957965826360986	0.9100612398667901	0.8807582457585443	0.20040516333733188	0.9595585833721437	0.9924819807431389	0.3413330630242103	-0.05120102147700678	0.5136563289513274	0.08509764437737655	-0.9100612398667901	
-0.2579992506742238	-0.021581454352023854	0.0	0.2511635476641991	0.2767915777925278	0.6801338869381494	0.918794228122723	0.8703328646840978	0.1792148539502641	0.9532597218009673	0.9948921973743308	0.32096823998043467	-0.07274224383092381	0.4950198929386604	0.06357465442438937	-0.918794228122723	
-0.4923894330594377	-0.27199470356766736	-0.2511635476641991	0.0	0.026568348418932616	0.47420700429297014	0.988485473375919	0.7187450689245463	-0.07362713805029858	0.8468130629554392	0.9883538283590185	0.07280502130379188	-0.32090862536304243	0.260920468496463	-0.18911871779053	-0.988485473375919	
-0.5153400454997766	-0.29746537763108366	-0.2767915777925278	-0.026568348418932616	0.0	0.450648479412911	0.9921567478247786	0.7000190772265904	-0.10009738524836385	0.8323826817724805	0.9839619456246673	0.04628147991532891	-0.34595849704578124	0.23518033453874548	-0.21514086084237624	-0.9921567478247786	
-0.8462441671914186	-0.6957965826360986	-0.6801338869381494	-0.47420700429297014	-0.450648479412911	0.0	0.9420308436861499	0.30308911326373034	-0.5377422474674252	0.49331929008724196	0.7979982935607223	-0.40885003568924944	-0.7316585185093213	-0.22806274480654437	-0.6321522232177572	-0.9420308436861499	
-0.7858467499996331	-0.9100612398667901	-0.918794228122723	-0.988485473375919	-0.9921567478247786	-0.9420308436861499	0.0	-0.796025437535403	-0.9746616158811567	-0.6539023450641224	-0.29997462824917004	-0.9968787732612076	-0.8876460914973049	-0.9937260206327213	-0.9420308436861501	-0.0	
-0.9679231674633869	-0.8807582457585443	-0.8703328646840978	-0.7187450689245463	-0.7000190772265904	-0.30308911326373034	0.796025437535403	0.0	-0.7679852921590481	0.20647309280097642	0.5778026275409982	-0.666218241336233	-0.9038500860068387	-0.512436814437946	-0.837264032746031	-0.796025437535403	
-0.42696978831514987	-0.20040516333733188	-0.1792148539502641	0.07362713805029858	0.10009738524836385	0.5377422474674252	0.9746616158811567	0.7679852921590481	0.0	0.8836762603477123	0.9968753606575994	0.14603916259235927	-0.25030461720702435	0.33128900440805215	-0.11630693945023615	-0.9746616158811567	
-0.9989422454239802	-0.9595585833721437	-0.9532597218009673	-0.8468130629554392	-0.8323826817724805	-0.49331929008724196	0.6539023450641224	-0.20647309280097642	-0.8836762603477123	0.0	0.3968338057824842	-0.805841476351833	-0.9727135442402122	-0.6786985617039133	-0.9321221424249605	-0.6539023450641224	
-0.9351669861615735	-0.9924819807431389	-0.9948921973743308	-0.9883538283590185	-0.9839619456246673	-0.7979982935607223	0.29997462824917004	-0.5778026275409982	-0.9968753606575994	-0.3968338057824842	0.0	-0.9746519485733387	-0.9849136730654452	-0.9144124224764935	-0.9992970402287357	-0.29997462824917004	
-0.5544503972309609	-0.3413330630242103	-0.32096823998043467	-0.07280502130379188	-0.04628147991532891	0.40885003568924944	0.9968787732612076	0.666218241336233	-0.14603916259235927	0.805841476351833	0.9746519485733387	0.0	-0.38901137117298057	0.18994495873566786	-0.26010803189353066	-0.9968787732612076	
-0.18703618863509242	0.05120102147700678	0.07274224383092381	0.32090862536304243	0.34595849704578124	0.7316585185093213	0.8876460914973049	0.9038500860068387	0.25030461720702435	0.9727135442402122	0.9849136730654452	0.38901137117298057	0.0	0.5569128734296633	0.13600132327896963	-0.8876460914973049	
-0.7024318644974427	-0.5136563289513274	-0.4950198929386604	-0.260920468496463	-0.23518033453874548	0.22806274480654437	0.9937260206327213	0.512436814437946	-0.33128900440805215	0.6786985617039133	0.9144124224764935	-0.18994495873566786	-0.5569128734296633	0.0	-0.4387796600071117	-0.9937260206327213	
-0.3188996821883098	-0.08509764437737655	-0.06357465442438937	0.18911871779053	0.21514086084237624	0.6321522232177572	0.9420308436861501	0.837264032746031	0.11630693945023615	0.9321221424249605	0.9992970402287357	0.26010803189353066	-0.13600132327896963	0.4387796600071117	0.0	-0.9420308436861501	
0.7858467499996331	0.9100612398667901	0.918794228122723	0.988485473375919	0.9921567478247786	0.9420308436861499	0.0	0.796025437535403	0.9746616158811567	0.6539023450641224	0.29997462824917004	0.9968787732612076	0.8876460914973049	0.9937260206327213	0.9420308436861501	0.0	
