0.0	0.9410493360416211	0.8445321938228421	0.6910439822266456	0.9917071805555189	0.9932245577855746	0.9953900708120214	0.24588798475528142	0.8468883453852443	0.9973474042410404	0.9999113589618502	0.9111265758047346	-0.2458879643288481	0.09075567444367105	0.06341482417759861	-0.2458879643288481	
-0.9410493360416211	0.0	-0.21825707259971405	-0.44644342886133814	0.45640588276217386	0.22661720809857466	0.42696539076639606	0.9953338419071746	0.7868988737090135	0.4058695511512813	0.3507688981847356	-0.07962530929293096	-0.9953338398737752	-0.906465940615462	-0.9177039524010364	-0.9953338398737752	
-0.8445321938228421	0.21825707259971405	0.0	-0.2403812458410962	0.6396015006808657	0.43373263940315815	0.614034694005744	0.9502777703384546	0.9026102784213941	0.5955564769980022	0.5467017864749196	0.13985842933121254	-0.9502777637761157	-0.7924468708139989	-0.8088734237022467	-0.9502777637761157	
-0.6910439822266456	0.44644342886133814	0.2403812458410962	0.0	0.8056301235366101	0.637608478272242	0.7857581870110486	0.8475586839489109	0.9796186371606557	0.7711953858446268	0.7319495009608048	0.37377623928697323	-0.8475586727652089	-0.6225928189194984	-0.6438160455798483	-0.8475586727652089	
-0.9917071805555189	-0.45640588276217386	-0.6396015006808657	-0.8056301235366101	0.0	-0.24289440501585416	-0.032811499787902376	0.9296590112972748	0.4185205020263789	-0.05599225480489911	-0.11530255351113608	-0.5258050786150342	-0.9296590190611692	-0.999278326791057	-0.997861070684333	-0.9296590190611692	
-0.9932245577855746	-0.22661720809857466	-0.43373263940315815	-0.637608478272242	0.24289440501585416	0.0	0.21093473531599904	0.9913056952901186	0.6265854412473619	0.18819791314274187	0.12942484374176774	-0.30345143714299827	-0.9913056980629372	-0.9785789068728227	-0.9838559544638301	-0.9913056980629372	
-0.9953900708120214	-0.42696539076639606	-0.614034694005744	-0.7857581870110486	0.032811499787902376	-0.21093473531599904	0.0	0.9412468931837252	0.4480947981685278	-0.023202081000930297	-0.08264780891860263	-0.4976123342282719	-0.9412469003006259	-0.999986603018441	-0.9994686796194829	-0.9412469003006259	
-0.24588798475528142	-0.9953338419071746	-0.9502777703384546	-0.8475586839489109	-0.9296590112972748	-0.9913056952901186	-0.9412468931837252	0.0	-0.6901313537375168	-0.9488292944651439	-0.9659384712136322	-0.9844903837815727	-2.1073424255447017e-08	-0.33284256787603655	-0.3068609529603163	-2.1073424255447017e-08	
-0.8468883453852443	-0.7868988737090135	-0.9026102784213941	-0.9796186371606557	-0.4185205020263789	-0.6265854412473619	-0.4480947981685278	0.6901313537375168	0.0	-0.4687165056961625	-0.5204477721006451	-0.8335357060496154	-0.6901313689880193	-0.8916546098718279	-0.8789059232571831	-0.6901313689880193	
-0.9973474042410404	-0.4058695511512813	-0.5955564769980022	-0.7711953858446268	0.05599225480489911	-0.18819791314274187	0.023202081000930297	0.9488292944651439	0.4687165056961625	0.0	-0.059502857305455265	-0.47735290031509914	-0.9488293011199085	-0.9998375023719419	-0.999955863071346	-0.9488293011199085	
-0.9999113589618502	-0.3507688981847356	-0.5467017864749196	-0.7319495009608048	0.11530255351113608	-0.12942484374176774	0.08264780891860263	0.9659384712136322	0.5204477721006451	0.059502857305455265	0.0	-0.42422124009346673	-0.965938476666841	-0.9969932739217846	-0.9987431244877554	-0.965938476666841	
-0.9111265758047346	0.07962530929293096	-0.13985842933121254	-0.37377623928697323	0.5258050786150342	0.30345143714299827	0.4976123342282719	0.9844903837815727	0.8335357060496154	0.47735290031509914	0.42422124009346673	0.0	-0.9844903800844815	-0.8699636974959931	-0.8831577717918621	-0.9844903800844815	
0.2458879643288481	0.9953338398737752	0.9502777637761157	0.8475586727652089	0.9296590190611692	0.9913056980629372	0.9412469003006259	2.1073424255447017e-08	0.6901313689880193	0.9488293011199085	0.965938476666841	0.9844903800844815	0.0	0.3328425480041681	0.3068609329035929	0.0	
-0.09075567444367105	0.906465940615462	0.7924468708139989	0.6225928189194984	0.999278326791057	0.9785789068728227	0.999986603018441	0.33284256787603655	0.8916546098718279	0.9998375023719419	0.9969932739217846	0.8699636974959931	-0.3328425480041681	0.0	-0.027419883213781138	-0.3328425480041681	
-0.06341482417759861	0.9177039524010364	0.8088734237022467	0.6438160455798483	0.997861070684333	0.9838559544638301	0.9994686796194829	0.3068609529603163	0.8789059232571831	0.999955863071346	0.9987431244877554	0.8831577717918621	-0.3068609329035929	0.027419883213781138	0.0	-0.3068609329035929	
0.2458879643288481	0.9953338398737752	0.9502777637761157	0.8475586727652089	0.9296590190611692	0.9913056980629372	0.9412469003006259	2.1073424255447017e-08	0.6901313689880193	0.9488293011199085	0.965938476666841	0.9844903800844815	0.0	0.3328425480041681	0.3068609329035929	0.0	
