0.0	0.08401094609581483	-0.1266931868168032	-0.7562168887390742	0.29806550310863167	0.7056218905722121	0.7830437849327403	0.9017942364510001	0.9892908822063143	0.7562168984892174	0.868972077014313	0.6322654600057961	0.5931897905719867	0.42819780417684106	0.3648274780215014	0.053193613079801694	
-0.08401094609581483	0.0	-0.2095792869580096	-0.8085136640347785	0.2168195277146328	0.6435982031466942	0.728023592302124	0.8622995963920048	0.9980555882438156	0.8085136728037752	0.8243263635408673	0.5649426615475127	0.5234586898706158	0.3507646182287011	0.28531724833835037	-0.030886440163887696	
0.1266931868168032	0.2095792869580096	0.0	-0.6672252396980906	0.4165980780419989	0.7897092984311602	0.8555329091825591	0.9492799796533893	0.9628273260924641	0.66722525079731	0.9246653909168524	0.7253264121853198	0.6904057917171884	0.5392381026006695	0.47984855705197904	0.17927879322531348	
0.7562168887390742	0.8085136640347785	0.6672252396980906	0.0	0.9168738950593934	0.9975498822790914	0.9827036546180199	0.9168739069557938	0.5369384149893326	1.4901161193847656e-08	0.942809046549117	0.9995850038959697	0.9969385312060345	0.9635607152630271	0.9428090366150095	0.7899519501145776	
-0.29806550310863167	-0.2168195277146328	-0.4165980780419989	-0.9168738950593934	0.0	0.4623423371218579	0.5620640747413636	0.7319898827913899	0.9878279324846578	0.9168739010075938	0.6819722857748507	0.3725993060149154	0.3262651926886908	0.13937691787954698	0.07072301843645479	-0.24686778754315863	
-0.7056218905722121	-0.6435982031466942	-0.7897092984311602	-0.9975498822790914	-0.4623423371218579	0.0	0.11598263162501607	0.33405553159543877	0.8039909087363021	0.997549881236624	0.2665588328647137	-0.09866577452825612	-0.147742330386107	-0.3342438765916663	-0.3984744212930357	-0.6669304977785517	
-0.7830437849327403	-0.728023592302124	-0.8555329091825591	-0.9827036546180199	-0.5620640747413636	-0.11598263162501607	0.0	0.22248124839642602	0.7295968721293229	0.9827036518585466	0.1529736683839693	-0.21341661232318065	-0.2614550781500614	-0.4413002240461902	-0.5021620995217285	-0.7488505154931213	
-0.9017942364510001	-0.8622995963920048	-0.9492799796533893	-0.9168739069557938	-0.7319898827913899	-0.33405553159543877	-0.22248124839642602	0.0	0.5591610483902214	0.9168739010075937	-0.07072301843645484	-0.42542331121954524	-0.46964460325884505	-0.6298855697649489	-0.6819722857748507	-0.8775290392462411	
-0.9892908822063143	-0.9980555882438156	-0.9628273260924641	-0.5369384149893326	-0.9878279324846578	-0.8039909087363021	-0.7295968721293229	-0.5591610483902214	0.0	0.5369384024183935	-0.6163944638790654	-0.8587387111642513	-0.883021555123072	-0.95650598466713	-0.9743533988246611	-0.9956542607640919	
-0.7562168984892174	-0.8085136728037752	-0.66722525079731	-1.4901161193847656e-08	-0.9168739010075938	-0.997549881236624	-0.9827036518585466	-0.9168739010075937	-0.5369384024183935	0.0	-0.9428090415820634	-0.9995850043252213	-0.9969385323711456	-0.9635607192489344	-0.9428090415820634	-0.789951959251504	
-0.868972077014313	-0.8243263635408673	-0.9246653909168524	-0.942809046549117	-0.6819722857748507	-0.2665588328647137	-0.1529736683839693	0.07072301843645484	0.6163944638790654	0.9428090415820634	0.0	-0.36035410678042024	-0.4060303992388154	-0.5733786153653677	-0.628539361054709	-0.8414183505783204	
-0.6322654600057961	-0.5649426615475127	-0.7253264121853198	-0.9995850038959697	-0.3725993060149154	0.09866577452825612	0.21341661232318065	0.42542331121954524	0.8587387111642513	0.9995850043252213	0.36035410678042024	0.0	-0.04943843554310916	-0.23962180403704508	-0.3060358961030607	-0.5901584609254109	
-0.5931897905719867	-0.5234586898706158	-0.6904057917171884	-0.9969385312060345	-0.3262651926886908	0.147742330386107	0.2614550781500614	0.46964460325884505	0.883021555123072	0.9969385323711456	0.4060303992388154	0.04943843554310916	0.0	-0.1913306765335715	-0.2585952890086151	-0.5495257717002201	
-0.42819780417684106	-0.3507646182287011	-0.5392381026006695	-0.9635607152630271	-0.13937691787954698	0.3342438765916663	0.4413002240461902	0.6298855697649489	0.95650598466713	0.9635607192489344	0.5733786153653677	0.23962180403704508	0.1913306765335715	0.0	-0.06899519746725524	-0.37952129719851324	
-0.3648274780215014	-0.28531724833835037	-0.47984855705197904	-0.9428090366150095	-0.07072301843645479	0.3984744212930357	0.5021620995217285	0.6819722857748507	0.9743533988246611	0.9428090415820634	0.628539361054709	0.3060358961030607	0.2585952890086151	0.06899519746725524	0.0	-0.3147837110773177	
-0.053193613079801694	0.030886440163887696	-0.17927879322531348	-0.7899519501145776	0.24686778754315863	0.6669304977785517	0.7488505154931213	0.8775290392462411	0.9956542607640919	0.789951959251504	0.8414183505783204	0.5901584609254109	0.5495257717002201	0.37952129719851324	0.3147837110773177	0.0	
