0.0	0.9967382771829539	0.843682903930835	0.9544891906089578	0.9402985894071881	0.9915369816219118	0.9895981288742829	0.9932737578424747	0.5758665407218946	0.8299118026396577	0.8251508253800943	0.8052154968902182	0.0	0.8806946937288719	0.9350992373605571	0.8251511117403876	
-0.9967382771829539	0.0	0.6031776737373066	0.3743018682559635	0.41512445907768586	0.2094200800263552	0.22325273856340166	-0.0352528298231255	-0.7684035546862625	-0.48909940455293455	-0.49647860555612017	0.6560306233507385	0.9967382771829539	-0.40106552518203714	-0.27776571811633	0.6296607941660478	
-0.843682903930835	-0.6031776737373066	0.0	-0.26078509112405235	-0.2176435997449917	-0.4227677800556715	-0.40988591276153913	-0.6309206527655618	-0.9988969076598553	-0.9162175240710253	-0.9195824902007467	0.06801565933259729	0.843682903930835	-0.8724331386630214	-0.8009897770093815	0.033631014298786344	
-0.9544891906089578	-0.3743018682559635	0.26078509112405235	0.0	0.044421179789162546	-0.171805323327529	-0.1578309033864459	-0.4067594046859223	-0.9520862504788234	-0.7800218480543453	-0.7853003901052864	0.3258432843373783	0.9544891906089578	-0.7147898240163761	-0.6171467285786252	0.29310484582725355	
-0.9402985894071881	-0.41512445907768586	0.2176435997449917	-0.044421179789162546	0.0	-0.21539641069647378	-0.2015395188479312	-0.4469382061404923	-0.9647317523540585	-0.807048536961466	-0.8120270296092198	0.28352480147125314	0.9402985894071881	-0.7451497278046046	-0.65149025866549	0.2503453046330269	
-0.9915369816219118	-0.2094200800263552	0.4227677800556715	0.171805323327529	0.21539641069647378	0.0	0.014167838754129969	-0.2437610352625249	-0.8853864434882729	-0.6609160684477131	-0.6672564554835556	0.4834271356502514	0.9915369816219118	-0.5840113366131353	-0.47278563455152856	0.4530063325296292	
-0.9895981288742829	-0.22325273856340166	0.40988591276153913	0.1578309033864459	0.2015395188479312	-0.014167838754129969	0.0	-0.2574770397473916	-0.8918835792215645	-0.6714821268589172	-0.6777420874089813	0.4709763067035519	0.9895981288742829	-0.5954533994287569	-0.4852225619844045	0.4403301331498667	
-0.9932737578424747	0.0352528298231255	0.6309206527655618	0.4067594046859223	0.4469382061404923	0.2437610352625249	0.2574770397473916	0.0	-0.7453653362661731	-0.4580468859513353	-0.4655688250631973	0.6822293705023701	0.9932737578424747	-0.3685229007283839	-0.24372747581983714	0.6566562856979516	
-0.5758665407218946	0.7684035546862625	0.9988969076598553	0.9520862504788234	0.9647317523540585	0.8853864434882729	0.8918835792215645	0.7453653362661731	0.0	0.3572163377347712	0.34928267351614145	0.9997775329667745	0.5758665407218946	0.4472274486388394	0.5604054820972356	0.9999110635101056	
-0.8299118026396577	0.48909940455293455	0.9162175240710253	0.7800218480543453	0.807048536961466	0.6609160684477131	0.6714821268589172	0.4580468859513353	-0.3572163377347712	0.0	-0.008480337660179138	0.9413483948157911	0.8299118026396577	0.09821859916121728	0.2275777278250276	0.9291745519935345	
-0.8251508253800943	0.49647860555612017	0.9195824902007467	0.7853003901052864	0.8120270296092198	0.6672564554835556	0.6777420874089813	0.4655688250631973	-0.34928267351614145	0.008480337660179138	0.0	0.9441761181887198	0.8251508253800943	0.10665440142238358	0.2358273573276558	0.9322758226681269	
-0.8052154968902182	-0.6560306233507385	-0.06801565933259729	-0.3258432843373783	-0.28352480147125314	-0.4834271356502514	-0.4709763067035519	-0.6822293705023701	-0.9997775329667745	-0.9413483948157911	-0.9441761181887198	0.0	0.8052154968902182	-0.9036543350168771	-0.8398543684691873	-0.03442405065838544	
-0.0	-0.9967382771829539	-0.843682903930835	-0.9544891906089578	-0.9402985894071881	-0.9915369816219118	-0.9895981288742829	-0.9932737578424747	-0.5758665407218946	-0.8299118026396577	-0.8251508253800943	-0.8052154968902182	0.0	-0.8806946937288719	-0.9350992373605571	-0.8251511117403876	
-0.8806946937288719	0.40106552518203714	0.8724331386630214	0.7147898240163761	0.7451497278046046	0.5840113366131353	0.5954533994287569	0.3685229007283839	-0.4472274486388394	-0.09821859916121728	-0.10665440142238358	0.9036543350168771	0.8806946937288719	0.0	0.13083602352772478	0.8883762212468078	
-0.9350992373605571	0.27776571811633	0.8009897770093815	0.6171467285786252	0.65149025866549	0.47278563455152856	0.4852225619844045	0.24372747581983714	-0.5604054820972356	-0.2275777278250276	-0.2358273573276558	0.8398543684691873	0.9350992373605571	-0.13083602352772478	0.0	0.8206708202673206	
-0.8251511117403876	-0.6296607941660478	-0.033631014298786344	-0.29310484582725355	-0.2503453046330269	-0.4530063325296292	-0.4403301331498667	-0.6566562856979516	-0.9999110635101056	-0.9291745519935345	-0.9322758226681269	0.03442405065838544	0.8251511117403876	-0.8883762212468078	-0.8206708202673206	0.0	
