0.0	0.08576373319450387	0.6515434624584533	0.9699652995104547	0.9907291375932825	0.7841196054566848	0.7746803603780502	0.3833230597401257	0.6515434624584533	0.4990501070742588	0.4664110324073763	0.2519717727931701	-0.9699652943844846	-0.35709264352253944	0.17566783108937598	0.31537701814425806	
-0.08576373319450387	0.0	0.5840815148935069	0.9872529216252082	0.9754276214870021	0.7280047115286059	0.7175930976165268	0.3026980941497243	0.5840815148935069	0.4228908118258465	0.38882867873874216	0.16804685292794072	-0.9872529182711774	-0.43588617892380443	0.09059051949453291	0.2328281065292948	
-0.6515434624584533	-0.5840815148935069	0.0	0.8943102461708936	0.6630648203905043	0.19048778328626859	0.17567580664113208	-0.3109816712881829	0.0	-0.18602500351330442	-0.22250988864582477	-0.4393725056960934	-0.8943102556001424	-0.8794810493704386	-0.5081480311091949	-0.37904431889441353	
-0.9699652995104547	-0.9872529216252082	-0.8943102461708936	0.0	-0.37276001651277596	-0.7927017725973696	-0.8017963151941783	-0.9891146285480081	-0.8943102461708936	-0.9619364761846141	-0.9714517487523825	-0.999959419100904	-2.1073424255447017e-08	-0.8191540860805464	-0.9976118799561624	-0.9971778898461734	
-0.9907291375932825	-0.9754276214870021	-0.6630648203905043	0.37276001651277596	0.0	-0.5083319029091913	-0.521248655190376	-0.862976410873953	-0.6630648203905043	-0.7907422767632045	-0.8130045162553982	-0.9245319715865951	-0.3727600360673918	-0.9739211097875609	-0.9514579689911841	-0.8973241092052116	
-0.7841196054566848	-0.7280047115286059	-0.19048778328626859	0.7927017725973696	0.5083319029091913	0.0	-0.015066225014450374	-0.48633008169790715	-0.19048778328626859	-0.3697816260732482	-0.40414797313004597	-0.6024435250780336	-0.7927017854439318	-0.9540369647806486	-0.6629049853038722	-0.5483771558687102	
-0.7746803603780502	-0.7175930976165268	-0.17567580664113208	0.8017963151941783	0.521248655190376	0.015066225014450374	0.0	-0.47311038889926316	-0.17567580664113208	-0.35574134379471023	-0.39032112164663607	-0.5903498655910768	-0.8017963277876019	-0.9494134984355949	-0.6515496083573424	-0.5357160676617204	
-0.3833230597401257	-0.3026980941497243	0.3109816712881829	0.9891146285480081	0.862976410873953	0.48633008169790715	0.47311038889926316	0.0	0.3109816712881829	0.1287523667309629	0.09170855740257039	-0.13823024159986716	-0.9891146316488999	-0.6878660591948864	-0.21511286730298523	-0.07247399233991185	
-0.6515434624584533	-0.5840815148935069	0.0	0.8943102461708936	0.6630648203905043	0.19048778328626859	0.17567580664113208	-0.3109816712881829	0.0	-0.18602500351330442	-0.22250988864582477	-0.4393725056960934	-0.8943102556001424	-0.8794810493704386	-0.5081480311091949	-0.37904431889441353	
-0.4990501070742588	-0.4228908118258465	0.18602500351330442	0.9619364761846141	0.7907422767632045	0.3697816260732482	0.35574134379471023	-0.1287523667309629	0.18602500351330442	0.0	-0.03726454367286716	-0.2645960799660557	-0.961936481943415	-0.7755941103563415	-0.33906060480674166	-0.20028456202976125	
-0.4664110324073763	-0.38882867873874216	0.22250988864582477	0.9714517487523825	0.8130045162553982	0.40414797313004597	0.39032112164663607	-0.09170855740257039	0.22250988864582477	0.03726454367286716	0.0	-0.2284758906571391	-0.9714517537517829	-0.7515328397562674	-0.3037679443889518	-0.16363597067288754	
-0.2519717727931701	-0.16804685292794072	0.4393725056960934	0.999959419100904	0.9245319715865951	0.6024435250780336	0.5903498655910768	0.13823024159986716	0.4393725056960934	0.2645960799660557	0.2284758906571391	0.0	-0.999959419290752	-0.5809299156649012	-0.07805364960936655	0.0660884870819276	
0.9699652943844846	0.9872529182711774	0.8943102556001424	2.1073424255447017e-08	0.3727600360673918	0.7927017854439318	0.8017963277876019	0.9891146316488999	0.8943102556001424	0.961936481943415	0.9714517537517829	0.999959419290752	0.0	0.819154073993388	0.9976118785006403	0.9971778914282605	
0.35709264352253944	0.43588617892380443	0.8794810493704386	0.8191540860805464	0.9739211097875609	0.9540369647806486	0.9494134984355949	0.6878660591948864	0.8794810493704386	0.7755941103563415	0.7515328397562674	0.5809299156649012	-0.819154073993388	0.0	0.5156255438263904	0.63345282777257	
-0.17566783108937598	-0.09059051949453291	0.5081480311091949	0.9976118799561624	0.9514579689911841	0.6629049853038722	0.6515496083573424	0.21511286730298523	0.5081480311091949	0.33906060480674166	0.3037679443889518	0.07805364960936655	-0.9976118785006403	-0.5156255438263904	0.0	0.14376986776401784	
-0.31537701814425806	-0.2328281065292948	0.37904431889441353	0.9971778898461734	0.8973241092052116	0.5483771558687102	0.5357160676617204	0.07247399233991185	0.37904431889441353	0.20028456202976125	0.16363597067288754	-0.0660884870819276	-0.9971778914282605	-0.63345282777257	-0.14376986776401784	0.0	
