0.0	0.37925123478915623	0.6875019765624152	0.8367935238145406	0.6911555488495011	0.6255155449969817	0.8494839213417423	0.9687136434669432	0.9131036502750312	0.4119314369783741	0.8439464078373937	0.9981089359605946	0.6172787352878686	0.396871051308069	0.23369087277354322	-0.4119314369783741	
-0.37925123478915623	0.0	0.3607356613908859	0.5666327086873905	0.36543474642410834	0.28288936446379803	0.5859236995897439	0.802221665053618	0.9995202517096957	0.7267369335722037	0.9843391170958804	0.9002314021138308	0.27279031187042935	0.019117308252115328	-0.1525174258019834	-0.7267369335722037	
-0.6875019765624152	-0.3607356613908859	0.0	0.23124471037096114	0.005043243785395279	-0.08215864250183041	0.2541443469001746	0.532837878836379	0.9433933673626442	0.9255994093225924	0.9816540827043359	0.6825485520352379	-0.09263140371350864	-0.34283963252727645	-0.49876347365147977	-0.9255994093225924	
-0.8367935238145406	-0.5666327086873905	-0.23124471037096114	0.0	-0.22633521979732393	-0.31039471635164584	0.023603830676709875	0.3227123526928578	0.8411249578707742	0.9880387965245113	0.910955397562065	0.49504555306002784	-0.32037115324440746	-0.5507770572725885	-0.6856734073910858	-0.9880387965245113	
-0.6911555488495011	-0.36543474642410834	-0.005043243785395279	0.22633521979732393	0.0	-0.08718379158087425	0.2492634594573132	0.5285634222459997	0.9417086471926082	0.9274965292375279	0.9806800006692445	0.6788540663454304	-0.09765178589826501	-0.3475728652369481	-0.5031283024799975	-0.9274965292375279	
-0.6255155449969817	-0.28288936446379803	0.08215864250183041	0.31039471635164584	0.08718379158087425	0.0	0.3327462222109925	0.6005605629820838	0.9674540515914589	0.8913727778666859	0.9940006037080685	0.7402858786028322	-0.01051284256276841	-0.2645012508507459	-0.42586725733867065	-0.8913727778666859	
-0.8494839213417423	-0.5859236995897439	-0.2541443469001746	-0.023603830676709875	-0.2492634594573132	-0.3327462222109925	0.0	0.3002814850560744	0.8281246972851561	0.9914033603400968	0.9009649019998031	0.4743990387560418	-0.3426416172341818	-0.5703245996898029	-0.7026638207973135	-0.9914033603400968	
-0.9687136434669432	-0.802221665053618	-0.532837878836379	-0.3227123526928578	-0.5285634222459997	-0.6005605629820838	-0.3002814850560744	0.0	0.6215863059577933	0.9849398637018834	0.729096215524192	0.18816505378951298	-0.608933226120484	-0.7906615213222907	-0.8838932126125489	-0.9849398637018834	
-0.9131036502750312	-0.9995202517096957	-0.9433933673626442	-0.8411249578707742	-0.9417086471926082	-0.9674540515914589	-0.8281246972851561	-0.6215863059577933	0.0	0.664077820072801	0.14571373767140755	-0.4630848878852565	-0.9700608293232083	-0.9999296887250004	-0.9831028722015727	-0.664077820072801	
-0.4119314369783741	-0.7267369335722037	-0.9255994093225924	-0.9880387965245113	-0.9274965292375279	-0.8913727778666859	-0.9914033603400968	-0.9849398637018834	-0.664077820072801	0.0	-0.5480451439195597	-0.9348130734559377	-0.8865583529788482	-0.7397361032923704	-0.6134680373221624	-0.0	
-0.8439464078373937	-0.9843391170958804	-0.9816540827043359	-0.910955397562065	-0.9806800006692445	-0.9940006037080685	-0.9009649019998031	-0.729096215524192	-0.14571373767140755	0.5480451439195597	0.0	-0.5872904036196451	-0.9950955115788632	-0.9875293269033649	-0.9459365405017339	-0.5480451439195597	
-0.9981089359605946	-0.9002314021138308	-0.6825485520352379	-0.49504555306002784	-0.6788540663454304	-0.7402858786028322	-0.4743990387560418	-0.18816505378951298	0.4630848878852565	0.9348130734559377	0.5872904036196451	0.0	-0.7473126715051128	-0.891742981318233	-0.956107282926547	-0.9348130734559377	
-0.6172787352878686	-0.27279031187042935	0.09263140371350864	0.32037115324440746	0.09765178589826501	0.01051284256276841	0.3426416172341818	0.608933226120484	0.9700608293232083	0.8865583529788482	0.9950955115788632	0.7473126715051128	0.0	-0.2543482028537809	-0.41633185416352897	-0.8865583529788482	
-0.396871051308069	-0.019117308252115328	0.34283963252727645	0.5507770572725885	0.3475728652369481	0.2645012508507459	0.5703245996898029	0.7906615213222907	0.9999296887250004	0.7397361032923704	0.9875293269033649	0.891742981318233	0.2543482028537809	0.0	-0.1713832035576267	-0.7397361032923704	
-0.23369087277354322	0.1525174258019834	0.49876347365147977	0.6856734073910858	0.5031283024799975	0.42586725733867065	0.7026638207973135	0.8838932126125489	0.9831028722015727	0.6134680373221624	0.9459365405017339	0.956107282926547	0.41633185416352897	0.1713832035576267	0.0	-0.6134680373221624	
0.4119314369783741	0.7267369335722037	0.9255994093225924	0.9880387965245113	0.9274965292375279	0.8913727778666859	0.9914033603400968	0.9849398637018834	0.664077820072801	0.0	0.5480451439195597	0.9348130734559377	0.8865583529788482	0.7397361032923704	0.6134680373221624	0.0	
