0.0	-0.45371606331672926	-0.8160497797234021	0.005609954185170907	-0.03991273541142504	-0.4806680128536035	0.1696148633931076	0.570470571144666	0.6539040587305796	0.9337215673542325	0.8160497919034543	0.9955333101163658	0.9041091707052125	0.492677186989869	-0.11119461130887986	-0.09904243273434177	
0.45371606331672926	0.0	-0.4649801976623293	0.45870821361231817	0.41778644181475233	-0.030480703505848417	0.5982935689629248	0.8810179297362482	0.9259955400914065	0.9945128956900823	0.46498021631907616	0.8443300622279318	0.9995671185553618	0.8338766857450297	0.3518117447746374	0.3632239392987863	
0.8160497797234021	0.4649801976623293	0.0	0.8192793888592399	0.7923306986031193	0.4377789377631275	0.9022598394744396	0.9999579147488292	0.9953494146413865	0.8318197679647982	2.1073424255447027e-08	0.49835591961346437	0.8712578151262669	0.9948947952793332	0.7467207281491578	0.7547927289621839	
-0.005609954185170907	-0.45870821361231817	-0.8192793888592399	0.0	-0.04551759134942829	-0.4855798328053955	0.16408352601352644	0.5658540376755663	0.6496494039550902	0.9316985105195066	0.8192794009426262	0.9960472856199001	0.9016978016469508	0.48778758395877314	-0.11676802646023854	-0.10462324543416995	
0.03991273541142504	-0.41778644181475233	-0.7923306986031193	0.04551759134942829	0.0	-0.4452854182890649	0.20881412590882542	0.602797052415401	0.6835800846499713	0.9472663105593417	0.7923307114598439	0.9909718391462912	0.9204435221380877	0.5270171540582517	-0.07144078542632964	-0.05924701977691349	
0.4806680128536035	0.030480703505848417	-0.4377789377631275	0.4855798328053955	0.4452854182890649	0.0	0.6224390612727424	0.8950284683955828	0.9370727968579758	0.9908620906887737	0.43777895670987765	0.8276054737909504	0.998205912547696	0.8503130777892681	0.38018037311084546	0.3914540976396816	
-0.1696148633931076	-0.5982935689629248	-0.9022598394744396	-0.16408352601352644	-0.20881412590882542	-0.6224390612727424	0.0	0.4228969474801785	0.5161024811646683	0.8594702095275901	0.9022598485611474	0.9971219569797165	0.8185323206158315	0.33793758874348656	-0.27814647107034157	-0.26638825286707296	
-0.570470571144666	-0.8810179297362482	-0.9999579147488292	-0.5658540376755663	-0.602797052415401	-0.8950284683955828	-0.4228969474801785	0.0	0.105458015054198	0.5626538781529647	0.9999579149421645	0.8715081413204959	0.4987982200942554	-0.09178576038650005	-0.6582590244808573	-0.6490110246400616	
-0.6539040587305796	-0.9259955400914065	-0.9953494146413865	-0.6496494039550902	-0.6835800846499713	-0.9370727968579758	-0.5161024811646683	-0.105458015054198	0.0	0.47233502499101176	0.9953494126113757	0.814933788938808	0.4046144249110087	-0.19628679395005344	-0.7339763100672294	-0.7256222244385555	
-0.9337215673542325	-0.9945128956900823	-0.8318197679647982	-0.9316985105195066	-0.9472663105593417	-0.9908620906887737	-0.8594702095275901	-0.5626538781529647	-0.47233502499101176	0.0	0.8318197562680821	0.4445545182102026	-0.07530953827264875	-0.6361573976691528	-0.9677389101298309	-0.9645878509969098	
-0.8160497919034543	-0.46498021631907616	-2.1073424255447027e-08	-0.8192794009426262	-0.7923307114598439	-0.43777895670987765	-0.9022598485611474	-0.9999579149421645	-0.9953494126113757	-0.8318197562680821	0.0	-0.4983559013433844	-0.8712578047828898	-0.9948947974060112	-0.7467207421658868	-0.7547927427855784	
-0.9955333101163658	-0.8443300622279318	-0.49835591961346437	-0.9960472856199001	-0.9909718391462912	-0.8276054737909504	-0.9971219569797165	-0.8715081413204959	-0.814933788938808	-0.4445545182102026	0.4983559013433844	0.0	-0.5107507284677104	-0.9128393079397155	-0.9788616710030649	-0.9812877920670324	
-0.9041091707052125	-0.9995671185553618	-0.8712578151262669	-0.9016978016469508	-0.9204435221380877	-0.998205912547696	-0.8185323206158315	-0.4987982200942554	-0.4046144249110087	0.07530953827264875	0.8712578047828898	0.5107507284677104	0.0	-0.5762450655387341	-0.9460161028899273	-0.9419848407358042	
-0.492677186989869	-0.8338766857450297	-0.9948947952793332	-0.48778758395877314	-0.5270171540582517	-0.8503130777892681	-0.33793758874348656	0.09178576038650005	0.19628679395005344	0.6361573976691528	0.9948947974060112	0.9128393079397155	0.5762450655387341	0.0	-0.5863848257247979	-0.5764427256682041	
0.11119461130887986	-0.3518117447746374	-0.7467207281491578	0.11676802646023854	0.07144078542632964	-0.38018037311084546	0.27814647107034157	0.6582590244808573	0.7339763100672294	0.9677389101298309	0.7467207421658868	0.9788616710030649	0.9460161028899273	0.5863848257247979	0.0	0.012219654823075965	
0.09904243273434177	-0.3632239392987863	-0.7547927289621839	0.10462324543416995	0.05924701977691349	-0.3914540976396816	0.26638825286707296	0.6490110246400616	0.7256222244385555	0.9645878509969098	0.7547927427855784	0.9812877920670324	0.9419848407358042	0.5764427256682041	-0.012219654823075965	0.0	
