0.0	-0.6914780415108819	0.688868467240613	0.9931780520583888	0.9092709650441676	0.8874792184508526	0.9894962571306523	0.9535139961262449	0.8242344323408745	0.9983463991629484	0.9963281061447192	0.9404251319186412	0.6914780415108819	0.9990480292550661	0.9847398571532173	0.9435808954249567	
0.6914780415108819	0.0	0.9988798448044804	0.7981009889187888	0.9446514306053541	0.9597788410511219	0.6148505801620898	0.8971921393480353	0.986973424648777	0.6814536555306633	0.6605424987856319	0.4442576297631521	0.0	0.7518746723992448	0.8317134468220373	0.9106179546928396	
-0.688868467240613	-0.9988798448044804	0.0	0.6396138517966748	0.37240785955850664	0.3258581058860494	0.8168541256709319	0.48359964965165625	0.20740541709867602	0.7632869438960646	0.7812036433928256	0.9159172082491474	0.9988798448044804	0.6941452345081635	0.5939387858115012	0.4558755662041574	
-0.9931780520583888	-0.7981009889187888	-0.6396138517966748	0.0	-0.30733732464092983	-0.3542169427916062	0.25895520766474134	-0.18810586918900907	-0.46627370417926284	0.17350722233391475	0.20121265781915698	0.44734218858522873	0.7981009889187888	0.07317050515409296	-0.0580172973766348	-0.21885426805026448	
-0.9092709650441676	-0.9446514306053541	-0.37240785955850664	0.30733732464092983	0.0	-0.04966248763933656	0.543275783095496	0.12284930694580715	-0.17182330530516451	0.4677853985138454	0.4925256263442389	0.7005622064913741	0.9446514306053541	0.3761425894974513	0.25161034184348124	0.09162485646909013	
-0.8874792184508526	-0.9597788410511219	-0.3258581058860494	0.3542169427916062	0.04966248763933656	0.0	0.5842997670094738	0.17198402893514997	-0.12268738878119415	0.5111019744938409	0.5351390387435299	0.7351364738126563	0.9597788410511219	0.4216938146030386	0.2993646459435952	0.1409653837999651	
-0.9894962571306523	-0.6148505801620898	-0.8168541256709319	-0.25895520766474134	-0.543275783095496	-0.5842997670094738	0.0	-0.43602198768633565	-0.6794510634588757	-0.08743875466444356	-0.05930978811651666	0.2004831213496035	0.6148505801620898	-0.18758645392368095	-0.31455730637663004	-0.46406650334331095	
-0.9535139961262449	-0.8971921393480353	-0.48359964965165625	0.18810586918900907	-0.12284930694580715	-0.17198402893514997	0.43602198768633565	0.0	-0.29154406709799385	0.3556626944771359	0.3818794112959529	0.6075914821817162	0.8971921393480353	0.25946596195774163	0.13080740298234977	-0.03140172414120518	
-0.8242344323408745	-0.986973424648777	-0.20740541709867602	0.46627370417926284	0.17182330530516451	0.12268738878119415	0.6794510634588757	0.29154406709799385	0.0	0.6126930606632038	0.6347381480297934	0.8127549163623597	0.986973424648777	0.5297534253229745	0.41416385090880353	0.26136273890951056	
-0.9983463991629484	-0.6814536555306633	-0.7632869438960646	-0.17350722233391475	-0.4677853985138454	-0.5111019744938409	0.08743875466444356	-0.3556626944771359	-0.6126930606632038	0.0	0.028202204137848907	0.2853787496895512	0.6814536555306633	-0.10098142823518541	-0.230352288582219	-0.38483580045875443	
-0.9963281061447192	-0.6605424987856319	-0.7812036433928256	-0.20121265781915698	-0.4925256263442389	-0.5351390387435299	0.05930978811651666	-0.3818794112959529	-0.6347381480297934	-0.028202204137848907	0.0	0.2582358266445015	0.6605424987856319	-0.12899930497259998	-0.2577044341713929	-0.41071294054337715	
-0.9404251319186412	-0.4442576297631521	-0.9159172082491474	-0.44734218858522873	-0.7005622064913741	-0.7351364738126563	-0.2004831213496035	-0.6075914821817162	-0.8127549163623597	-0.2853787496895512	-0.2582358266445015	0.0	0.4442576297631521	-0.3807020797157131	-0.49847719288495224	-0.6322326550283275	
-0.6914780415108819	-0.0	-0.9988798448044804	-0.7981009889187888	-0.9446514306053541	-0.9597788410511219	-0.6148505801620898	-0.8971921393480353	-0.986973424648777	-0.6814536555306633	-0.6605424987856319	-0.4442576297631521	0.0	-0.7518746723992448	-0.8317134468220373	-0.9106179546928396	
-0.9990480292550661	-0.7518746723992448	-0.6941452345081635	-0.07317050515409296	-0.3761425894974513	-0.4216938146030386	0.18758645392368095	-0.25946596195774163	-0.5297534253229745	0.10098142823518541	0.12899930497259998	0.3807020797157131	0.7518746723992448	0.0	-0.13090903401524095	-0.2896642906731883	
-0.9847398571532173	-0.8317134468220373	-0.5939387858115012	0.0580172973766348	-0.25161034184348124	-0.2993646459435952	0.31455730637663004	-0.13080740298234977	-0.41416385090880353	0.230352288582219	0.2577044341713929	0.49847719288495224	0.8317134468220373	0.13090903401524095	0.0	-0.1618748087668741	
-0.9435808954249567	-0.9106179546928396	-0.4558755662041574	0.21885426805026448	-0.09162485646909013	-0.1409653837999651	0.46406650334331095	0.03140172414120518	-0.26136273890951056	0.38483580045875443	0.41071294054337715	0.6322326550283275	0.9106179546928396	0.2896642906731883	0.1618748087668741	0.0	
