0.0	0.49047906133159336	-0.5362612324197795	0.12185918617703251	0.9872981627197286	0.5422491776941618	-0.36110101595789806	-0.77954842451769	-0.7445087560382146	-0.46320825276084376	0.11256916571963686	0.3316683058136751	0.22312760126578834	-0.5468219134627322	-0.9872981627197286	0.43810382214451343	
-0.49047906133159336	0.0	-0.8813163124057732	-0.3806291659428458	0.9383104386776439	0.060435457744884846	-0.7720673783322409	-0.9865474127148529	-0.976254420127002	-0.8383510164450723	-0.3892627886170292	-0.17368268394550576	-0.283668501951467	-0.8871826605150614	-0.9383104386776439	-0.05911670626773796	
0.5362612324197795	0.8813163124057732	0.0	0.6351201891718116	0.7481307413599328	0.90826273282476	0.19528986164162865	-0.32209654582551844	-0.2703893466375439	0.08428934757757456	0.627866934717844	0.7858520551677273	0.7110729951484913	-0.012562015164624574	-0.7481307413599328	0.8518407322194491	
-0.12185918617703251	0.3806291659428458	-0.6351201891718116	0.0	0.9993010126078038	0.43581976232709335	-0.47204681947889165	-0.8500642827499645	-0.8203149689898129	-0.5677537849319605	-0.009354403343273796	0.2142350374909376	0.10267769604687349	-0.6447731427775021	-0.9993010126078038	0.3252966156614779	
-0.9872981627197286	-0.9383104386776439	-0.7481307413599328	-0.9993010126078038	0.0	-0.9156970863971517	-0.8633107604701451	-0.4945328821399624	-0.5408464474317243	-0.8013986944440957	-0.9989075944538409	-0.9841081227172017	-0.9978577819289421	-0.7397361678162736	-0.0	-0.9571116119666085	
-0.5422491776941618	-0.060435457744884846	-0.90826273282476	-0.43581976232709335	0.9156970863971517	0.0	-0.8090653141364289	-0.9946238196314985	-0.9875618905175736	-0.8697638291457812	-0.4442199744495231	-0.23288215019899342	-0.3411029008755713	-0.9134470170192723	-0.9156970863971517	-0.11933840811439594	
0.36110101595789806	0.7720673783322409	-0.19528986164162865	0.47204681947889165	0.8633107604701451	0.8090653141364289	0.0	-0.5007770050603204	-0.45319867452668994	-0.11192848358139351	0.46377957192475355	0.6499508299233132	0.5600698338619864	-0.20759459295395805	-0.8633107604701451	0.7331460207853955	
0.77954842451769	0.9865474127148529	0.32209654582551844	0.8500642827499645	0.4945328821399624	0.9946238196314985	0.5007770050603204	0.0	0.05411935028034892	0.4007476083067627	0.8451003222372326	0.9431606934653158	0.8996496003674994	0.3101785852151431	-0.4945328821399624	0.9751578919033448	
0.7445087560382146	0.976254420127002	0.2703893466375439	0.8203149689898129	0.5408464474317243	0.9875618905175736	0.45319867452668994	-0.05411935028034892	0.0	0.3505767763316715	0.8149291817756319	0.9237926024939076	0.874701948210438	0.2582739181047379	-0.5408464474317243	0.9617407458881888	
0.46320825276084376	0.8383510164450723	-0.08428934757757456	0.5677537849319605	0.8013986944440957	0.8697638291457812	0.11192848358139351	-0.4007476083067627	-0.3505767763316715	0.0	0.5600284137223085	0.7309297014502922	0.6492771406097873	-0.0968000076906938	-0.8013986944440957	0.8046584695197813	
-0.11256916571963686	0.3892627886170292	-0.627866934717844	0.009354403343273796	0.9989075944538409	0.4442199744495231	-0.46377957192475355	-0.8451003222372326	-0.8149291817756319	-0.5600284137223085	0.0	0.2233628780967639	0.11197816585977013	-0.6375946691740406	-0.9989075944538409	0.3341280191700285	
-0.3316683058136751	0.17368268394550576	-0.7858520551677273	-0.2142350374909376	0.9841081227172017	0.23288215019899342	-0.6499508299233132	-0.9431606934653158	-0.9237926024939076	-0.7309297014502922	-0.2233628780967639	0.0	-0.11280899668696516	-0.7935585802052924	-0.9841081227172017	0.11516069556647548	
-0.22312760126578834	0.283668501951467	-0.7110729951484913	-0.10267769604687349	0.9978577819289421	0.3411029008755713	-0.5600698338619864	-0.8996496003674994	-0.874701948210438	-0.6492771406097873	-0.11197816585977013	0.11280899668696516	0.0	-0.7198494691964771	-0.9978577819289421	0.22648405369457938	
0.5468219134627322	0.8871826605150614	0.012562015164624574	0.6447731427775021	0.7397361678162736	0.9134470170192723	0.20759459295395805	-0.3101785852151431	-0.2582739181047379	0.0968000076906938	0.6375946691740406	0.7935585802052924	0.7198494691964771	0.0	-0.7397361678162736	0.8583535121926461	
0.9872981627197286	0.9383104386776439	0.7481307413599328	0.9993010126078038	0.0	0.9156970863971517	0.8633107604701451	0.4945328821399624	0.5408464474317243	0.8013986944440957	0.9989075944538409	0.9841081227172017	0.9978577819289421	0.7397361678162736	0.0	0.9571116119666085	
-0.43810382214451343	0.05911670626773796	-0.8518407322194491	-0.3252966156614779	0.9571116119666085	0.11933840811439594	-0.7331460207853955	-0.9751578919033448	-0.9617407458881888	-0.8046584695197813	-0.3341280191700285	-0.11516069556647548	-0.22648405369457938	-0.8583535121926461	-0.9571116119666085	0.0	
