0.0	0.8640806728945174	0.814821490427396	0.5543840989442607	0.881030837963401	0.9147135116328539	0.8115535267436527	0.8552874730339529	0.9218647542947491	0.7370628088969179	0.9352502274411572	0.5021835597748034	-0.1523392827170818	-0.007480152510658422	-0.10165996387192133	-0.7370627946549864	
-0.8640806728945174	0.0	-0.09077476375608287	-0.44008950126300056	0.0347088224950825	0.11124656031567604	-0.0963652124023456	-0.01721485466280981	0.12918227424128986	0.9549697028896805	0.7766349198086965	-0.49444753430543387	-0.9306758327206959	-0.8678216585343341	-0.9107749314953497	-0.954969709142235	
-0.814821490427396	0.09077476375608287	0.0	-0.35676101479752165	0.12528559433198894	0.20099858317917899	-0.005615061743260624	0.07361752990176859	0.2186630883518428	0.9779602362148279	0.8306121914763533	-0.4135040790152885	-0.8936240049612952	-0.8191350281428409	-0.8695335631243735	-0.9779602406147733	
-0.5543840989442607	0.44008950126300056	0.35676101479752165	0.0	0.47099125594106495	0.5372520781875603	0.35150982415582255	0.42456613978460145	0.5524016606637044	0.9880948029568318	0.9746171657287888	-0.0614620140032239	-0.6746995045414647	-0.5605940278423408	-0.6361195658914804	-0.9880947997147644	
-0.881030837963401	-0.0347088224950825	-0.12528559433198894	-0.47099125594106495	0.0	0.07668615144970009	-0.1308544383472933	-0.051908161262938124	0.09468644510871949	0.9440960791683058	0.754302116114475	-0.5243187814820304	-0.9428131159586712	-0.8845447418413308	-0.9245575424970126	-0.94409608611559	
-0.9147135116328539	-0.11124656031567604	-0.20099858317917899	-0.5372520781875603	-0.07668615144970009	0.0	-0.20649588145557843	-0.12833807432065913	0.018066008429663827	0.9160348252615482	0.7017343437233099	-0.588074759724188	-0.9655979633725695	-0.9177106726102452	-0.9510556599303036	-0.9160348337140715	
-0.8115535267436527	0.0963652124023456	0.005615061743260624	-0.35150982415582255	0.1308544383472933	0.20649588145557843	0.0	0.0792161948961396	0.22413882080982142	0.9791171947089241	0.8337258517384687	-0.40838503385399827	-0.8910897856985323	-0.8159013112652037	-0.8667467231124134	-0.9791171989930796	
-0.8552874730339529	0.01721485466280981	-0.07361752990176859	-0.42456613978460145	0.051908161262938124	0.12833807432065913	-0.0792161948961396	0.0	0.14623374023317387	0.9599358939049885	0.7873643470034183	-0.47941098344524263	-0.9242399521767295	-0.8591394141747173	-0.9035318988782863	-0.9599358998101764	
-0.9218647542947491	-0.12918227424128986	-0.2186630883518428	-0.5524016606637044	-0.09468644510871949	-0.018066008429663827	-0.22413882080982142	-0.14623374023317387	0.0	0.9086390718256391	0.6887488944371807	-0.6025906901935556	-0.9701382511581516	-0.9247376106987186	-0.9564831954173424	-0.9086390806255289	
-0.7370628088969179	-0.9549697028896805	-0.9779602362148279	-0.9880948029568318	-0.9440960791683058	-0.9160348252615482	-0.9791171947089241	-0.9599358939049885	-0.9086390718256391	0.0	-0.37115390542302745	-0.9767710352023772	-0.6255054196181697	-0.7319869198340896	-0.664539969240133	-2.1073424255447027e-08	
-0.9352502274411572	-0.7766349198086965	-0.8306121914763533	-0.9746171657287888	-0.754302116114475	-0.7017343437233099	-0.8337258517384687	-0.7873643470034183	-0.6887488944371807	0.37115390542302745	0.0	-0.9865345729077415	-0.8704080547131239	-0.9325761831681391	-0.8944185516271246	-0.37115392499120553	
-0.5021835597748034	0.49444753430543387	0.4135040790152885	0.0614620140032239	0.5243187814820304	0.588074759724188	0.40838503385399827	0.47941098344524263	0.6025906901935556	0.9767710352023772	0.9865345729077415	0.0	-0.6280592801265297	-0.5086380548534986	-0.5874934270032084	-0.9767710306866438	
0.1523392827170818	0.9306758327206959	0.8936240049612952	0.6746995045414647	0.9428131159586712	0.9655979633725695	0.8910897856985323	0.9242399521767295	0.9701382511581516	0.6255054196181697	0.8704080547131239	0.6280592801265297	0.0	0.14494217467125642	0.05107662934064061	-0.625505403176266	
0.007480152510658422	0.8678216585343341	0.8191350281428409	0.5605940278423408	0.8845447418413308	0.9177106726102452	0.8159013112652037	0.8591394141747173	0.9247376106987186	0.7319869198340896	0.9325761831681391	0.5086380548534986	-0.14494217467125642	0.0	-0.0942157203802424	-0.7319869054763715	
0.10165996387192133	0.9107749314953497	0.8695335631243735	0.6361195658914804	0.9245575424970126	0.9510556599303036	0.8667467231124134	0.9035318988782863	0.9564831954173424	0.664539969240133	0.8944185516271246	0.5874934270032084	-0.05107662934064061	0.0942157203802424	0.0	-0.664539953492959	
0.7370627946549864	0.954969709142235	0.9779602406147733	0.9880947997147644	0.94409608611559	0.9160348337140715	0.9791171989930796	0.9599358998101764	0.9086390806255289	2.1073424255447027e-08	0.37115392499120553	0.9767710306866438	0.625505403176266	0.7319869054763715	0.664539953492959	0.0	
