0.0	0.7032610722875512	0.9534409463334572	0.975669415027268	0.6860502963958384	0.031590115981181055	0.8451979503917623	0.9265841000138975	0.9450834475975044	0.9263578874707238	0.9999960910641544	0.3465821822559223	-0.32179737657972435	0.9935971881603907	0.32179737657972435	0.8324079201901894	
-0.7032610722875512	0.0	0.4657420635444354	0.5394465105854386	-0.023925592448848954	-0.6804516656684387	0.2250177418930705	0.9232257878768326	0.44204356913019105	0.3936977752301781	0.7089625602602045	-0.41327642191184916	-0.8946295547814659	0.6269248312852862	0.8946295547814659	0.9815067018749608	
-0.9534409463334572	-0.4657420635444354	0.0	0.08520321573034491	-0.4867809889308277	-0.9434381512055171	-0.25467513531505104	0.6380163722489396	-0.02659421510820597	-0.07973746438721187	0.2989127362006737	-0.7898241285413145	-0.9997736300549955	0.1919284388026356	0.9997736300549955	0.7793994546367631	
-0.975669415027268	-0.5394465105854386	-0.08520321573034491	0.0	-0.5594379139824238	-0.9682564317361646	-0.33614281495816056	0.5700878673339996	-0.1116705880694614	-0.16437942671416356	0.21651800522155373	-0.8392099846229285	-0.9943252229128615	0.10761131293587914	0.9943252229128615	0.7231830991001506	
-0.6860502963958384	0.023925592448848954	0.4867809889308277	0.5594379139824238	0.0	-0.6627243751150348	0.24826534142124396	0.932155105396842	0.4633781334704217	0.4155784362040545	0.7256330453004971	-0.39137133924968404	-0.8836832985565176	0.645385313631931	0.8836832985565176	0.9858057607687598	
-0.031590115981181055	0.6804516656684387	0.9434381512055171	0.9682564317361646	0.6627243751150348	0.0	0.8278926741018152	0.9380023009185849	0.9342871937923718	0.9139973066115957	0.9994086734322831	0.31677705746163115	-0.3515465622076385	0.9895322196000327	0.3515465622076385	0.8494985573626027	
-0.8451979503917623	-0.2250177418930705	0.25467513531505104	0.33614281495816056	-0.24826534142124396	-0.8278926741018152	0.0	0.8130845063600579	0.22886774439290597	0.17675596954415174	0.5320880897133822	-0.6075802310326455	-0.9722263523162011	0.4355403688484405	0.9722263523162011	0.9132609886912415	
-0.9265841000138975	-0.9232257878768326	-0.6380163722489396	-0.5700878673339996	-0.932155105396842	-0.9380023009185849	-0.8130845063600579	0.0	-0.6582688649924934	-0.6973845291644624	-0.37867692909258244	-0.9994993288126193	-0.7562737442632643	-0.47836568744585106	0.7562737442632643	0.20042065687418714	
-0.9450834475975044	-0.44204356913019105	0.02659421510820597	0.1116705880694614	-0.4633781334704217	-0.9342871937923718	-0.22886774439290597	0.6582688649924934	0.0	-0.053199725703231865	0.324185353692959	-0.7732336566045634	-0.9999858527473103	0.21796035589577784	0.9999858527473103	0.7957857923438486	
-0.9263578874707238	-0.3936977752301781	0.07973746438721187	0.16437942671416356	-0.4155784362040545	-0.9139973066115957	-0.17675596954415174	0.6973845291644624	0.053199725703231865	0.0	0.374052871250191	-0.7384035995951842	-0.9982867826286125	0.2695723783516276	0.9982867826286125	0.8268754684983046	
-0.9999960910641544	-0.7089625602602045	-0.2989127362006737	-0.21651800522155373	-0.7256330453004971	-0.9994086734322831	-0.5320880897133822	0.37867692909258244	-0.324185353692959	-0.374052871250191	0.0	-0.9370468858314797	-0.9477046178299464	-0.11020206970520538	0.9477046178299464	0.5564886645528753	
-0.3465821822559223	0.41327642191184916	0.7898241285413145	0.8392099846229285	0.39137133924968404	-0.31677705746163115	0.6075802310326455	0.9994993288126193	0.7732336566045634	0.7384035995951842	0.9370468858314797	0.0	-0.6299992268008486	0.8928565672481001	0.6299992268008486	0.9728781080352051	
0.32179737657972435	0.8946295547814659	0.9997736300549955	0.9943252229128615	0.8836832985565176	0.3515465622076385	0.9722263523162011	0.7562737442632643	0.9999858527473103	0.9982867826286125	0.9477046178299464	0.6299992268008486	0.0	0.9771031998409662	0.0	0.6098026212123193	
-0.9935971881603907	-0.6269248312852862	-0.1919284388026356	-0.10761131293587914	-0.645385313631931	-0.9895322196000327	-0.4355403688484405	0.47836568744585106	-0.21796035589577784	-0.2695723783516276	0.11020206970520538	-0.8928565672481001	-0.9771031998409662	0.0	0.9771031998409662	0.6446611679259796	
-0.32179737657972435	-0.8946295547814659	-0.9997736300549955	-0.9943252229128615	-0.8836832985565176	-0.3515465622076385	-0.9722263523162011	-0.7562737442632643	-0.9999858527473103	-0.9982867826286125	-0.9477046178299464	-0.6299992268008486	-0.0	-0.9771031998409662	0.0	-0.6098026212123193	
-0.8324079201901894	-0.9815067018749608	-0.7793994546367631	-0.7231830991001506	-0.9858057607687598	-0.8494985573626027	-0.9132609886912415	-0.20042065687418714	-0.7957857923438486	-0.8268754684983046	-0.5564886645528753	-0.9728781080352051	-0.6098026212123193	-0.6446611679259796	0.6098026212123193	0.0	
