0.0	0.9924161625554677	0.616473852935205	0.4486891563431778	2.9802322387695312e-08	0.48636777149039656	0.8904150922678693	0.19867067324590706	0.4352030702968483	0.9866606112348171	0.4742343921549901	0.977851004308699	0.7939574566828786	0.995347935953321	0.9532047633118786	0.9717821096104777	
-0.9924161625554677	0.0	0.8571831099457574	0.9420646972799878	0.9924161662188699	0.926913760068598	0.5611504503406174	0.997054915209251	0.9470009842885534	-0.04027253267276511	-0.8154273262090673	0.32791565425304464	0.700958492145714	0.21796653566721697	0.4172038281326969	0.35354620797199393	
-0.616473852935205	-0.8571831099457574	0.0	0.19764842070705918	0.6164738294695898	0.15569260547586583	-0.42050322584471267	0.44775685482072247	0.21236315188591282	-0.8772285331808297	-0.9161432179280836	-0.6409064685967569	-0.25034289933730086	-0.7243178782113738	-0.5641542259860289	-0.6197432499514094	
-0.4486891563431778	-0.9420646972799878	-0.19764842070705918	0.0	0.44868912970920305	-0.04261695446280772	-0.5915325892056155	0.26219554950939983	0.015033636678840834	-0.9548090957222802	-0.818842849202136	-0.7799819685597099	-0.43675912683100077	-0.8463011412569723	-0.7162173994596914	-0.7626329534780399	
-2.9802322387695312e-08	-0.9924161662188699	-0.6164738294695898	-0.44868912970920305	0.0	-0.48636774545049216	-0.8904150787033601	-0.19867064403765497	-0.43520304346485406	-0.9866606160863599	-0.4742344183929135	-0.9778509980710067	-0.7939574385638615	-0.9953479330819962	-0.9532047543018776	-0.9717821025806955	
-0.48636777149039656	-0.926913760068598	-0.15569260547586583	0.04261695446280772	0.48636774545049216	0.0	-0.5566339284221045	0.30308333112554964	0.05763211664964091	-0.941275035902453	-0.8425618068268509	-0.7526035683170538	-0.3980250288942377	-0.8228300087096012	-0.6858253027418909	-0.734374101707044	
-0.8904150922678693	-0.5611504503406174	0.42050322584471267	0.5915325892056155	0.8904150787033601	0.5566339284221045	0.0	0.7822409951101279	0.6035870761857729	-0.5940293391689879	-0.9997677164729928	-0.2587024411562808	0.1799793703793099	-0.36724437115161057	-0.1646554169948493	-0.23227462202446017	
-0.19867067324590706	-0.997054915209251	-0.44775685482072247	-0.26219554950939983	0.19867064403765497	-0.30308333112554964	-0.7822409951101279	0.0	-0.24765823705208873	-0.9993345742180246	-0.6396905365847338	-0.9167766111821207	-0.6573444828033157	-0.9563659171527349	-0.8741406697884166	-0.9055483975836395	
-0.4352030702968483	-0.9470009842885534	-0.21236315188591282	-0.015033636678840834	0.43520304346485406	-0.05763211664964091	-0.6035870761857729	0.24765823705208873	0.0	-0.9591694853243908	-0.8101207360974028	-0.7893019013530855	-0.4502337042545749	-0.8542139895526474	-0.7266280914702796	-0.7722709968168957	
-0.9866606112348171	0.04027253267276511	0.8772285331808297	0.9548090957222802	0.9866606160863599	0.941275035902453	0.5940293391689879	0.9993345742180246	0.9591694853243908	0.0	-0.7914536599442978	0.365695370623922	0.7291122809432584	0.25709393620173016	0.45346556316697695	0.39093100158554883	
-0.4742343921549901	0.8154273262090673	0.9161432179280836	0.818842849202136	0.4742344183929135	0.8425618068268509	0.9997677164729928	0.6396905365847338	0.8101207360974028	0.7914536599442978	0.0	0.9601569853451821	0.9873209117757671	0.9219933815449739	0.9825732914359862	0.9674182007088367	
-0.977851004308699	-0.32791565425304464	0.6409064685967569	0.7799819685597099	0.9778509980710067	0.7526035683170538	0.2587024411562808	0.9167766111821207	0.7893019013530855	-0.365695370623922	-0.9601569853451821	0.0	0.4283302738354886	-0.11411681721109118	0.09612138772188389	0.027259681262104263	
-0.7939574566828786	-0.700958492145714	0.25034289933730086	0.43675912683100077	0.7939574385638615	0.3980250288942377	-0.1799793703793099	0.6573444828033157	0.4502337042545749	-0.7291122809432584	-0.9873209117757671	-0.4283302738354886	0.0	-0.5286506325077551	-0.33948951660264715	-0.4035386456365151	
-0.995347935953321	-0.21796653566721697	0.7243178782113738	0.8463011412569723	0.9953479330819962	0.8228300087096012	0.36724437115161057	0.9563659171527349	0.8542139895526474	-0.25709393620173016	-0.9219933815449739	0.11411681721109118	0.5286506325077551	0.0	0.2090818720936812	0.14115601276903086	
-0.9532047633118786	-0.4172038281326969	0.5641542259860289	0.7162173994596914	0.9532047543018776	0.6858253027418909	0.1646554169948493	0.8741406697884166	0.7266280914702796	-0.45346556316697695	-0.9825732914359862	-0.09612138772188389	0.33948951660264715	-0.2090818720936812	0.0	-0.0689522090958268	
-0.9717821096104777	-0.35354620797199393	0.6197432499514094	0.7626329534780399	0.9717821025806955	0.734374101707044	0.23227462202446017	0.9055483975836395	0.7722709968168957	-0.39093100158554883	-0.9674182007088367	-0.027259681262104263	0.4035386456365151	-0.14115601276903086	0.0689522090958268	0.0	
