0.0	0.8411892740140583	-0.06328762167318147	-0.7837604452197112	-0.42149577835507	0.18084616775910284	0.20097468972332633	0.047696375865538765	-0.3041654013605918	-0.9048117781252901	-0.999416107310028	-0.8680495168808631	-0.8029245178225854	-0.9477328661325218	-0.8411892901293896	-0.962950425135876	
-0.8411892740140583	0.0	-0.8737251651055723	-0.9462429918193522	-0.9907359368950518	-0.7295283359592338	-0.715350800287611	-0.814440523739247	-0.9658077238166963	-0.84745691505748	-0.5691667178784553	-0.8870214406030951	-0.9355907443611803	-0.7808717985657434	-2.980232238769532e-08	-0.747557215381997	
0.06328762167318147	0.8737251651055723	0.0	-0.7428836472719964	-0.3632596810515672	0.2427277277749424	0.26256813014127084	0.11081635310796256	-0.2432666440369022	-0.8760493153829616	-0.995250202684554	-0.834888474928317	-0.7635903876504434	-0.9256401145715468	-0.8737251796020152	-0.9439527172940404	
0.7837604452197112	0.9462429918193522	0.7428836472719964	0.0	0.4489622303954792	0.8831542379115339	0.8925869320974164	0.8124908983056918	0.5577193227691926	-0.2282109399714965	-0.5939211812114503	-0.14999412925475697	-0.031482426635354055	-0.3385316039902385	-0.9462429821795929	-0.38668980376686407	
0.42149577835507	0.9907359368950518	0.3632596810515672	-0.4489622303954792	0.0	0.5785426969647469	0.5951457125581635	0.4642685875479923	0.12569856472236046	-0.6410329391231471	-0.8918992524449231	-0.5779104345135737	-0.47687082776325074	-0.7249484288025453	-0.9907359409422798	-0.7595643465817883	
-0.18084616775910284	0.7295283359592338	-0.2427277277749424	-0.8831542379115339	-0.5785426969647469	0.0	0.020504636306229895	-0.13373041400383662	-0.4714276762743519	-0.96689911700843	-0.9891162609227225	-0.9435226676704833	-0.8974843253695242	-0.9898077385986637	-0.7295283563425495	-0.9958430340483788	
-0.20097468972332633	0.715350800287611	-0.26256813014127084	-0.8925869320974164	-0.5951457125581635	-0.020504636306229895	0.0	-0.15402275672407278	-0.489411697970217	-0.9719277758354814	-0.9858913354346505	-0.9501176490034364	-0.9063391313976661	-0.9925197068825962	-0.7153508211124457	-0.9975013502799986	
-0.047696375865538765	0.814440523739247	-0.11081635310796256	-0.8124908983056918	-0.4642685875479923	0.13373041400383662	0.15402275672407278	0.0	-0.34925570982918924	-0.9240916711917573	-0.9999083364002186	-0.8907417561524034	-0.8304415833602323	-0.961872472296333	-0.8144405410319564	-0.9747171580016436	
0.3041654013605918	0.9658077238166963	0.2432666440369022	-0.5577193227691926	-0.12569856472236046	0.4714276762743519	0.489411697970217	0.34925570982918924	0.0	-0.7324239029695	-0.9416703196681654	-0.6759093501623709	-0.5835742107652842	-0.8057800534823276	-0.9658077315432286	-0.8352982372673314	
0.9048117781252901	0.84745691505748	0.8760493153829616	0.2282109399714965	0.6410329391231471	0.96689911700843	0.9719277758354814	0.9240916711917573	0.7324239029695	0.0	-0.3946476154198123	0.07959312283531539	0.19744615776244995	-0.11486210472231023	-0.8474568992364944	-0.16602734682091186	
0.999416107310028	0.5691667178784553	0.995250202684554	0.5939211812114503	0.8918992524449231	0.9891162609227225	0.9858913354346505	0.9999083364002186	0.9416703196681654	0.3946476154198123	0.0	0.46652832235526137	0.5682984341566045	0.2864965779206299	-0.5691666933743258	0.23661902901418058	
0.8680495168808631	0.8870214406030951	0.834888474928317	0.14999412925475697	0.5779104345135737	0.9435226676704833	0.9501176490034364	0.8907417561524034	0.6759093501623709	-0.07959312283531539	-0.46652832235526137	0.0	0.11879351560148932	-0.19356402864709416	-0.8870214268425212	-0.24398907596723796	
0.8029245178225854	0.9355907443611803	0.7635903876504434	0.031482426635354055	0.47687082776325074	0.8974843253695242	0.9063391313976661	0.8304415833602323	0.5835742107652842	-0.19744615776244995	-0.5682984341566045	-0.11879351560148932	0.0	-0.30874024831120944	-0.9355907338383874	-0.35746472003324603	
0.9477328661325218	0.7808717985657434	0.9256401145715468	0.3385316039902385	0.7249484288025453	0.9898077385986637	0.9925197068825962	0.961872472296333	0.8057800534823276	0.11486210472231023	-0.2864965779206299	0.19356402864709416	0.30874024831120944	0.0	-0.7808717799484914	-0.05166053516838548	
0.8411892901293896	2.980232238769532e-08	0.8737251796020152	0.9462429821795929	0.9907359409422798	0.7295283563425495	0.7153508211124457	0.8144405410319564	0.9658077315432286	0.8474568992364944	0.5691666933743258	0.8870214268425212	0.9355907338383874	0.7808717799484914	0.0	0.7475571955873712	
0.962950425135876	0.747557215381997	0.9439527172940404	0.38668980376686407	0.7595643465817883	0.9958430340483788	0.9975013502799986	0.9747171580016436	0.8352982372673314	0.16602734682091186	-0.23661902901418058	0.24398907596723796	0.35746472003324603	0.05166053516838548	-0.7475571955873712	0.0	
