0.0	-0.008337245514262459	0.6093138329356015	0.5920266253606115	0.1305424206454016	0.7452699462873144	0.9030208553533786	0.8983297382425752	0.97063301050716	0.632845290836632	0.9165318573575664	0.49493153536773504	0.36958769612579895	0.04833881612368984	-0.35206021365268514	-0.632845290836632	
0.008337245514262459	0.0	0.6159035010515397	0.5987251888210736	0.13880378499610968	0.7508030097425135	0.9065711237288872	0.9019612504630005	0.9685936255794274	0.6263679479979178	0.9198345817099035	0.5021588330085078	0.3773217849091723	0.05666463532918953	-0.34424450465611545	-0.6263679479979178	
-0.6093138329356015	-0.6159035010515397	0.0	-0.021622057311717985	-0.5005888747744675	0.18467844066955777	0.45427234933157934	0.44462696906009536	0.9162228503042588	0.9735799448099567	0.4830426447834748	-0.13700662492504798	-0.2731150257915378	-0.5702722858437919	-0.8494627582324719	-0.9735799448099567	
-0.5920266253606115	-0.5987251888210736	0.021622057311717985	0.0	-0.481753951179396	0.2058854020979402	0.4734284355038221	0.4638902415201538	0.9246719412413038	0.9684150178400659	0.5018619219113395	-0.11555643082005507	-0.25225115925367025	-0.5523774023816513	-0.837855319619205	-0.9684150178400659	
-0.1305424206454016	-0.13880378499610968	0.5005888747744675	0.481753951179396	0.0	0.6518516288849708	0.8392128626551087	0.8332923466096467	0.9937309848372919	0.7285060189671636	0.8564768746186079	0.3772637867262352	0.2451255564526607	-0.08246464848444979	-0.4712322868655263	-0.7285060189671636	
-0.7452699462873144	-0.7508030097425135	-0.18467844066955777	-0.2058854020979402	-0.6518516288849708	0.0	0.2819352468985588	0.2715595365468519	0.8264679650623122	0.9990040579670794	0.3130299713902151	-0.3175869211051577	-0.44607439601951615	-0.7121681957142517	-0.9322964656570623	-0.9990040579670794	
-0.9030208553533786	-0.9065711237288872	-0.45427234933157934	-0.4734284355038221	-0.8392128626551087	-0.2819352468985588	0.0	-0.010797284414754416	0.6342160362458631	0.9710576807927704	0.032565323668880486	-0.5720427341677005	-0.6803095757831876	-0.8811990240309399	-0.9964509803471241	-0.9710576807927704	
-0.8983297382425752	-0.9019612504630005	-0.44462696906009536	-0.4638902415201538	-0.8332923466096467	-0.2715595365468519	0.010797284414754416	0.0	0.6425270502525987	0.9735799539830898	0.04335498299316931	-0.5631531986005291	-0.6723563205285751	-0.8760432895448378	-0.9954840325951653	-0.9735799539830898	
-0.97063301050716	-0.9685936255794274	-0.9162228503042588	-0.9246719412413038	-0.9937309848372919	-0.8264679650623122	-0.6342160362458631	-0.6425270502525987	0.0	0.5992995676284119	-0.6087015823132976	-0.9624773034038372	-0.990818063610829	-0.9811269680623238	-0.8237971218985303	-0.5992995676284119	
-0.632845290836632	-0.6263679479979178	-0.9735799448099567	-0.9684150178400659	-0.7285060189671636	-0.9990040579670794	-0.9710576807927704	-0.9735799539830898	-0.5992995676284119	0.0	-0.9627645728178521	-0.9331142402364515	-0.8742009419992794	-0.6695331871250705	-0.3197362875747218	-0.0	
-0.9165318573575664	-0.9198345817099035	-0.4830426447834748	-0.5018619219113395	-0.8564768746186079	-0.3130299713902151	-0.032565323668880486	-0.04335498299316931	0.6087015823132976	0.9627645728178521	0.0	-0.5984501820462718	-0.7038166818089286	-0.8961267534324204	-0.9986636605661519	-0.9627645728178521	
-0.49493153536773504	-0.5021588330085078	0.13700662492504798	0.11555643082005507	-0.3772637867262352	0.3175869211051577	0.5720427341677005	0.5631531986005291	0.9624773034038372	0.9331142402364515	0.5984501820462718	0.0	-0.13874176428868173	-0.45234981558261655	-0.7691610849448529	-0.9331142402364515	
-0.36958769612579895	-0.3773217849091723	0.2731150257915378	0.25225115925367025	-0.2451255564526607	0.44607439601951615	0.6803095757831876	0.6723563205285751	0.990818063610829	0.8742009419992794	0.7038166818089286	0.13874176428868173	0.0	-0.32423941915975946	-0.6730586044894163	-0.8742009419992794	
-0.04833881612368984	-0.05666463532918953	0.5702722858437919	0.5523774023816513	0.08246464848444979	0.7121681957142517	0.8811990240309399	0.8760432895448378	0.9811269680623238	0.6695331871250705	0.8961267534324204	0.45234981558261655	0.32423941915975946	0.0	-0.3968926910839584	-0.6695331871250705	
0.35206021365268514	0.34424450465611545	0.8494627582324719	0.837855319619205	0.4712322868655263	0.9322964656570623	0.9964509803471241	0.9954840325951653	0.8237971218985303	0.3197362875747218	0.9986636605661519	0.7691610849448529	0.6730586044894163	0.3968926910839584	0.0	-0.3197362875747218	
0.632845290836632	0.6263679479979178	0.9735799448099567	0.9684150178400659	0.7285060189671636	0.9990040579670794	0.9710576807927704	0.9735799539830898	0.5992995676284119	0.0	0.9627645728178521	0.9331142402364515	0.8742009419992794	0.6695331871250705	0.3197362875747218	0.0	
