0.0	0.3560725000889374	-0.10949170823958775	-0.1603219471485415	0.935459076175849	0.9974670856889158	0.216435175744021	-0.5398182474369212	-0.1433574104005561	0.2576648272276913	0.6458964652264799	0.8171309583145913	-0.23693515312164912	-0.9974670856889158	-0.16881281247238347	-0.42627617995466244	
-0.3560725000889374	0.0	-0.45624712770916015	-0.5012808021170048	0.7482990352737497	0.9574187062596654	-0.14538285706413118	-0.804172937549849	-0.48635614751105927	-0.10327243920940019	0.331728679344456	0.5583161003192034	-0.5673395300023039	-0.9574187062596654	-0.5087107327295892	-0.7204380434239206	
0.10949170823958775	0.45624712770916015	0.0	-0.051282636427130074	0.9685330287017343	0.9836819273984977	0.32203032980221685	-0.44440459790122366	-0.0341347375161809	0.3619103218732983	0.7256018569787356	0.8753348519017927	-0.12913664706429245	-0.9836819273984977	-0.059877563359511304	-0.3246678432931532	
0.1603219471485415	0.5012808021170048	0.051282636427130074	0.0	0.9800220954480858	0.9731609980802038	0.3701573729982419	-0.39787951286615786	0.017162928617353107	0.409240448994152	0.7599354353626407	0.8989791062524265	-0.07811348940252527	-0.9731609980802038	-0.008608153778933453	-0.2757360803345221	
-0.935459076175849	-0.7482990352737497	-0.9685330287017343	-0.9800220954480858	0.0	0.41907858791548636	-0.8367901095848489	-0.9782429122686631	-0.9764642325768406	-0.8128049263659004	-0.48587042765697624	-0.25044462674917234	-0.9925634976650858	-0.41907858791548636	-0.981697848830556	-0.9968707278275202	
-0.9974670856889158	-0.9574187062596654	-0.9836819273984977	-0.9731609980802038	-0.41907858791548636	0.0	-0.989219051195564	-0.8012524085967436	-0.9769672821670291	-0.9821145536816122	-0.8074336519047918	-0.6331141310249256	-0.9522115853756327	-0.0	-0.9711439873360634	-0.8719809780155047	
-0.216435175744021	0.14538285706413118	-0.32203032980221685	-0.3701573729982419	0.8367901095848489	0.989219051195564	0.0	-0.7092140789076472	-0.3541590213638828	0.04243029218410185	0.4653547478508191	0.6729979893105346	-0.4415913622732945	-0.989219051195564	-0.3781403669023416	-0.6119579114559577	
0.5398182474369212	0.804172937549849	0.44440459790122366	0.39787951286615786	0.9782429122686631	0.8012524085967436	0.7092140789076472	0.0	0.4135668250186597	0.7384884485374241	0.9558145136199676	0.9990251542362543	0.32499952302962387	-0.8012524085967436	0.38996732647926424	0.12948440032521585	
0.1433574104005561	0.48635614751105927	0.0341347375161809	-0.017162928617353107	0.9764642325768406	0.9769672821670291	0.3541590213638828	-0.4135668250186597	0.0	0.39352025819284675	0.7486676225363076	0.8913294750140321	-0.09521247059158278	-0.9769672821670291	-0.025769178566724893	-0.29219304600382534	
-0.2576648272276913	0.10327243920940019	-0.3619103218732983	-0.409240448994152	0.8128049263659004	0.9821145536816122	-0.04243029218410185	-0.7384884485374241	-0.39352025819284675	0.0	0.4273795821143659	0.6410085830521561	-0.4792628274640256	-0.9821145536816122	-0.4170795945611357	-0.6449645081001825	
-0.6458964652264799	-0.331728679344456	-0.7256018569787356	-0.7599354353626407	0.48587042765697624	0.8074336519047918	-0.4653547478508191	-0.9558145136199676	-0.7486676225363076	-0.4273795821143659	0.0	0.25148985669960566	-0.80838708831635	-0.8074336519047918	-0.7655025667156138	-0.9097033648173479	
-0.8171309583145913	-0.5583161003192034	-0.8753348519017927	-0.8989791062524265	0.25044462674917234	0.6331141310249256	-0.6729979893105346	-0.9990251542362543	-0.8913294750140321	-0.6410085830521561	-0.25148985669960566	0.0	-0.9304452970627287	-0.6331141310249256	-0.902716096627692	-0.9848987896858898	
0.23693515312164912	0.5673395300023039	0.12913664706429245	0.07811348940252527	0.9925634976650858	0.9522115853756327	0.4415913622732945	-0.32499952302962387	0.09521247059158278	0.4792628274640256	0.80838708831635	0.9304452970627287	0.0	-0.9522115853756327	0.06952874389703989	-0.19980826779820765	
0.9974670856889158	0.9574187062596654	0.9836819273984977	0.9731609980802038	0.41907858791548636	0.0	0.989219051195564	0.8012524085967436	0.9769672821670291	0.9821145536816122	0.8074336519047918	0.6331141310249256	0.9522115853756327	0.0	0.9711439873360634	0.8719809780155047	
0.16881281247238347	0.5087107327295892	0.059877563359511304	0.008608153778933453	0.981697848830556	0.9711439873360634	0.3781403669023416	-0.38996732647926424	0.025769178566724893	0.4170795945611357	0.7655025667156138	0.902716096627692	-0.06952874389703989	-0.9711439873360634	0.0	-0.2674514193138391	
0.42627617995466244	0.7204380434239206	0.3246678432931532	0.2757360803345221	0.9968707278275202	0.8719809780155047	0.6119579114559577	-0.12948440032521585	0.29219304600382534	0.6449645081001825	0.9097033648173479	0.9848987896858898	0.19980826779820765	-0.8719809780155047	0.2674514193138391	0.0	
