0.0	0.007600691228705658	-0.0778169320171776	-0.41460463036429396	0.8317072951935263	0.8782179069645724	0.7971928481350519	0.20886763517989568	-0.35545945987709804	-0.007632739318560233	0.4516093745977865	0.3721712887572934	-0.8782178868073903	-0.384639936552963	0.905339395760481	0.49869003642535786	
-0.007600691228705658	0.0	-0.08539232760970461	-0.4215092957801716	0.8274632579256987	0.881827651043975	0.7925810953415137	0.20142855212203947	-0.3625534951911329	-0.015232988664014957	0.4448148730127053	0.36510584987123684	-0.881827631168708	-0.3916447708852566	0.902085315973009	0.49208750130815254	
0.0778169320171776	0.08539232760970461	0.0	-0.34253387381421163	0.8723903574438032	0.838338074832772	0.8417554995008829	0.28433487409469277	-0.2816467473156175	0.07020507093102757	0.5196694372863581	0.44326962069719894	-0.8383380518563882	-0.31164336134318554	0.9356420830683096	0.5646280320035058	
0.41460463036429396	0.4215092957801716	0.34253387381421163	0.0	0.9870494503976139	0.6008906377913933	0.9757538791458681	0.5955299698900385	0.06405881191013885	0.4076467476596969	0.7808820632060401	0.723497605482464	-0.6008906041021	0.032684748550611264	0.9999382864410891	0.8131799192344874	
-0.8317072951935263	-0.8274632579256987	-0.8723903574438032	-0.9870494503976139	0.0	0.8853721074258039	-0.05950936188221195	-0.6973967842561317	-0.9747460980894513	-0.8359208741479243	-0.4913223556719443	-0.565325983714196	-0.8853721270191581	-0.9812789148765917	0.14944064994614892	-0.44402771044316003	
-0.8782179069645724	-0.881827651043975	-0.838338074832772	-0.6008906377913933	-0.8853721074258039	0.0	-0.9114678969344739	-0.9587410464398657	-0.6508606935619324	-0.8745418853360345	-0.9995468831021508	-0.9931252078634172	-4.2146848510894055e-08	-0.6266955292535707	-0.805957574044069	-0.9997259129587891	
-0.7971928481350519	-0.7925810953415137	-0.8417554995008829	-0.9757538791458681	0.05950936188221195	0.9114678969344739	0.0	-0.6535113400772781	-0.9597292080875728	-0.8017776996516806	-0.4386202747966958	-0.5152367397202292	-0.9114679142724736	-0.9680788118573322	0.20801691663171057	-0.38991961615404497	
-0.20886763517989568	-0.20142855212203947	-0.28433487409469277	-0.5955299698900385	0.6973967842561317	0.9587410464398657	0.6535113400772781	0.0	-0.5428462624647641	-0.21632594192257582	0.25529364509758024	0.17009921575203404	-0.958741034458323	-0.5689550446236967	0.796667412017315	0.30664851851475816	
0.35545945987709804	0.3625534951911329	0.2816467473156175	-0.06405881191013885	0.9747460980894513	0.6508606935619324	0.9597292080875728	0.5428462624647641	0.0	0.34831484733905593	0.7392620678882418	0.6777901115216997	-0.6508606615641637	-0.03140696781729996	0.997172870243576	0.7742267273686242	
0.007632739318560233	0.015232988664014957	-0.07020507093102757	-0.4076467476596969	0.8359208741479243	0.8745418853360345	0.8017776996516806	0.21632594192257582	-0.34831484733905593	0.0	0.45840626967290254	0.3792448818439923	-0.8745418648969204	-0.37758320463743195	0.9085545623405774	0.5052914184716727	
-0.4516093745977865	-0.4448148730127053	-0.5196694372863581	-0.7808820632060401	0.4913223556719443	0.9995468831021508	0.4386202747966958	-0.25529364509758024	-0.7392620678882418	-0.45840626967290254	0.0	-0.08711050156953537	-0.9995468818335173	-0.7600473873672491	0.615964638076327	0.05349296211109908	
-0.3721712887572934	-0.36510584987123684	-0.44326962069719894	-0.723497605482464	0.565325983714196	0.9931252078634172	0.5152367397202292	-0.17009921575203404	-0.6777901115216997	-0.3792448818439923	0.08711050156953537	0.0	-0.9931252029298366	-0.7005478877661819	0.6822465151693334	0.14027539597798708	
0.8782178868073903	0.881827631168708	0.8383380518563882	0.6008906041021	0.8853721270191581	4.2146848510894055e-08	0.9114679142724736	0.958741034458323	0.6508606615641637	0.8745418648969204	0.9995468818335173	0.9931252029298366	0.0	0.6266954964100397	0.8059575989938775	0.9997259139455101	
0.384639936552963	0.3916447708852566	0.31164336134318554	-0.032684748550611264	0.9812789148765917	0.6266955292535707	0.9680788118573322	0.5689550446236967	0.03140696781729996	0.37758320463743195	0.7600473873672491	0.7005478877661819	-0.6266954964100397	0.0	0.9990409156622979	0.7937225175141112	
-0.905339395760481	-0.902085315973009	-0.9356420830683096	-0.9999382864410891	-0.14944064994614892	0.805957574044069	-0.20801691663171057	-0.796667412017315	-0.997172870243576	-0.9085545623405774	-0.615964638076327	-0.6822465151693334	-0.8059575989938775	-0.9990409156622979	0.0	-0.5729423620454297	
-0.49869003642535786	-0.49208750130815254	-0.5646280320035058	-0.8131799192344874	0.44402771044316003	0.9997259129587891	0.38991961615404497	-0.30664851851475816	-0.7742267273686242	-0.5052914184716727	-0.05349296211109908	-0.14027539597798708	-0.9997259139455101	-0.7937225175141112	0.5729423620454297	0.0	
