0.0	0.5036346986118198	-0.3922677460536056	-0.5512553703111669	0.774224242988303	-0.25163728583157247	-0.774224242988303	-0.09444339947055413	0.17630035902593305	-0.9272937347827159	-0.9992932331330229	-0.9844311307818634	-0.9045065575507261	-0.7684024415918186	-0.8594075232980819	-0.7684024415918186	
-0.5036346986118198	0.0	-0.8021555856418905	-0.8964395769930881	0.3501091298755771	-0.7048222041710859	-0.3501091298755771	-0.582974800142675	-0.34343714809876336	-0.9896324079909165	-0.8443743239681695	-0.7619422710756796	-0.9961982431848314	-0.9861452714035043	-0.9999605224560741	-0.9861452714035043	
0.3922677460536056	0.8021555856418905	0.0	-0.17978952268270088	0.96044173115279	0.14817637311102833	-0.96044173115279	0.30364053721320766	0.5482935042010278	-0.7061327898231117	-0.9339464438406515	-0.974479229273449	-0.6647249461467122	-0.45577742812711536	-0.5899638878908972	-0.45577742812711536	
0.5512553703111669	0.8964395769930881	0.17978952268270088	0.0	0.9948594015154051	0.3235666715309531	-0.9948594015154051	0.46999380486688475	0.6897145738373069	-0.5673211647361435	-0.8544687722026789	-0.9182414534464172	-0.5195746939385278	-0.28832104565694666	-0.43518309828741236	-0.28832104565694666	
-0.774224242988303	-0.3501091298755771	-0.96044173115279	-0.9948594015154051	0.0	-0.9085750595426175	-0.0	-0.8305379435998529	-0.6505146134672204	-0.8767136190311039	-0.603360706217889	-0.4869717119965964	-0.9026479472487762	-0.9818085754850079	-0.9397828617267908	-0.9818085754850079	
0.25163728583157247	0.7048222041710859	-0.14817637311102833	-0.3235666715309531	0.9085750595426175	0.0	-0.9085750595426175	0.1591081624294961	0.41832304252830144	-0.8032583975267431	-0.9765967226573968	-0.9969841946602825	-0.7680878314801114	-0.5826369466805557	-0.703093242023674	-0.5826369466805557	
0.774224242988303	0.3501091298755771	0.96044173115279	0.9948594015154051	0.0	0.9085750595426175	0.0	0.8305379435998529	0.6505146134672204	0.8767136190311039	0.603360706217889	0.4869717119965964	0.9026479472487762	0.9818085754850079	0.9397828617267908	0.9818085754850079	
0.09444339947055413	0.582974800142675	-0.30364053721320766	-0.46999380486688475	0.8305379435998529	-0.1591081624294961	-0.8305379435998529	0.0	0.2684764149726741	-0.8877955234300496	-0.9983767851468007	-0.9966313378021541	-0.8601873186597333	-0.7045272078968854	-0.8072780910039656	-0.7045272078968854	
-0.17630035902593305	0.34343714809876336	-0.5482935042010278	-0.6897145738373069	0.6505146134672204	-0.41832304252830144	-0.6505146134672204	-0.2684764149726741	0.0	-0.9787643026082702	-0.9770135296986817	-0.9380229704291343	-0.9655237453588124	-0.8691929085489566	-0.9360869480922137	-0.8691929085489566	
0.9272937347827159	0.9896324079909165	0.7061327898231117	0.5673211647361435	0.8767136190311039	0.8032583975267431	-0.8767136190311039	0.8877955234300496	0.9787643026082702	0.0	-0.408927241778717	-0.5314976449400711	0.05686539667199775	0.3057977808200306	0.15241124368148745	0.3057977808200306	
0.9992932331330229	0.8443743239681695	0.9339464438406515	0.8544687722026789	0.603360706217889	0.9765967226573968	-0.603360706217889	0.9983767851468007	0.9770135296986817	0.408927241778717	0.0	-0.13864139070576698	0.4601590217189578	0.6683991499650954	0.5432352809420178	0.6683991499650954	
0.9844311307818634	0.7619422710756796	0.974479229273449	0.9182414534464172	0.4869717119965964	0.9969841946602825	-0.4869717119965964	0.9966313378021541	0.9380229704291343	0.5314976449400711	0.13864139070576698	0.0	0.5788059940305768	0.7650660374641008	0.6543896770532318	0.7650660374641008	
0.9045065575507261	0.9961982431848314	0.6647249461467122	0.5195746939385278	0.9026479472487762	0.7680878314801114	-0.9026479472487762	0.8601873186597333	0.9655237453588124	-0.05686539667199775	-0.4601590217189578	-0.5788059940305768	0.0	0.2511616111003925	0.09596357259975857	0.2511616111003925	
0.7684024415918186	0.9861452714035043	0.45577742812711536	0.28832104565694666	0.9818085754850079	0.5826369466805557	-0.9818085754850079	0.7045272078968854	0.8691929085489566	-0.3057977808200306	-0.6683991499650954	-0.7650660374641008	-0.2511616111003925	0.0	-0.15711498547742286	0.0	
0.8594075232980819	0.9999605224560741	0.5899638878908972	0.43518309828741236	0.9397828617267908	0.703093242023674	-0.9397828617267908	0.8072780910039656	0.9360869480922137	-0.15241124368148745	-0.5432352809420178	-0.6543896770532318	-0.09596357259975857	0.15711498547742286	0.0	0.15711498547742286	
0.7684024415918186	0.9861452714035043	0.45577742812711536	0.28832104565694666	0.9818085754850079	0.5826369466805557	-0.9818085754850079	0.7045272078968854	0.8691929085489566	-0.3057977808200306	-0.6683991499650954	-0.7650660374641008	-0.2511616111003925	0.0	-0.15711498547742286	0.0	
