0.0	0.7335720164648721	-0.2804563010831423	-0.44557872790897757	-0.4273165540715437	-0.8318344339040604	-0.9987739247894989	-0.999968507727063	-0.9834171933038365	-0.9473027912934213	-0.7335720307866183	-0.9608180703252671	-0.9714871822663316	-0.9935652507038883	-0.9602038857030677	-0.9746997298019677	
-0.7335720164648721	0.0	-0.8947328105247286	-0.9595455636849214	-0.953633322892936	-0.9724743996428727	-0.7150932274228599	-0.6854121097575111	-0.5353029040522029	-0.40880596088412097	-2.1073424255447017e-08	-0.4496518889703642	-0.4863099640180027	-0.5921533691120988	-0.8574524935931394	-0.8263841450255772	
0.2804563010831423	0.8947328105247286	0.0	-0.17661975254262618	-0.15660584714452103	-0.6427903155148734	-0.9448062136463595	-0.9576108038034852	-0.9948124253298619	-0.9991257364936305	-0.8947328199361583	-0.9999941797732468	-0.9989922554858409	-0.9854551010691583	-0.8433363769865765	-0.8728947856565936	
0.44557872790897757	0.9595455636849214	0.17661975254262618	0.0	0.02029660186537524	-0.49738693225296093	-0.8720871893770943	-0.8916783557355025	-0.9612062649971274	-0.9908024495566298	-0.9595455696182152	-0.983670838041281	-0.9753600528982052	-0.9399488640955362	-0.7351654306835395	-0.7729978690904422	
0.4273165540715437	0.953633322892936	0.15660584714452103	-0.02029660186537524	0.0	-0.5148923588207716	-0.8818396945551576	-0.900682325827518	-0.9666066828903629	-0.9933448084205705	-0.9536333292354233	-0.9871211239257547	-0.9796369485314469	-0.9466827779438886	-0.7487728062235257	-0.7857149727981878	
0.8318344339040604	0.9724743996428727	0.6427903155148734	0.49738693225296093	0.5148923588207716	0.0	-0.5131642080361825	-0.5484047521894427	-0.6966795965855062	-0.7922451036165842	-0.9724743947325593	-0.7638446383087536	-0.7364199132318543	-0.6456669522197078	-0.30060468873778234	-0.35505136681978233	
0.9987739247894989	0.7150932274228599	0.9448062136463595	0.8720871893770943	0.8818396945551576	0.5131642080361825	0.0	-0.041575965094719336	-0.22981846151080465	-0.366842069085397	-0.715093212691923	-0.3244042951446916	-0.28489390059807207	-0.16230776878514175	0.23142362702614666	0.17499271711229297	
0.999968507727063	0.6854121097575111	0.9576108038034852	0.8916783557355025	0.900682325827518	0.5484047521894427	0.041575965094719336	0.0	-0.18915662535198785	-0.3278474542463647	-0.685412094412784	-0.284796322072403	-0.2447945479886789	-0.12114275328873564	0.27167083107732504	0.21577584555322032	
0.9834171933038365	0.5353029040522029	0.9948124253298619	0.9612062649971274	0.9666066828903629	0.6966795965855062	0.22981846151080465	0.18915662535198785	0.0	-0.14322673463460484	-0.5353028862523207	-0.0983315926411154	-0.05697372458098188	0.06880775037429665	0.4488088268801143	0.3965810772770718	
0.9473027912934213	0.40880596088412097	0.9991257364936305	0.9908024495566298	0.9933448084205705	0.7922451036165842	0.366842069085397	0.3278474542463647	0.14322673463460484	0.0	-0.40880594165206446	0.045214831418567525	0.08660776841138518	0.21098561415207784	0.5721729551046408	0.5239743870008657	
0.7335720307866183	2.1073424255447017e-08	0.8947328199361583	0.9595455696182152	0.9536333292354233	0.9724743947325593	0.715093212691923	0.685412094412784	0.5353028862523207	0.40880594165206446	0.0	0.4496518701474997	0.4863099456043317	0.5921533521306006	0.8574524827495319	0.826384133158989	
0.9608180703252671	0.4496518889703642	0.9999941797732468	0.983670838041281	0.9871211239257547	0.7638446383087536	0.3244042951446916	0.284796322072403	0.0983315926411154	-0.045214831418567525	-0.4496518701474997	0.0	0.04147425734393717	0.16657282844761695	0.5345056115638465	0.48492750118903555	
0.9714871822663316	0.4863099640180027	0.9989922554858409	0.9753600528982052	0.9796369485314469	0.7364199132318543	0.28489390059807207	0.2447945479886789	0.05697372458098188	-0.08660776841138518	-0.4863099456043317	-0.04147425734393717	0.0	0.12553467777119298	0.49899312079247216	0.4482387640366913	
0.9935652507038883	0.5921533691120988	0.9854551010691583	0.9399488640955362	0.9466827779438886	0.6456669522197078	0.16230776878514175	0.12114275328873564	-0.06880775037429665	-0.21098561415207784	-0.5921533521306006	-0.16657282844761695	-0.12553467777119298	0.0	0.3862566039192825	0.3324756613951995	
0.9602038857030677	0.8574524935931394	0.8433363769865765	0.7351654306835395	0.7487728062235257	0.30060468873778234	-0.23142362702614666	-0.27167083107732504	-0.4488088268801143	-0.5721729551046408	-0.8574524827495319	-0.5345056115638465	-0.49899312079247216	-0.3862566039192825	0.0	-0.05761049459049716	
0.9746997298019677	0.8263841450255772	0.8728947856565936	0.7729978690904422	0.7857149727981878	0.35505136681978233	-0.17499271711229297	-0.21577584555322032	-0.3965810772770718	-0.5239743870008657	-0.826384133158989	-0.48492750118903555	-0.4482387640366913	-0.3324756613951995	0.05761049459049716	0.0	
