0.0	0.7615141680077899	0.5365881825038116	0.18490209366053995	0.5061803740313316	-0.2777753829699332	-0.656569460995719	-0.1805557415063287	-0.06161002038096458	-0.5313545236862696	-0.7873557955189534	-0.8896365223199622	-0.997954223820367	-0.7615141816664932	-0.9833321146562772	-0.9021656176621039	
-0.7615141680077899	0.0	-0.29481065494577374	-0.62853936742877	-0.3286709337857245	-0.9115852110084881	-0.9999382705981281	-0.8660253852818095	-0.7999999459638248	-0.9895129012954317	-0.9797959125934602	-0.9243765166014053	-0.6955078176121559	-2.1073424255447017e-08	-0.49888766983349303	-0.9132465576355808	
-0.5365881825038116	0.29481065494577374	0.0	-0.3713071947269378	-0.035631078912193415	-0.7498704792945308	-0.9587723547677012	-0.6801301481405027	-0.5875580865923347	-0.9029509013672139	-0.9952116684816938	-0.9957580208716799	-0.8764233708823859	-0.2948106750826041	-0.7322175163717262	-0.9927659640658562	
-0.18490209366053995	0.62853936742877	0.3713071947269378	0.0	0.3379876030271486	-0.4506111533845427	-0.7847134807951178	-0.35930559134522055	-0.245098510330862	-0.6788320757106855	-0.8877713083448677	-0.9587355835292718	-0.9925677025472638	-0.6285393838192108	-0.9327578524643103	-0.966374413100737	
-0.5061803740313316	0.3286709337857245	0.035631078912193415	-0.3379876030271486	0.0	-0.7258213448859534	-0.948038074654536	-0.6535774362621471	-0.5583529665830637	-0.8870653053310947	-0.9910970245244647	-0.9984041655178866	-0.8930246900831496	-0.32867095368840404	-0.7560198560292803	-0.9964136348221178	
0.2777753829699332	0.9115852110084881	0.7498704792945308	0.4506111533845427	0.7258213448859534	0.0	-0.4212144541197069	0.09975991587555177	0.21806226976870885	-0.2751263328848417	-0.5851220277484311	-0.7277743202892879	-0.9409219045481664	-0.9115852196720082	-0.995138805711146	-0.746832359187436	
0.656569460995719	0.9999382705981281	0.9587723547677012	0.7847134807951178	0.948038074654536	0.4212144541197069	0.0	0.5095916015980373	0.6088518580025588	0.1554301071930948	-0.18910103626314387	-0.3711870720238252	-0.7107463662705962	-0.9999382703639804	-0.8610700013480295	-0.3972350615701907	
0.1805557415063287	0.8660253852818095	0.6801301481405027	0.35930559134522055	0.6535774362621471	-0.09975991587555177	-0.5095916015980373	0.0	0.11961529494477446	-0.36966386483603675	-0.6631029990762031	-0.792560860943478	-0.9700092164768166	-0.8660253958185221	-0.9999991757109871	-0.8094483899681366	
0.06161002038096458	0.7999999459638248	0.5875580865923347	0.245098510330862	0.5583529665830637	-0.21806226976870885	-0.6088518580025588	-0.11961529494477446	0.0	-0.478152207165351	-0.7478775466716889	-0.859811072811477	-0.9921195245637645	-0.7999999586078808	-0.992665915935433	-0.8738738349310955	
0.5313545236862696	0.9895129012954317	0.9029509013672139	0.6788320757106855	0.8870653053310947	0.2751263328848417	-0.1554301071930948	0.36966386483603675	0.478152207165351	0.0	-0.3394286514801078	-0.5110018814642858	-0.8114456436729315	-0.989512904339372	-0.9296394253375656	-0.5350482568264785	
0.7873557955189534	0.9797959125934602	0.9952116684816938	0.8877713083448677	0.9910970245244647	0.5851220277484311	0.18910103626314387	0.6631029990762031	0.7478775466716889	0.3394286514801078	0.0	-0.1888986793923306	-0.5649000064625245	-0.9797959083787767	-0.7493789511476556	-0.2165267853215942	
0.8896365223199622	0.9243765166014053	0.9957580208716799	0.9587355835292718	0.9984041655178866	0.7277743202892879	0.3711870720238252	0.792560860943478	0.859811072811477	0.5110018814642858	0.1888986793923306	0.0	-0.3988583611392482	-0.9243765085622858	-0.6108099398940228	-0.028211188181381408	
0.997954223820367	0.6955078176121559	0.8764233708823859	0.9925677025472638	0.8930246900831496	0.9409219045481664	0.7107463662705962	0.9700092164768166	0.9921195245637645	0.8114456436729315	0.5649000064625245	0.3988583611392482	0.0	-0.6955078024705099	-0.24431340025757114	0.3728295961448762	
0.7615141816664932	2.1073424255447017e-08	0.2948106750826041	0.6285393838192108	0.32867095368840404	0.9115852196720082	0.9999382703639804	0.8660253958185221	0.7999999586078808	0.989512904339372	0.9797959083787767	0.9243765085622858	0.6955078024705099	0.0	0.4988876515698588	0.9132465490501134	
0.9833321146562772	0.49888766983349303	0.7322175163717262	0.9327578524643103	0.7560198560292803	0.995138805711146	0.8610700013480295	0.9999991757109871	0.992665915935433	0.9296394253375656	0.7493789511476556	0.6108099398940228	0.24431340025757114	-0.4988876515698588	0.0	0.5882298514483294	
0.9021656176621039	0.9132465576355808	0.9927659640658562	0.966374413100737	0.9964136348221178	0.746832359187436	0.3972350615701907	0.8094483899681366	0.8738738349310955	0.5350482568264785	0.2165267853215942	0.028211188181381408	-0.3728295961448762	-0.9132465490501134	-0.5882298514483294	0.0	
