0.0	-0.5188938971852076	-0.9905576528455865	-0.9186117169207358	-0.9956901673740131	-0.9186117169207358	-0.9916404093159297	-0.9997967384868465	-0.9999918701389057	-0.9333871526282606	-0.9869070076991201	-0.9021360314114384	-0.8254219884968946	-0.6474632085838037	-0.0	-0.6074540224977514	
0.5188938971852076	0.0	-0.7756282700710412	-0.9903116298605734	-0.8992777334186958	-0.580217976445361	-0.7807385512618924	-0.8442032746127266	-0.8569240533029073	-0.6116794242155799	-0.7599537095898995	-0.9950584112504215	-0.9985266326198299	-0.9489239086460872	-0.5188938971852076	-0.9314610568934667	
0.9905576528455865	0.7756282700710412	0.0	-0.5173688653006782	-0.22837231169472577	0.26549138604826517	-0.008136945985863175	-0.11709792668467482	-0.1410899511111007	0.2275180502123538	0.02446552624506526	-0.5510577719861048	-0.6723485675737996	-0.8436658701205987	-0.9905576528455865	-0.8701342761305978	
0.9186117169207358	0.9903116298605734	0.5173688653006782	0.0	0.3082643497479355	0.7259997411909913	0.5103884443062582	0.4136015460237494	0.3914540217011312	0.6985016942627171	0.5381506833737297	-0.03984728300779805	-0.19239630716881273	-0.444218513325205	-0.9186117169207358	-0.4896612949408268	
0.9956901673740131	0.8992777334186958	0.22837231169472577	-0.3082643497479355	0.0	0.47865224461368705	0.22044283329447445	0.112797713340863	0.08872636314551928	0.4438886176743957	0.25212295112796035	-0.3459262701981014	-0.48553189081212805	-0.698765124632733	-0.9956901673740131	-0.7345947624370133	
0.9186117169207358	0.580217976445361	-0.26549138604826517	-0.7259997411909913	-0.47865224461368705	0.0	-0.2733275341173157	-0.37656056492576645	-0.39886230623286645	-0.03917540995560931	-0.24182438005229112	-0.7528259150670775	-0.8447460856267407	-0.9559234188953243	-0.9186117169207358	-0.9697460304121985	
0.9916404093159297	0.7807385512618924	0.008136945985863175	-0.5103884443062582	-0.22044283329447445	0.2733275341173157	0.0	-0.10901308326630141	-0.13302972992839562	0.2354340634431803	0.03259922668987497	-0.5442495152713427	-0.6663030594129433	-0.8392694693014349	-0.9916404093159297	-0.8660954632044455	
0.9997967384868465	0.8442032746127266	0.11709792668467482	-0.4136015460237494	-0.112797713340863	0.37656056492576645	0.10901308326630141	0.0	-0.02419273445670542	0.3399797113763522	0.14136008880964335	-0.4495523334805155	-0.5810431122714075	-0.7749955631397674	-0.9997967384868465	-0.8064404958514388	
0.9999918701389057	0.8569240533029073	0.1410899511111007	-0.3914540217011312	-0.08872636314551928	0.39886230623286645	0.13302972992839562	0.02419273445670542	0.0	0.36263184401469173	0.16526851147020166	-0.4278104986400232	-0.5611832404437928	-0.7594797300568766	-0.9999918701389057	-0.7918989283157152	
0.9333871526282606	0.6116794242155799	-0.2275180502123538	-0.6985016942627171	-0.4438886176743957	0.03917540995560931	-0.2354340634431803	-0.3399797113763522	-0.36263184401469173	0.0	-0.20362605818423918	-0.7264619818479161	-0.8231322166300183	-0.9436870720218937	-0.9333871526282606	-0.9594382583022466	
0.9869070076991201	0.7599537095898995	-0.02446552624506526	-0.5381506833737297	-0.25212295112796035	0.24182438005229112	-0.03259922668987497	-0.14136008880964335	-0.16526851147020166	0.20362605818423918	0.0	-0.571308502788867	-0.6902575476689169	-0.8565481121301057	-0.9869070076991201	-0.8819307938038407	
0.9021360314114384	0.9950584112504215	0.5510577719861048	0.03984728300779805	0.3459262701981014	0.7528259150670775	0.5442495152713427	0.4495523334805155	0.4278104986400232	0.7264619818479161	0.571308502788867	0.0	-0.15314067395368536	-0.40816578982680957	-0.9021360314114384	-0.4545290434620462	
0.8254219884968946	0.9985266326198299	0.6723485675737996	0.19239630716881273	0.48553189081212805	0.8447460856267407	0.6663030594129433	0.5810431122714075	0.5611832404437928	0.8231322166300183	0.6902575476689169	0.15314067395368536	0.0	-0.2635479101533389	-0.8254219884968946	-0.31276031403092164	
0.6474632085838037	0.9489239086460872	0.8436658701205987	0.444218513325205	0.698765124632733	0.9559234188953243	0.8392694693014349	0.7749955631397674	0.7594797300568766	0.9436870720218937	0.8565481121301057	0.40816578982680957	0.2635479101533389	0.0	-0.6474632085838037	-0.051376821659236016	
0.0	0.5188938971852076	0.9905576528455865	0.9186117169207358	0.9956901673740131	0.9186117169207358	0.9916404093159297	0.9997967384868465	0.9999918701389057	0.9333871526282606	0.9869070076991201	0.9021360314114384	0.8254219884968946	0.6474632085838037	0.0	0.6074540224977514	
0.6074540224977514	0.9314610568934667	0.8701342761305978	0.4896612949408268	0.7345947624370133	0.9697460304121985	0.8660954632044455	0.8064404958514388	0.7918989283157152	0.9594382583022466	0.8819307938038407	0.4545290434620462	0.31276031403092164	0.051376821659236016	-0.6074540224977514	0.0	
