0.0	-0.1389247761181751	-0.06973715814913319	0.24411523526024093	-0.03493761577293178	0.23961169793183118	0.9935900450522841	0.3805075535114129	-0.30525670843471236	-0.343161284216052	-0.546030112509842	-0.654848789563357	-0.9935900450522841	-0.9988287551537959	-0.6067871927486459	-0.38923258268513	
0.1389247761181751	0.0	0.06952563744515106	0.37646981237752064	0.10424113836396252	0.3721658993565936	0.9996596760286355	0.5052922982091916	-0.17000270448791818	-0.20934485084211651	-0.4243488325558236	-0.5435049011981905	-0.9996596760286355	-0.9824211604113949	-0.4904767899195298	-0.2574890695434619	
0.06973715814913319	-0.06952563744515106	0.0	0.31114825874484003	0.03484202659566659	0.30673397078518505	0.9990543806662193	0.44407254664100343	-0.23810492016807877	-0.27682335057202045	-0.48627735937737954	-0.6005499458447581	-0.9990543806662193	-0.9930227680621071	-0.5498783296330012	-0.32404730565653284	
-0.24411523526024093	-0.37646981237752064	-0.31114825874484003	0.0	-0.27784682292835217	-0.004641325553549069	0.9359345717893757	0.14324341260207318	-0.5284851817072322	-0.562071064298711	-0.7340219776963333	-0.8195296570039113	-0.9359345717893757	-0.9804219604118275	-0.7824680858495906	-0.6023210180664003	
0.03493761577293178	-0.10424113836396252	-0.03484202659566659	0.27784682292835217	0.0	0.27338525506016964	0.9969329222479377	0.4125847836761185	-0.27180030089167634	-0.3101357013181998	-0.5164272275920542	-0.628044551354149	-0.9969329222479377	-0.9965285053241871	-0.5786460816763163	-0.3568125360354437	
-0.23961169793183118	-0.3721658993565936	-0.30673397078518505	0.004641325553549069	-0.27338525506016964	0.0	0.9375590446922147	0.1478353315559791	-0.5245392707482021	-0.5582262211824385	-0.7308620280053316	-0.8168611796323517	-0.9375590446922147	-0.9813253146345676	-0.7795695476699146	-0.5986095739392381	
-0.9935900450522841	-0.9996596760286355	-0.9990543806662193	-0.9359345717893757	-0.9969329222479377	-0.9375590446922147	0.0	-0.8758361400494402	-0.980673363348524	-0.9720479110971177	-0.8941206398690199	-0.8249419056649374	-0.0	-0.1609860053517682	-0.8583626050025384	-0.9592352424256521	
-0.3805075535114129	-0.5052922982091916	-0.44407254664100343	-0.14324341260207318	-0.4125847836761185	-0.1478353315559791	0.8758361400494402	0.0	-0.6446405967035501	-0.6747497425805639	-0.8237326525035115	-0.8931619906015953	-0.8758361400494402	-0.9421055667692477	-0.8635952139984018	-0.7104541975363545	
0.30525670843471236	0.17000270448791818	0.23810492016807877	0.5284851817072322	0.27180030089167634	0.5245392707482021	0.980673363348524	0.6446405967035501	0.0	-0.04006177918048262	-0.2642345953061844	-0.392892135057701	-0.980673363348524	-0.9363848815325042	-0.33518763131888935	-0.08947053537010138	
0.343161284216052	0.20934485084211651	0.27682335057202045	0.562071064298711	0.3101357013181998	0.5582262211824385	0.9720479110971177	0.6747497425805639	0.04006177918048262	0.0	-0.22538454803862396	-0.3557365293543381	-0.9720479110971177	-0.9215724787233281	-0.29717428310240473	-0.049497598651309094	
0.546030112509842	0.4243488325558236	0.48627735937737954	0.7340219776963333	0.5164272275920542	0.7308620280053316	0.8941206398690199	0.8237326525035115	0.2642345953061844	0.22538454803862396	0.0	-0.13594207978444983	-0.8941206398690199	-0.810364599637855	-0.0743255466665656	0.17688426160463033	
0.654848789563357	0.5435049011981905	0.6005499458447581	0.8195296570039113	0.628044551354149	0.8168611796323517	0.8249419056649374	0.8931619906015953	0.392892135057701	0.3557365293543381	0.13594207978444983	0.0	-0.8249419056649374	-0.7231898201339696	0.061930501497706236	0.30904070590364774	
0.9935900450522841	0.9996596760286355	0.9990543806662193	0.9359345717893757	0.9969329222479377	0.9375590446922147	0.0	0.8758361400494402	0.980673363348524	0.9720479110971177	0.8941206398690199	0.8249419056649374	0.0	0.1609860053517682	0.8583626050025384	0.9592352424256521	
0.9988287551537959	0.9824211604113949	0.9930227680621071	0.9804219604118275	0.9965285053241871	0.9813253146345676	0.1609860053517682	0.9421055667692477	0.9363848815325042	0.9215724787233281	0.810364599637855	0.7231898201339696	-0.1609860053517682	0.0	0.7645738901561375	0.9012275725903763	
0.6067871927486459	0.4904767899195298	0.5498783296330012	0.7824680858495906	0.5786460816763163	0.7795695476699146	0.8583626050025384	0.8635952139984018	0.33518763131888935	0.29717428310240473	0.0743255466665656	-0.061930501497706236	-0.8583626050025384	-0.7645738901561375	0.0	0.24954856134705605	
0.38923258268513	0.2574890695434619	0.32404730565653284	0.6023210180664003	0.3568125360354437	0.5986095739392381	0.9592352424256521	0.7104541975363545	0.08947053537010138	0.049497598651309094	-0.17688426160463033	-0.30904070590364774	-0.9592352424256521	-0.9012275725903763	-0.24954856134705605	0.0	
