0.0	0.5646012146111333	0.7094242215277742	0.9104035140312889	0.9908271818555129	0.9230769310203961	0.9330805708287705	0.0	0.37958736545716365	0.8945412675731935	0.979454930928046	0.9986483844710502	0.9230769310203961	0.9508111092586724	0.9988561090134056	0.9610118396922456	
-0.5646012146111333	0.0	0.1876124841298627	0.517826504800184	0.8940903701653671	0.9790286229954208	0.9731996215383792	0.5646012146111333	0.8356418281988135	0.9906904982580212	0.9222659594737884	0.7949030979544209	0.9790286229954208	0.9596623388468105	0.7974221302962102	0.6370681087941532	
-0.7094242215277742	-0.1876124841298627	0.0	0.3481317346469563	0.7941850004831695	0.9234232041270353	0.912774905150427	0.7094242215277742	0.9238542379465422	0.9475585816868112	0.8333666763020918	0.6669567785694551	0.9234232041270353	0.8898735258047112	0.6700529299687665	0.4811426571331274	
-0.9104035140312889	-0.517826504800184	-0.3481317346469563	0.0	0.5329539339125893	0.7320519105594616	0.7134779277630247	0.9104035140312889	0.9993086156063888	0.7770279652103094	0.5888163862941219	0.3658440079328078	0.7320519105594616	0.6753877998644644	0.3697153609615111	0.1458580689748491	
-0.9908271818555129	-0.8940903701653671	-0.7941850004831695	-0.5329539339125893	0.0	0.25634726384884593	0.23027631195385093	0.9908271818555129	0.8653740320407249	0.3220013289424667	0.06745461895466248	-0.18645072773156549	0.25634726384884593	0.17844183025255422	-0.1823589880337645	-0.40383730444902977	
-0.9230769310203961	-0.9790286229954208	-0.9234232041270353	-0.7320519105594616	-0.25634726384884593	0.0	-0.026876432585901555	0.9230769310203961	0.7079949319120099	0.06854756652441024	-0.19056278674677982	-0.4320724686271534	0.0	-0.07975385688589232	-0.4283142543059234	-0.6248573581665189	
-0.9330805708287705	-0.9731996215383792	-0.912774905150427	-0.7134779277630247	-0.23027631195385093	0.026876432585901555	0.0	0.9330805708287705	0.7267197856509773	0.09533601980224682	-0.16411002628668536	-0.40767817614916607	0.026876432585901555	-0.05293422680919302	-0.40387318488486634	-0.6036481595362488	
-0.0	-0.5646012146111333	-0.7094242215277742	-0.9104035140312889	-0.9908271818555129	-0.9230769310203961	-0.9330805708287705	0.0	-0.37958736545716365	-0.8945412675731935	-0.979454930928046	-0.9986483844710502	-0.9230769310203961	-0.9508111092586724	-0.9988561090134056	-0.9610118396922456	
-0.37958736545716365	-0.8356418281988135	-0.9238542379465422	-0.9993086156063888	-0.8653740320407249	-0.7079949319120099	-0.7267197856509773	0.37958736545716365	0.0	-0.6579201291176527	-0.8295997089453306	-0.9436345073183586	-0.7079949319120099	-0.762063246671687	-0.9422483793513393	-0.9940444176935284	
-0.8945412675731935	-0.9906904982580212	-0.9475585816868112	-0.7770279652103094	-0.3220013289424667	-0.06854756652441024	-0.09533601980224682	0.8945412675731935	0.6579201291176527	0.0	-0.2574059873661238	-0.49287503029168883	-0.06854756652441024	-0.14789547805696146	-0.4892484216328218	-0.6769053534336008	
-0.979454930928046	-0.9222659594737884	-0.8333666763020918	-0.5888163862941219	-0.06745461895466248	0.19056278674677982	0.16411002628668536	0.979454930928046	0.8295997089453306	0.2574059873661238	0.0	-0.25229781285152725	0.19056278674677982	0.11166339749036056	-0.24826717792712577	-0.4646270661756885	
-0.9986483844710502	-0.7949030979544209	-0.6669567785694551	-0.3658440079328078	0.18645072773156549	0.4320724686271534	0.40767817614916607	0.9986483844710502	0.9436345073183586	0.49287503029168883	0.25229781285152725	0.0	0.4320724686271534	0.35877100999046363	0.004163127240060342	-0.22618486746418134	
-0.9230769310203961	-0.9790286229954208	-0.9234232041270353	-0.7320519105594616	-0.25634726384884593	0.0	-0.026876432585901555	0.9230769310203961	0.7079949319120099	0.06854756652441024	-0.19056278674677982	-0.4320724686271534	0.0	-0.07975385688589232	-0.4283142543059234	-0.6248573581665189	
-0.9508111092586724	-0.9596623388468105	-0.8898735258047112	-0.6753877998644644	-0.17844183025255422	0.07975385688589232	0.05293422680919302	0.9508111092586724	0.762063246671687	0.14789547805696146	-0.11166339749036056	-0.35877100999046363	0.07975385688589232	0.0	-0.35488193136615553	-0.5605999887206083	
-0.9988561090134056	-0.7974221302962102	-0.6700529299687665	-0.3697153609615111	0.1823589880337645	0.4283142543059234	0.40387318488486634	0.9988561090134056	0.9422483793513393	0.4892484216328218	0.24826717792712577	-0.004163127240060342	0.4283142543059234	0.35488193136615553	0.0	-0.23023814465249723	
-0.9610118396922456	-0.6370681087941532	-0.4811426571331274	-0.1458580689748491	0.40383730444902977	0.6248573581665189	0.6036481595362488	0.9610118396922456	0.9940444176935284	0.6769053534336008	0.4646270661756885	0.22618486746418134	0.6248573581665189	0.5605999887206083	0.23023814465249723	0.0	
