0.0	0.06435267865215921	0.19505463541364543	-0.33680575637053956	-0.807776649332162	-0.9883960711246094	-0.8748656566068809	0.20827979908333813	0.9517928284484667	0.9883960711246094	0.757778929337736	-0.35498572349457813	-0.8597140138686299	-0.7101250133573084	-0.2512087681514886	-0.14564003869312336	
-0.06435267865215921	0.0	0.13153371296707594	-0.3967004503045952	-0.8440374791180396	-0.9765722552672194	-0.9042224779878631	0.14490670213340495	0.9300803256800957	0.9765722552672194	0.7142173641166522	-0.41441141502480816	-0.8908017986757846	-0.7539622306415841	-0.3129771439083824	-0.20900468632115538	
-0.19505463541364543	-0.13153371296707594	0.0	-0.5139949215988155	-0.9072436773865314	-0.939782793130241	-0.952539333245098	0.01350229178265655	0.8736797800379866	0.939782793130241	0.6159484299653248	-0.5305183548288201	-0.9428301199474604	-0.833818412218828	-0.4351834496956606	-0.3358175338893382	
0.33680575637053956	0.3967004503045952	0.5139949215988155	0.0	-0.5620384377730548	-0.9818085390070388	-0.6606137490533642	0.5255302402143938	0.9994958626946084	0.9818085390070388	0.9332746394281877	-0.019375203986847056	-0.6374522974770599	-0.43149863823751466	0.08947369954432394	0.19608371856048584	
0.807776649332162	0.8440374791180396	0.9072436773865314	0.5620384377730548	0.0	-0.7053484796962642	-0.12446412515092586	0.9128401099189669	0.8088497879006713	0.7053484796962642	0.9737855405322637	0.5459074871206403	-0.09419898288162387	0.15012519230340482	0.6337888969842278	0.7133106974791739	
0.9883960711246094	0.9765722552672194	0.939782793130241	0.9818085390070388	0.7053484796962642	0.0	0.6116360369409964	0.9350824131874462	0.1586061296337139	0.0	0.5298340661117797	0.9779453967893692	0.635438110888758	0.8037726138186446	0.9948593823156924	0.9999799714716865	
0.8748656566068809	0.9042224779878631	0.952539333245098	0.6606137490533642	0.12446412515092586	-0.6116360369409964	0.0	0.9565628070589376	0.7293734469266928	0.6116360369409964	0.9379018760205378	0.6459442719885734	0.030444179868345467	0.2720114076765143	0.7251343791043555	0.7949944978585897	
-0.20827979908333813	-0.14490670213340495	-0.01350229178265655	-0.5255302402143938	-0.9128401099189669	-0.9350824131874462	-0.9565628070589376	0.0	0.8670312510363685	0.9350824131874462	0.6052553571867035	-0.5419155269614979	-0.947244130321027	-0.8411961904337997	-0.4473004560801094	-0.3485050947151498	
-0.9517928284484667	-0.9300803256800957	-0.8736797800379866	-0.9994958626946084	-0.8088497879006713	-0.1586061296337139	-0.7293734469266928	-0.8670312510363685	0.0	0.1586061296337139	-0.3886133226486895	-0.9986930905480744	-0.7498627026663787	-0.8879590025706496	-0.9983278006422862	-0.9863183361164632	
-0.9883960711246094	-0.9765722552672194	-0.939782793130241	-0.9818085390070388	-0.7053484796962642	-0.0	-0.6116360369409964	-0.9350824131874462	-0.1586061296337139	0.0	-0.5298340661117797	-0.9779453967893692	-0.635438110888758	-0.8037726138186446	-0.9948593823156924	-0.9999799714716865	
-0.757778929337736	-0.7142173641166522	-0.6159484299653248	-0.9332746394281877	-0.9737855405322637	-0.5298340661117797	-0.9379018760205378	-0.6052553571867035	0.3886133226486895	0.5298340661117797	0.0	-0.9400583148447581	-0.9480282352041427	-0.9968983111033105	-0.897395757184872	-0.8447310045258035	
0.35498572349457813	0.41441141502480816	0.5305183548288201	0.019375203986847056	-0.5459074871206403	-0.9779453967893692	-0.6459442719885734	0.5419155269614979	0.9986930905480744	0.9779453967893692	0.9400583148447581	0.0	-0.6224042394141684	-0.41393900387595595	0.1087543974527567	0.21504598655775298	
0.8597140138686299	0.8908017986757846	0.9428301199474604	0.6374522974770599	0.09419898288162387	-0.635438110888758	-0.030444179868345467	0.947244130321027	0.7498627026663787	0.635438110888758	0.9480282352041427	0.6224042394141684	0.0	0.24258906938821306	0.7038341693741026	0.7761580467760895	
0.7101250133573084	0.7539622306415841	0.833818412218828	0.43149863823751466	-0.15012519230340482	-0.8037726138186446	-0.2720114076765143	0.8411961904337997	0.8879590025706496	0.8037726138186446	0.9968983111033105	0.41393900387595595	-0.24258906938821306	0.0	0.5104834172298927	0.6000118103935531	
0.2512087681514886	0.3129771439083824	0.4351834496956606	-0.08947369954432394	-0.6337888969842278	-0.9948593823156924	-0.7251343791043555	0.4473004560801094	0.9983278006422862	0.9948593823156924	0.897395757184872	-0.1087543974527567	-0.7038341693741026	-0.5104834172298927	0.0	0.10756050229330162	
0.14564003869312336	0.20900468632115538	0.3358175338893382	-0.19608371856048584	-0.7133106974791739	-0.9999799714716865	-0.7949944978585897	0.3485050947151498	0.9863183361164632	0.9999799714716865	0.8447310045258035	-0.21504598655775298	-0.7761580467760895	-0.6000118103935531	-0.10756050229330162	0.0	
