0.0	0.24544595018301296	0.33154610094072356	0.626138236513819	0.9209530581991432	0.9948346711295373	0.9989482496716999	0.9801177765243003	0.7927018002928178	0.9999493241235329	0.880197262760122	0.754628183598633	0.7111395381814971	0.43765050564193075	-0.2908519279860886	-0.7927018002928178	
-0.24544595018301296	0.0	0.08984091110961906	0.41560767205721033	0.7971375681517707	0.9394881022030552	0.9796448567471796	0.9988367944825264	0.91807947773935	0.9718321131090357	0.7367816545019618	0.5704943051740101	0.5168249825355761	0.2035713576362598	-0.5167896982586345	-0.91807947773935	
-0.33154610094072356	-0.08984091110961906	0.0	0.3322127477835676	0.7396683084846988	0.9049110964849765	0.9576487674130875	0.9904656013589441	0.9499794926246562	0.9467289615262156	0.6730580016864824	0.49440081955049775	0.4378230062952805	0.11478848883857004	-0.5916137835945178	-0.9499794926246562	
-0.626138236513819	-0.41560767205721033	-0.3322127477835676	0.0	0.47408871282082654	0.7121262406605601	0.8076016178471478	0.8884458735483481	0.9997790353966496	0.7859760349338972	0.3891301952528177	0.17755043624125014	0.11427703394064964	-0.22174778972246026	-0.8258498356211587	-0.9997790353966496	
-0.9209530581991432	-0.7971375681517707	-0.7396683084846988	-0.47408871282082654	0.0	0.29417617342844404	0.43149112152244357	0.5646583271643745	0.8703167323791656	0.3989252380984649	-0.09410213358427988	-0.3102271601573656	-0.37036461100675233	-0.6575296731137755	-0.9944757870643837	-0.8703167323791656	
-0.9948346711295373	-0.9394881022030552	-0.9049110964849765	-0.7121262406605601	-0.29417617342844404	0.0	0.14701678139642516	0.2968819982341484	0.686926735649304	0.11151859624286165	-0.38280900920971195	-0.5761622283990152	-0.6272326900508711	-0.8500755388007354	-0.9813500018432229	-0.686926735649304	
-0.9989482496716999	-0.9796448567471796	-0.9576487674130875	-0.8076016178471478	-0.43149112152244357	-0.14701678139642516	0.0	0.15326766951929244	0.5726215716794102	-0.03579290680439545	-0.5144675523747336	-0.6900636620458668	-0.7349185398416559	-0.9182665892137638	-0.9424256909709855	-0.5726215716794102	
-0.9801177765243003	-0.9988367944825264	-0.9904656013589441	-0.8884458735483481	-0.5646583271643745	-0.2968819982341484	-0.15326766951929244	0.0	0.44020400878039984	-0.18853946322061088	-0.6398175049788408	-0.7928376323985142	-0.8301745612835696	-0.9681052857925874	-0.8800355532783151	-0.44020400878039984	
-0.7927018002928178	-0.91807947773935	-0.9499794926246562	-0.9997790353966496	-0.8703167323791656	-0.686926735649304	-0.5726215716794102	-0.44020400878039984	0.0	-0.6015983865414886	-0.9127993319463533	-0.9801619694193651	-0.9908271924628699	-0.9795499407772658	-0.5811256528416822	-0.0	
-0.9999493241235329	-0.9718321131090357	-0.9467289615262156	-0.7859760349338972	-0.3989252380984649	-0.11151859624286165	0.03579290680439545	0.18853946322061088	0.6015983865414886	0.0	-0.48344512625540026	-0.6637164201802812	-0.7101744722197739	-0.9035055337299083	-0.9537915192188436	-0.6015983865414886	
-0.880197262760122	-0.7367816545019618	-0.6730580016864824	-0.3891301952528177	0.09410213358427988	0.38280900920971195	0.5144675523747336	0.6398175049788408	0.9127993319463533	0.48344512625540026	0.0	-0.21939117663607113	-0.2813109383869608	-0.5837126738732386	-0.9801853032564481	-0.9127993319463533	
-0.754628183598633	-0.5704943051740101	-0.49440081955049775	-0.17755043624125014	0.3102271601573656	0.5761622283990152	0.6900636620458668	0.7928376323985142	0.9801619694193651	0.6637164201802812	0.21939117663607113	0.0	-0.0639259229810202	-0.39135474513988133	-0.9128474214685199	-0.9801619694193651	
-0.7111395381814971	-0.5168249825355761	-0.4378230062952805	-0.11427703394064964	0.37036461100675233	0.6272326900508711	0.7349185398416559	0.8301745612835696	0.9908271924628699	0.7101744722197739	0.2813109383869608	0.0639259229810202	0.0	-0.3317271017017652	-0.8848793169852969	-0.9908271924628699	
-0.43765050564193075	-0.2035713576362598	-0.11478848883857004	0.22174778972246026	0.6575296731137755	0.8500755388007354	0.9182665892137638	0.9681052857925874	0.9795499407772658	0.9035055337299083	0.5837126738732386	0.39135474513988133	0.3317271017017652	0.0	-0.6802481392652284	-0.9795499407772658	
0.2908519279860886	0.5167896982586345	0.5916137835945178	0.8258498356211587	0.9944757870643837	0.9813500018432229	0.9424256909709855	0.8800355532783151	0.5811256528416822	0.9537915192188436	0.9801853032564481	0.9128474214685199	0.8848793169852969	0.6802481392652284	0.0	-0.5811256528416822	
0.7927018002928178	0.91807947773935	0.9499794926246562	0.9997790353966496	0.8703167323791656	0.686926735649304	0.5726215716794102	0.44020400878039984	0.0	0.6015983865414886	0.9127993319463533	0.9801619694193651	0.9908271924628699	0.9795499407772658	0.5811256528416822	0.0	
