0.0	0.38320298186938884	0.5310694803787914	0.8181086636459932	0.9874773668948864	0.823421651029706	0.9200259454713122	0.7778106701597166	0.0	0.8809107626287227	0.9811231109610365	0.991207655839835	0.9751889694201777	0.996468331285495	0.9690615052659596	0.8145077640961029	
-0.38320298186938884	0.0	0.16583112191562438	0.5352915392865345	0.9725518340354835	0.9780059261996522	0.9999559318157296	0.9592783961790958	0.38320298186938884	0.9950289230325196	0.8321228565858759	0.9662466655016249	0.985578296679186	0.9525794160465082	0.8005054615091561	0.5300154001419053	
-0.5310694803787914	-0.16583112191562438	0.0	0.38780784364931714	0.9204994068768146	0.9990531936018274	0.9876675294533053	0.9928374290588874	0.5310694803787914	0.9977664348467901	0.7286329179075335	0.9101469807071785	0.9438701944512008	0.8889293932608073	0.6900349824278785	0.38205409076638114	
-0.8181086636459932	-0.5352915392865345	-0.38780784364931714	0.0	0.6969277750152738	0.9377392537670484	0.8496554618636476	0.9614708478047412	0.8181086636459932	0.8937761985536418	0.4059989751015529	0.6782559341028729	0.7419037745782151	0.641728842961377	0.3553469961928569	-0.006234095753357649	
-0.9874773668948864	-0.9725518340354835	-0.9204994068768146	-0.6969277750152738	0.0	0.43042065881934755	0.24180639064950557	0.49792021463683783	0.9874773668948864	0.32838252581013755	-0.34574520526680425	-0.025715119774025852	0.06475534300826646	-0.0742856683819179	-0.3966083932388592	-0.7013849598736848	
-0.823421651029706	-0.9780059261996522	-0.9990531936018274	-0.9377392537670484	-0.43042065881934755	0.0	-0.19938639888185256	0.07616630684607201	0.823421651029706	-0.11014420470398262	-0.7159553902306202	-0.45348952152924193	-0.3710672664736992	-0.49628376282933956	-0.753110961767679	-0.9398863824299748	
-0.9200259454713122	-0.9999559318157296	-0.9876675294533053	-0.8496554618636476	-0.24180639064950557	0.19938639888185256	0.0	0.2734441664517502	0.9200259454713122	0.09024064224315542	-0.5623788617640092	-0.2666784392779157	-0.17846518323286684	-0.3132194855719132	-0.6068141883204928	-0.8529264281647854	
-0.7778106701597166	-0.9592783961790958	-0.9928374290588874	-0.9614708478047412	-0.49792021463683783	-0.07616630684607201	-0.2734441664517502	0.0	0.7778106701597166	-0.18552713173665275	-0.7670508360001639	-0.5200562974976872	-0.44071785218933024	-0.5609666909549053	-0.8010325900650326	-0.9631659603420976	
-0.0	-0.38320298186938884	-0.5310694803787914	-0.8181086636459932	-0.9874773668948864	-0.823421651029706	-0.9200259454713122	-0.7778106701597166	0.0	-0.8809107626287227	-0.9811231109610365	-0.991207655839835	-0.9751889694201777	-0.996468331285495	-0.9690615052659596	-0.8145077640961029	
-0.8809107626287227	-0.9950289230325196	-0.9977664348467901	-0.8937761985536418	-0.32838252581013755	0.11014420470398262	-0.09024064224315542	0.18552713173665275	0.8809107626287227	0.0	-0.6347025043477332	-0.35256301670285856	-0.26652898299258154	-0.3976413490253098	-0.6760655882340534	-0.896554904897106	
-0.9811231109610365	-0.8321228565858759	-0.7286329179075335	-0.4059989751015529	0.34574520526680425	0.7159553902306202	0.5623788617640092	0.7670508360001639	0.9811231109610365	0.6347025043477332	0.0	0.3215016432399284	0.40578132463908434	0.27508555718462496	-0.054759018653220554	-0.41168826076700604	
-0.991207655839835	-0.9662466655016249	-0.9101469807071785	-0.6782559341028729	0.025715119774025852	0.45348952152924193	0.2666784392779157	0.5200562974976872	0.991207655839835	0.35256301670285856	-0.3215016432399284	0.0	0.09039507728462065	-0.048617034008857765	-0.37287107068609404	-0.6828237282312116	
-0.9751889694201777	-0.985578296679186	-0.9438701944512008	-0.7419037745782151	-0.06475534300826646	0.3710672664736992	0.17846518323286684	0.44071785218933024	0.9751889694201777	0.26652898299258154	-0.40578132463908434	-0.09039507728462065	0.0	-0.13870617957758077	-0.45522060100386064	-0.7460693586827217	
-0.996468331285495	-0.9525794160465082	-0.8889293932608073	-0.641728842961377	0.0742856683819179	0.49628376282933956	0.3132194855719132	0.5609666909549053	0.996468331285495	0.3976413490253098	-0.27508555718462496	0.048617034008857765	0.13870617957758077	0.0	-0.32731922067139785	-0.6464974978650722	
-0.9690615052659596	-0.8005054615091561	-0.6900349824278785	-0.3553469961928569	0.3966083932388592	0.753110961767679	0.6068141883204928	0.8010325900650326	0.9690615052659596	0.6760655882340534	0.054759018653220554	0.37287107068609404	0.45522060100386064	0.32731922067139785	0.0	-0.3611673151647332	
-0.8145077640961029	-0.5300154001419053	-0.38205409076638114	0.006234095753357649	0.7013849598736848	0.9398863824299748	0.8529264281647854	0.9631659603420976	0.8145077640961029	0.896554904897106	0.41168826076700604	0.6828237282312116	0.7460693586827217	0.6464974978650722	0.3611673151647332	0.0	
