0.0	0.49756001021947394	0.7230104196083127	0.7359221639776813	0.9565437961889791	0.8442748460871671	0.3988020325745125	0.7413195704056371	0.8821463338831894	0.9948398493421208	0.9016373701930044	0.7667123413824549	0.27970282741429925	-0.39880201890959566	-0.1908671796859026	-0.21956456534779242	
-0.49756001021947394	0.0	0.2834276810099576	0.3014795971876159	0.6846514881662511	0.9989965525031164	0.8022136310617876	0.9769810090202881	0.9995383380017244	0.8124721727445949	0.5669157649342902	0.34563999823069547	-0.23507821150712754	-0.8022136221652415	-0.6539766362983289	-0.6758753302165436	
-0.7230104196083127	-0.2834276810099576	0.0	0.018876472250646426	0.44999430261180157	0.9707252289788368	0.9385345870719305	0.9973811246101636	0.9499395725970564	0.6139172939683705	0.3101877421256397	0.06550731281653899	-0.5009235367982318	-0.9385345819282699	-0.8415766369972081	-0.8570508516674915	
-0.7359221639776813	-0.3014795971876159	-0.018876472250646426	0.0	0.4330568412831978	0.966018277872302	0.944883241315636	0.9958381756434977	0.9438726698998431	0.598907380761077	0.29218707766383734	0.04665971368193039	-0.5171717110945528	-0.9448832364368841	-0.8516225826520103	-0.8666239046907346	
-0.9565437961889791	-0.6846514881662511	-0.44999430261180157	-0.4330568412831978	0.0	0.7588027919478191	0.9934722581633528	0.8581468914663767	0.7077325121842798	0.1930352743450678	-0.1507910761281355	-0.39052766602942307	-0.8368067234466741	-0.9934722598631874	-0.9946132838757734	-0.9972247317122721	
-0.8442748460871671	-0.9989965525031164	-0.9707252289788368	-0.966018277872302	-0.7588027919478191	0.0	0.5605091415958598	0.16935604580681013	-0.07511871756223726	-0.6188032696913042	-0.8483396888353478	-0.9529058199145422	-0.9604726491988113	-0.5605091539362301	-0.7264658775606282	-0.7060058874173707	
-0.3988020325745125	-0.8022136310617876	-0.9385345870719305	-0.944883241315636	-0.9934722581633528	-0.5605091415958598	0.0	-0.4121606398348273	-0.6211349112737509	-0.9527665492164895	-0.9993138899363684	-0.9591308540176843	-0.639382351529757	-1.4901161193847656e-08	-0.21643813074560223	-0.1877216141143894	
-0.7413195704056371	-0.9769810090202881	-0.9973811246101636	-0.9958381756434977	-0.8581468914663767	-0.16935604580681013	0.4121606398348273	0.0	-0.24291116964168946	-0.7429015800430809	-0.9257513202902117	-0.9905010285922392	-0.8994541766365672	-0.41216065341144204	-0.5995901261156751	-0.5758686248095397	
-0.8821463338831894	-0.9995383380017244	-0.9499395725970564	-0.9438726698998431	-0.7077325121842798	0.07511871756223726	0.6211349112737509	0.24291116964168946	0.0	-0.5580456936201104	-0.8061710076914331	-0.9274324959208086	-0.9786700532667585	-0.6211349229518452	-0.7760350925774514	-0.7572106605083123	
-0.9948398493421208	-0.8124721727445949	-0.6139172939683705	-0.598907380761077	-0.1930352743450678	0.6188032696913042	0.9527665492164895	0.7429015800430809	0.5580456936201104	0.0	-0.33878301219822005	-0.5608891236728657	-0.9267544154685377	-0.9527665537420263	-0.995915539765104	-0.9928402646405129	
-0.9016373701930044	-0.5669157649342902	-0.3101877421256397	-0.29218707766383734	0.1507910761281355	0.8483396888353478	0.9993138899363684	0.9257513202902117	0.8061710076914331	0.33878301219822005	0.0	-0.2472453009374533	-0.7446805112158926	-0.999313889384472	-0.9676102408930388	-0.974595690646975	
-0.7667123413824549	-0.34563999823069547	-0.06550731281653899	-0.04665971368193039	0.39052766602942307	0.9529058199145422	0.9591308540176843	0.9905010285922392	0.9274324959208086	0.5608891236728657	0.2472453009374533	0.0	-0.5565436229553132	-0.9591308498012083	-0.8751519765117531	-0.8889614355050917	
-0.27970282741429925	0.23507821150712754	0.5009235367982318	0.5171717110945528	0.8368067234466741	0.9604726491988113	0.639382351529757	0.8994541766365672	0.9786700532667585	0.9267544154685377	0.7446805112158926	0.5565436229553132	0.0	-0.6393823400724188	-0.4578097612206208	-0.4836785136074028	
0.39880201890959566	0.8022136221652415	0.9385345819282699	0.9448832364368841	0.9934722598631874	0.5605091539362301	1.4901161193847656e-08	0.41216065341144204	0.6211349229518452	0.9527665537420263	0.999313889384472	0.9591308498012083	0.6393823400724188	0.0	0.21643811619765313	0.18772159947813694	
0.1908671796859026	0.6539766362983289	0.8415766369972081	0.8516225826520103	0.9946132838757734	0.7264658775606282	0.21643813074560223	0.5995901261156751	0.7760350925774514	0.995915539765104	0.9676102408930388	0.8751519765117531	0.4578097612206208	-0.21643811619765313	0.0	-0.029318428931435797	
0.21956456534779242	0.6758753302165436	0.8570508516674915	0.8666239046907346	0.9972247317122721	0.7060058874173707	0.1877216141143894	0.5758686248095397	0.7572106605083123	0.9928402646405129	0.974595690646975	0.8889614355050917	0.4836785136074028	-0.18772159947813694	0.029318428931435797	0.0	
