0.0	-0.6259364566670867	-0.051919565282475266	0.9603368736610824	0.9982422524961498	0.9348157053608073	0.4619577856150911	0.20471378665313844	0.990971153328942	0.9149052605474457	0.4860135824211963	0.9013428486255723	0.8908064643183775	0.6259364566670867	0.8103798992456054	0.7515609673462554	
0.6259364566670867	0.0	0.5846015150239663	0.92347944781709	0.8155997079988943	0.95132934440056	0.9154131358286905	0.7723312692658973	0.85675528676882	0.9661817946711108	0.9260673390185808	0.9740309327238554	0.41030201711943404	0.0	0.9987334296335253	0.9990304230369665	
0.051919565282475266	-0.5846015150239663	0.0	0.9735190150103512	0.9999729346119657	0.9519932531119465	0.5073822910153742	0.25525768930095116	0.996595729453455	0.9346296000997267	0.5307332505262401	0.922613871280522	0.8660136427959132	0.5846015150239663	0.8397068372439406	0.7847967635999423	
-0.9603368736610824	-0.92347944781709	-0.9735190150103512	0.0	0.22143738219421566	-0.08038125354487735	-0.7229111891082087	-0.8829158551352058	0.14756737510151235	-0.13254348485972234	-0.7037664186751511	-0.1645953411743596	0.6847552987815192	0.92347944781709	-0.3366976876212863	-0.4239322429608278	
-0.9982422524961498	-0.8155997079988943	-0.9999729346119657	-0.22143738219421566	0.0	-0.29910660946630624	-0.8579647820455036	-0.964968879594759	-0.0751091321026599	-0.34873672137012496	-0.8436112083492988	-0.3789264319260262	0.506378369613257	0.8155997079988943	-0.536847304017011	-0.6139624401171871	
-0.9348157053608073	-0.95132934440056	-0.9519932531119465	0.08038125354487735	0.29910660946630624	0.0	-0.6650332865300814	-0.8423173984974319	0.22659111541306082	-0.05244253444160499	-0.6443837959996955	-0.08477779427795903	0.7411192545221019	0.95132934440056	-0.2599201811823835	-0.3497596679563326	
-0.4619577856150911	-0.9154131358286905	-0.5073822910153742	0.7229111891082087	0.8579647820455036	0.6650332865300814	0.0	-0.27061333737578147	0.8169571055466582	0.6249533590980414	0.02731778936010104	0.5993258688156414	0.9999636879900682	0.9154131358286905	0.4480642055921272	0.36182410767786766	
-0.20471378665313844	-0.7723312692658973	-0.25525768930095116	0.8829158551352058	0.964968879594759	0.8423173984974319	0.27061333737578147	0.0	0.9425371910885108	0.8128927496307021	0.2968108557133478	0.7935912670952414	0.964959304140015	0.7723312692658973	0.6732747860358543	0.6006020754269682	
-0.990971153328942	-0.85675528676882	-0.996595729453455	-0.14756737510151235	0.0751091321026599	-0.22659111541306082	-0.8169571055466582	-0.9425371910885108	0.0	-0.2773578159170315	-0.800898090352522	-0.30834808225725374	0.5697154733139935	0.85675528676882	-0.4719628526436364	-0.5529419076619345	
-0.9149052605474457	-0.9661817946711108	-0.9346296000997267	0.13254348485972234	0.34873672137012496	0.05244253444160499	-0.6249533590980414	-0.8128927496307021	0.2773578159170315	0.0	-0.6033941636857001	-0.032407400096129246	0.7753079555518985	0.9661817946711108	-0.20892242630204333	-0.30014814322921435	
-0.4860135824211963	-0.9260673390185808	-0.5307332505262401	0.7037664186751511	0.8436112083492988	0.6443837959996955	-0.02731778936010104	-0.2968108557133478	0.800898090352522	0.6033941636857001	0.0	0.5772341689311445	0.9993577017510431	0.9260673390185808	0.4234748464403736	0.3362221644880972	
-0.9013428486255723	-0.9740309327238554	-0.922613871280522	0.1645953411743596	0.3789264319260262	0.08477779427795903	-0.5993258688156414	-0.7935912670952414	0.30834808225725374	0.032407400096129246	-0.5772341689311445	0.0	0.79536869454787	0.9740309327238554	-0.1771204475785535	-0.2690773089611127	
-0.8908064643183775	-0.41030201711943404	-0.8660136427959132	-0.6847552987815192	-0.506378369613257	-0.7411192545221019	-0.9999636879900682	-0.964959304140015	-0.5697154733139935	-0.7753079555518985	-0.9993577017510431	-0.79536869454787	0.0	0.41030201711943404	-0.8901505608439662	-0.9291291021749367	
-0.6259364566670867	-0.0	-0.5846015150239663	-0.92347944781709	-0.8155997079988943	-0.95132934440056	-0.9154131358286905	-0.7723312692658973	-0.85675528676882	-0.9661817946711108	-0.9260673390185808	-0.9740309327238554	-0.41030201711943404	0.0	-0.9987334296335253	-0.9990304230369665	
-0.8103798992456054	-0.9987334296335253	-0.8397068372439406	0.3366976876212863	0.536847304017011	0.2599201811823835	-0.4480642055921272	-0.6732747860358543	0.4719628526436364	0.20892242630204333	-0.4234748464403736	0.1771204475785535	0.8901505608439662	0.9987334296335253	0.0	-0.09423498254383994	
-0.7515609673462554	-0.9990304230369665	-0.7847967635999423	0.4239322429608278	0.6139624401171871	0.3497596679563326	-0.36182410767786766	-0.6006020754269682	0.5529419076619345	0.30014814322921435	-0.3362221644880972	0.2690773089611127	0.9291291021749367	0.9990304230369665	0.09423498254383994	0.0	
