0.0	0.9566807154409253	0.7053484521018614	0.6033608056239574	0.7299090819961154	0.9486073020471277	0.9948594120873826	0.999679483513078	0.784401688483147	0.0	0.6354380847768835	0.9301860263269315	0.8219080719325773	0.8547820451896292	0.9863675745403395	0.9604417114224119	
-0.9566807154409253	0.0	0.47279885456801796	0.5872606167363231	0.44142848057076256	0.026570299685033494	-0.19276354952163777	-0.31526574518129696	0.36501419722014683	0.9566807154409253	0.5537018518108883	0.08037289974853717	0.305654994530952	0.2476444678397638	-0.4445987373607795	-0.5460396811001217	
-0.7053484521018614	-0.47279885456801796	0.0	0.13479426011600149	-0.03526702470086135	-0.449218970500463	-0.6337891545022105	-0.7264905719189403	-0.1185369570027876	0.7053484521018614	0.09419897779355141	-0.40044706783643413	-0.18083767646616022	-0.2398546621720496	-0.8152672861918226	-0.8772456383248285	
-0.6033608056239574	-0.5872606167363231	-0.13479426011600149	0.0	-0.169655571992106	-0.5655473378783222	-0.732269095776437	-0.8124877730670231	-0.25129905450000856	0.6033608056239574	-0.04085560161177881	-0.5203070929764022	-0.3117591822085006	-0.36852510949443473	-0.8858841500908237	-0.9339464246110918	
-0.7299090819961154	-0.44142848057076256	0.03526702470086135	0.169655571992106	0.0	-0.41743119779044935	-0.6061156400185772	-0.7018039720865507	-0.08344483860423269	0.7299090819961154	0.12925058496448266	-0.36788208343326284	-0.1460396061522315	-0.20546791638241851	-0.7943375294306059	-0.8597702811811411	
-0.9486073020471277	-0.026570299685033494	0.449218970500463	0.5655473378783222	0.41743119779044935	0.0	-0.2187674738190229	-0.34036974528137304	0.340148327070101	0.9486073020471277	0.5313808789453024	0.0538601826860059	0.28024837504001604	0.22181437544760912	-0.4682415810901398	-0.5681064163095082	
-0.9948594120873826	0.19276354952163777	0.6337891545022105	0.732269095776437	0.6061156400185772	0.2187674738190229	0.0	-0.12641974101116435	0.5376316832473258	0.9948594120873826	0.7038344022402085	0.27100545851632596	0.4834608433323276	0.4297591078653513	-0.2635963280056993	-0.3743093771344454	
-0.999679483513078	0.31526574518129696	0.7264905719189403	0.8124877730670231	0.7018039720865507	0.34036974528137304	0.12641974101116435	0.0	0.6399127494808238	0.999679483513078	0.7879914692383639	0.39051997560551377	0.5902455006360066	0.5404609749146295	-0.13953278828635995	-0.25407671608912885	
-0.784401688483147	-0.36501419722014683	0.1185369570027876	0.25129905450000856	0.08344483860423269	-0.340148327070101	-0.5376316832473258	-0.6399127494808238	0.0	0.784401688483147	0.2115447105939507	-0.289006000572149	-0.06298007296412689	-0.1230868788358449	-0.7408764044558218	-0.8141580524557217	
-0.0	-0.9566807154409253	-0.7053484521018614	-0.6033608056239574	-0.7299090819961154	-0.9486073020471277	-0.9948594120873826	-0.999679483513078	-0.784401688483147	0.0	-0.6354380847768835	-0.9301860263269315	-0.8219080719325773	-0.8547820451896292	-0.9863675745403395	-0.9604417114224119	
-0.6354380847768835	-0.5537018518108883	-0.09419897779355141	0.04085560161177881	-0.12925058496448266	-0.5313808789453024	-0.7038344022402085	-0.7879914692383639	-0.2115447105939507	0.6354380847768835	0.0	-0.4849828331783791	-0.272679476976722	-0.3302373193766072	-0.8661913106192686	-0.9185643121659784	
-0.9301860263269315	-0.08037289974853717	0.40044706783643413	0.5203070929764022	0.36788208343326284	-0.0538601826860059	-0.27100545851632596	-0.39051997560551377	0.289006000572149	0.9301860263269315	0.4849828331783791	0.0	0.22813971913417647	0.16897394213944927	-0.5151528059935744	-0.6116063145436578	
-0.8219080719325773	-0.305654994530952	0.18083767646616022	0.3117591822085006	0.1460396061522315	-0.28024837504001604	-0.4834608433323276	-0.5902455006360066	0.06298007296412689	0.8219080719325773	0.272679476976722	-0.22813971913417647	0.0	-0.060341358751061114	-0.6971055816695553	-0.7759728147145204	
-0.8547820451896292	-0.2476444678397638	0.2398546621720496	0.36852510949443473	0.20546791638241851	-0.22181437544760912	-0.4297591078653513	-0.5404609749146295	0.1230868788358449	0.8547820451896292	0.3302373193766072	-0.16897394213944927	0.060341358751061114	0.0	-0.6525724633360872	-0.7364975383213718	
-0.9863675745403395	0.4445987373607795	0.8152672861918226	0.8858841500908237	0.7943375294306059	0.4682415810901398	0.2635963280056993	0.13953278828635995	0.7408764044558218	0.9863675745403395	0.8661913106192686	0.5151528059935744	0.6971055816695553	0.6525724633360872	0.0	-0.11663730839504671	
-0.9604417114224119	0.5460396811001217	0.8772456383248285	0.9339464246110918	0.8597702811811411	0.5681064163095082	0.3743093771344454	0.25407671608912885	0.8141580524557217	0.9604417114224119	0.9185643121659784	0.6116063145436578	0.7759728147145204	0.7364975383213718	0.11663730839504671	0.0	
