0.0	0.7960902020785335	0.933251684606787	0.8688099607418278	0.9556519960416626	0.8371812187125793	0.8196842502500454	0.8104841076784557	2.1073424255447027e-08	0.7911281327238359	0.994954865019651	0.994954865019651	0.9762097092762544	0.9920030909064538	0.9145243696353273	0.9920030839548232	
-0.7960902020785335	0.0	0.27880931728582486	0.13160402833371937	0.3438923169065635	0.9420457485459682	0.9520677600839147	0.9568054321774191	0.7960902148317061	0.965702260386702	0.5222581749168556	0.5222581749168556	0.763395675824256	0.49986103495120454	0.23140699733384362	0.7008158621447517	
-0.933251684606787	-0.27880931728582486	0.0	-0.14999887016608504	0.06845129277422507	0.8111541331464781	0.8290307216855541	0.8378067698186092	0.9332516921768497	0.8550153801503291	0.2637837199179179	0.2637837199179179	0.5530327301654014	0.2385614694422683	-0.04901070876867569	0.4741395891789086	
-0.8688099607418278	-0.13160402833371937	0.14999887016608504	0.0	0.21732388809088504	0.8897010754987902	0.9035310346609415	0.9102223775707308	0.8688099711762431	0.9231316901294786	0.4054855032218443	0.4054855032218443	0.6717487987012735	0.38153043772742273	0.10136239964384847	0.6008417117312017	
-0.9556519960416626	-0.3438923169065635	-0.06845129277422507	-0.21732388809088504	0.0	0.7692190023039347	0.788808024142536	0.798469522446976	0.9556520022477509	0.8175108856872125	0.19713812976160944	0.19713812976160944	0.4947047226973401	0.1715269879314587	-0.11726478381164995	0.41275955631494465	
-0.8371812187125793	-0.9420457485459682	-0.8111541331464781	-0.8897010754987902	-0.7692190023039347	0.0	0.031244178763814023	0.0471132916604417	0.8371812071869844	0.07937404720149821	-0.628155281803177	-0.628155281803177	-0.3523893188662217	-0.6482155194953613	-0.8388423831451686	-0.4368881934642499	
-0.8196842502500454	-0.9520677600839147	-0.8290307216855541	-0.9035310346609415	-0.788808024142536	-0.031244178763814023	0.0	0.015880806340125786	0.8196842381788592	0.048189694971664976	-0.6521593254440741	-0.6521593254440741	-0.3814572498289883	-0.6716901447804622	-0.8554413749228302	-0.464779529562962	
-0.8104841076784557	-0.9568054321774191	-0.8378067698186092	-0.9102223775707308	-0.798469522446976	-0.0471132916604417	-0.015880806340125786	0.0	0.8104840953344737	0.032321261820405234	-0.6641160353016516	-0.6641160353016516	-0.396089147725422	-0.6833704520166437	-0.8635581611054948	-0.478782203062248	
-2.1073424255447027e-08	-0.7960902148317061	-0.9332516921768497	-0.8688099711762431	-0.9556520022477509	-0.8371812071869844	-0.8196842381788592	-0.8104840953344737	0.0	-0.7911281198342666	-0.9949548671338122	-0.9949548671338122	-0.9762097047069354	-0.9920030935662063	-0.9145243781601771	-0.99200308129507	
-0.7911281327238359	-0.965702260386702	-0.8550153801503291	-0.9231316901294786	-0.8175108856872125	-0.07937404720149821	-0.048189694971664976	-0.032321261820405234	0.7911281198342666	0.0	-0.6879333849111571	-0.6879333849111571	-0.4255599760312198	-0.7066102541243364	-0.8794049511069644	-0.5069079798122177	
-0.994954865019651	-0.5222581749168556	-0.2637837199179179	-0.4054855032218443	-0.19713812976160944	0.628155281803177	0.6521593254440741	0.6641160353016516	0.9949548671338122	0.6879333849111571	0.0	0.0	0.31367141542704663	-0.02605553385290764	-0.31074155888359145	0.225098149578841	
-0.994954865019651	-0.5222581749168556	-0.2637837199179179	-0.4054855032218443	-0.19713812976160944	0.628155281803177	0.6521593254440741	0.6641160353016516	0.9949548671338122	0.6879333849111571	0.0	0.0	0.31367141542704663	-0.02605553385290764	-0.31074155888359145	0.225098149578841	
-0.9762097092762544	-0.763395675824256	-0.5530327301654014	-0.6717487987012735	-0.4947047226973401	0.3523893188662217	0.3814572498289883	0.396089147725422	0.9762097047069354	0.4255599760312198	-0.31367141542704663	-0.31367141542704663	0.0	-0.33830547554895274	-0.5932018637972936	-0.09188357734329583	
-0.9920030909064538	-0.49986103495120454	-0.2385614694422683	-0.38153043772742273	-0.1715269879314587	0.6482155194953613	0.6716901447804622	0.6833704520166437	0.9920030935662063	0.7066102541243364	0.02605553385290764	0.02605553385290764	0.33830547554895274	0.0	-0.28587042107448013	0.25040857513751286	
-0.9145243696353273	-0.23140699733384362	0.04901070876867569	-0.10136239964384847	0.11726478381164995	0.8388423831451686	0.8554413749228302	0.8635581611054948	0.9145243781601771	0.8794049511069644	0.31074155888359145	0.31074155888359145	0.5932018637972936	0.28587042107448013	0.0	0.5167212565616894	
-0.9920030839548232	-0.7008158621447517	-0.4741395891789086	-0.6008417117312017	-0.41275955631494465	0.4368881934642499	0.464779529562962	0.478782203062248	0.99200308129507	0.5069079798122177	-0.225098149578841	-0.225098149578841	0.09188357734329583	-0.25040857513751286	-0.5167212565616894	0.0	
