0.0	-0.6918398668846892	-0.43899859283587345	0.534049784455062	0.9944208737245145	0.7389592445177583	0.016987669042995007	-0.9944208737245145	-0.9928309509016402	-0.4147543011444425	-0.39854721819172384	-0.5984014598779182	-0.43899859283587345	-0.5826516945711688	-0.5984014598779182	-0.1431718756187248	
0.6918398668846892	0.0	0.3046302864535646	0.9705292756237667	0.7910014149802467	0.9996934357445433	0.7040059966515111	-0.7910014149802467	-0.6341810064590416	0.3300544875896602	0.3467480181689355	0.12222326737133404	0.3046302864535646	0.14156924116949265	0.12222326737133404	0.5813350305154481	
0.43899859283587345	-0.3046302864535646	0.0	0.8509898797462497	0.9397828238105611	0.9597211864703582	0.45419845748373144	-0.9397828238105611	-0.8395742630840625	0.026807842296023454	0.04453680725356346	-0.18593228275245244	0.0	-0.16672160781512912	-0.18593228275245244	0.3058377827132668	
-0.534049784455062	-0.9705292756237667	-0.8509898797462497	0.0	0.7844017973563908	0.2649392224853421	-0.5196104443282871	-0.7844017973563908	-0.9032253035724964	-0.8366050398534072	-0.8267555466446612	-0.9337990999154893	-0.8509898797462497	-0.9266386348793662	-0.9337990999154893	-0.6495930142051123	
-0.9944208737245145	-0.7910014149802467	-0.9397828238105611	-0.7844017973563908	0.0	-0.5920419325469986	-0.9924854303918169	-0.0	-0.2235891047352311	-0.9486072462912706	-0.9540717618487662	-0.8598489307897824	-0.9397828238105611	-0.869648819244752	-0.8598489307897824	-0.9992787034443246	
-0.7389592445177583	-0.9996934357445433	-0.9597211864703582	-0.2649392224853421	0.5920419325469986	0.0	-0.7274071678707801	-0.5920419325469986	-0.7572455593791567	-0.9518444926644041	-0.9462560958687491	-0.9952245565141442	-0.9597211864703582	-0.9931300677766683	-0.9952245565141442	-0.8278084374922732	
-0.016987669042995007	-0.7040059966515111	-0.45419845748373144	0.5196104443282871	0.9924854303918169	0.7274071678707801	0.0	-0.9924854303918169	-0.9947181696015196	-0.43015209991306247	-0.4140699110325581	-0.6119255695409243	-0.45419845748373144	-0.5963738693041971	-0.6119255695409243	-0.15996387514824717	
0.9944208737245145	0.7910014149802467	0.9397828238105611	0.7844017973563908	0.0	0.5920419325469986	0.9924854303918169	0.0	0.2235891047352311	0.9486072462912706	0.9540717618487662	0.8598489307897824	0.9397828238105611	0.869648819244752	0.8598489307897824	0.9992787034443246	
0.9928309509016402	0.6341810064590416	0.8395742630840625	0.9032253035724964	0.2235891047352311	0.7572455593791567	0.9947181696015196	-0.2235891047352311	0.0	0.8538357489515005	0.8629355854332516	0.7239274676577745	0.8395742630840625	0.7372529205402876	0.7239274676577745	0.9654897430577376	
0.4147543011444425	-0.3300544875896602	-0.026807842296023454	0.8366050398534072	0.9486072462912706	0.9518444926644041	0.43015209991306247	-0.9486072462912706	-0.8538357489515005	0.0	0.017739558900511987	-0.21220584183997676	-0.026807842296023454	-0.19309432891122796	-0.21220584183997676	0.2802045582318829	
0.39854721819172384	-0.3467480181689355	-0.04453680725356346	0.8267555466446612	0.9540717618487662	0.9462560958687491	0.4140699110325581	-0.9540717618487662	-0.8629355854332516	-0.017739558900511987	0.0	-0.22950798974321346	-0.04453680725356346	-0.21046964781227262	-0.22950798974321346	0.26313154797040983	
0.5984014598779182	-0.12222326737133404	0.18593228275245244	0.9337990999154893	0.8598489307897824	0.9952245565141442	0.6119255695409243	-0.8598489307897824	-0.7239274676577745	0.21220584183997676	0.22950798974321346	0.0	0.18593228275245244	0.019515566225603187	0.0	0.4775278389094041	
0.43899859283587345	-0.3046302864535646	0.0	0.8509898797462497	0.9397828238105611	0.9597211864703582	0.45419845748373144	-0.9397828238105611	-0.8395742630840625	0.026807842296023454	0.04453680725356346	-0.18593228275245244	0.0	-0.16672160781512912	-0.18593228275245244	0.3058377827132668	
0.5826516945711688	-0.14156924116949265	0.16672160781512912	0.9266386348793662	0.869648819244752	0.9931300677766683	0.5963738693041971	-0.869648819244752	-0.7372529205402876	0.19309432891122796	0.21046964781227262	-0.019515566225603187	0.16672160781512912	0.0	-0.019515566225603187	0.46029019444802893	
0.5984014598779182	-0.12222326737133404	0.18593228275245244	0.9337990999154893	0.8598489307897824	0.9952245565141442	0.6119255695409243	-0.8598489307897824	-0.7239274676577745	0.21220584183997676	0.22950798974321346	0.0	0.18593228275245244	0.019515566225603187	0.0	0.4775278389094041	
0.1431718756187248	-0.5813350305154481	-0.3058377827132668	0.6495930142051123	0.9992787034443246	0.8278084374922732	0.15996387514824717	-0.9992787034443246	-0.9654897430577376	-0.2802045582318829	-0.26313154797040983	-0.4775278389094041	-0.3058377827132668	-0.46029019444802893	-0.4775278389094041	0.0	
