0.0	0.38529340734693	0.7046462082561791	0.9224864807939843	0.987424980650639	0.6614376724689692	0.3479848852486788	0.6614376724689692	0.8242839985031087	0.8317522090534747	2.980232238769532e-08	0.6737376211904094	0.9270248053466851	0.9930554555026545	0.5509186164669202	0.6355509891470308	
-0.38529340734693	0.0	0.37685504250102003	0.7025305210192404	0.9721003434429021	0.8993409040221746	0.6823310311948501	0.8993409040221746	0.9787885215623143	0.9814305527603207	0.3852934348483376	0.906441634799976	0.7109680076156111	0.9617144247425098	0.8299345305947242	0.883951919590872	
-0.7046462082561791	-0.37685504250102003	0.0	0.3825442716737074	0.8120324200621131	0.9978136880828304	0.9075216666555361	0.9978136880828304	0.9838321442480213	0.9813593909633092	0.7046462294026794	0.9987693372406563	0.3935362906504036	0.7875309079907024	0.9789779795571825	0.9949891850828315	
-0.9224864807939843	-0.7025305210192404	-0.3825442716737074	0.0	0.5270093772835415	0.9471993705708692	0.9991636026521802	0.9471993705708692	0.840488068537762	0.8331964623657844	0.9224864922985561	0.9417729573552877	0.0119263805630897	0.4918765414628625	0.9825401487110245	0.9575552576805674	
-0.987424980650639	-0.9721003434429021	-0.8120324200621131	-0.5270093772835415	0.0	0.6360033198248225	0.8706987257367065	0.6360033198248225	0.42874722425922496	0.41667579415516176	0.9874249759392402	0.6231680484932443	-0.5168361479780733	-0.040822660884520245	0.7369705946760047	0.6618770718887027	
-0.6614376724689692	-0.8993409040221746	-0.9978136880828304	-0.9471993705708692	-0.6360033198248225	0.0	0.3591092014628944	0.0	-0.24372260997116746	-0.25661908877626705	0.6614376501172229	-0.016520283095156296	-0.9433078672094595	-0.6669754413498091	0.13881970628694018	0.034005510831874586	
-0.3479848852486788	-0.6823310311948501	-0.9075216666555361	-0.9991636026521802	-0.8706987257367065	-0.3591092014628944	0.0	-0.3591092014628944	-0.5757454841102719	-0.5865850282164321	0.3479848573089971	-0.37447850079927514	-0.9995802250595587	-0.8900501869786503	-0.22607237399980007	-0.32716431709904226	
-0.6614376724689692	-0.8993409040221746	-0.9978136880828304	-0.9471993705708692	-0.6360033198248225	0.0	0.3591092014628944	0.0	-0.24372260997116746	-0.25661908877626705	0.6614376501172229	-0.016520283095156296	-0.9433078672094595	-0.6669754413498091	0.13881970628694018	0.034005510831874586	
-0.8242839985031087	-0.9787885215623143	-0.9838321442480213	-0.840488068537762	-0.42874722425922496	0.24372260997116746	0.5757454841102719	0.24372260997116746	0.0	-0.013319757424826884	0.824283981629732	0.22766723568089198	-0.8339662200925271	-0.4652700156754688	0.3759964029988268	0.2765617259166496	
-0.8317522090534747	-0.9814305527603207	-0.9813593909633092	-0.8331964623657844	-0.41667579415516176	0.25661908877626705	0.5865850282164321	0.25661908877626705	0.013319757424826884	0.0	0.8317521925088024	0.24061700609146075	-0.8265421887858606	-0.45343850693021787	0.3883054162204365	0.28933742728291323	
-2.980232238769532e-08	-0.3852934348483376	-0.7046462294026794	-0.9224864922985561	-0.9874249759392402	-0.6614376501172229	-0.3479848573089971	-0.6614376501172229	-0.824283981629732	-0.8317521925088024	0.0	-0.6737375991673674	-0.9270248165225558	-0.9930554519964943	-0.5509185915951244	-0.6355509661378822	
-0.6737376211904094	-0.906441634799976	-0.9987693372406563	-0.9417729573552877	-0.6231680484932443	0.016520283095156296	0.37447850079927514	0.016520283095156296	-0.22766723568089198	-0.24061700609146075	0.6737375991673674	0.0	-0.937695737783121	-0.6545754921657603	0.1551610899503983	0.05051159864033128	
-0.9270248053466851	-0.7109680076156111	-0.3935362906504036	-0.0119263805630897	0.5168361479780733	0.9433078672094595	0.9995802250595587	0.9433078672094595	0.8339662200925271	0.8265421887858606	0.9270248165225558	0.937695737783121	0.0	0.48145767669068057	0.9802513574470608	0.9540493781965314	
-0.9930554555026545	-0.9617144247425098	-0.7875309079907024	-0.4918765414628625	0.040822660884520245	0.6669754413498091	0.8900501869786503	0.6669754413498091	0.4652700156754688	0.45343850693021787	0.9930554519964943	0.6545754921657603	-0.48145767669068057	0.0	0.7639493108083867	0.6919265088531334	
-0.5509186164669202	-0.8299345305947242	-0.9789779795571825	-0.9825401487110245	-0.7369705946760047	-0.13881970628694018	0.22607237399980007	-0.13881970628694018	-0.3759964029988268	-0.3883054162204365	0.5509185915951244	-0.1551610899503983	-0.9802513574470608	-0.7639493108083867	0.0	-0.10506316098479884	
-0.6355509891470308	-0.883951919590872	-0.9949891850828315	-0.9575552576805674	-0.6618770718887027	-0.034005510831874586	0.32716431709904226	-0.034005510831874586	-0.2765617259166496	-0.28933742728291323	0.6355509661378822	-0.05051159864033128	-0.9540493781965314	-0.6919265088531334	0.10506316098479884	0.0	
