0.0	-0.7567132956806777	-0.0068496602335037515	0.6711681818252346	0.42391483582198713	-0.16959276160541958	0.611721661809297	0.9414532136404361	0.7567132956806777	0.9803519146012022	0.9114620740038052	0.8195001872622214	0.5993600347145256	0.7302363332722646	0.7122614243430264	0.2239234258622299	
0.7567132956806777	0.0	0.7522175997607121	0.9997295431535262	0.9624897896864184	0.6348809806096554	0.9985266431718292	0.36035101569752515	0.0	0.4916353992772841	0.2845656633999103	0.96940212836113	0.9975632917509212	0.9943721846983997	0.9967865584858201	0.8838871207545334	
0.0068496602335037515	-0.7522175997607121	0.0	0.676230124916785	0.43010864246778513	-0.16283834547255993	0.617125893086876	0.939121808392047	0.7522175997607121	0.9789777763843557	0.9086228504416518	0.8234063583014979	0.6048289873163565	0.7348988535779959	0.7170525896262032	0.23059389783453005	
-0.6711681818252346	-0.9997295431535262	-0.676230124916785	0.0	-0.2936281657599295	-0.7871657745584202	-0.07747068069054408	0.9241841779977134	0.9997295431535262	0.8591321685121106	0.9517794229896874	0.22286734598013982	-0.0929477617109399	0.08278943287024301	0.05690050179287785	-0.4881294535794873	
-0.42391483582198713	-0.9624897896864184	-0.43010864246778513	0.2936281657599295	0.0	-0.5713746151673753	0.21868995372749903	0.9955963087195439	0.9624897896864184	0.9715266967431637	0.9999049015700304	0.49928634920633913	0.20350644767735043	0.3717602096011562	0.34754475668492424	-0.21034234963805107	
0.16959276160541958	-0.6348809806096554	0.16283834547255993	0.7871657745584202	0.5713746151673753	0.0	0.7370206690501993	0.8706384136953593	0.6348809806096554	0.9326974879120047	0.828491075318268	0.9048191309204905	0.726433384003858	0.8355231602513188	0.8209833503232923	0.3859659710173215	
-0.611721661809297	-0.9985266431718292	-0.617125893086876	0.07747068069054408	-0.21868995372749903	-0.7370206690501993	0.0	0.9509963668805838	0.9985266431718292	0.8961960716622746	0.9726856774235866	0.2977197459447838	-0.015533110283739458	0.15974534872560686	0.134074661649298	-0.41904826228910486	
-0.9414532136404361	-0.36035101569752515	-0.939121808392047	-0.9241841779977134	-0.9955963087195439	-0.8706384136953593	-0.9509963668805838	0.0	0.36035101569752515	-0.14481167312234333	0.08000523604255966	-0.8158162777566937	-0.9556845025436488	-0.8893903256182178	-0.9009538817242944	-0.9930410112668666	
-0.7567132956806777	-0.0	-0.7522175997607121	-0.9997295431535262	-0.9624897896864184	-0.6348809806096554	-0.9985266431718292	-0.36035101569752515	0.0	-0.4916353992772841	-0.2845656633999103	-0.96940212836113	-0.9975632917509212	-0.9943721846983997	-0.9967865584858201	-0.8838871207545334	
-0.9803519146012022	-0.4916353992772841	-0.9789777763843557	-0.8591321685121106	-0.9715266967431637	-0.9326974879120047	-0.8961960716622746	0.14481167312234333	0.4916353992772841	0.0	0.22350939080958146	-0.7234707436881924	-0.9029793409557219	-0.8138150173061529	-0.8286212028950833	-0.9996279338019449	
-0.9114620740038052	-0.2845656633999103	-0.9086228504416518	-0.9517794229896874	-0.9999049015700304	-0.828491075318268	-0.9726856774235866	-0.08000523604255966	0.2845656633999103	-0.22350939080958146	0.0	-0.8594690535073689	-0.9761739686243593	-0.9231136166997244	-0.9327812835234237	-0.9804356210888987	
-0.8195001872622214	-0.96940212836113	-0.8234063583014979	-0.22286734598013982	-0.49928634920633913	-0.9048191309204905	-0.2977197459447838	0.8158162777566937	0.96940212836113	0.7234707436881924	0.8594690535073689	0.0	-0.3125125624708573	-0.14139507855703473	-0.16703688352434287	-0.6703646126634292	
-0.5993600347145256	-0.9975632917509212	-0.6048289873163565	0.0929477617109399	-0.20350644767735043	-0.726433384003858	0.015533110283739458	0.9556845025436488	0.9975632917509212	0.9029793409557219	0.9761739686243593	0.3125125624708573	0.0	0.17505971414979865	0.14945135152682548	-0.4048942014429484	
-0.7302363332722646	-0.9943721846983997	-0.7348988535779959	-0.08278943287024301	-0.3717602096011562	-0.8355231602513188	-0.15974534872560686	0.8893903256182178	0.9943721846983997	0.8138150173061529	0.9231136166997244	0.14139507855703473	-0.17505971414979865	0.0	-0.025950135983446837	-0.5587099715570514	
-0.7122614243430264	-0.9967865584858201	-0.7170525896262032	-0.05690050179287785	-0.34754475668492424	-0.8209833503232923	-0.134074661649298	0.9009538817242944	0.9967865584858201	0.8286212028950833	0.9327812835234237	0.16703688352434287	-0.14945135152682548	0.025950135983446837	0.0	-0.5369997340828933	
-0.2239234258622299	-0.8838871207545334	-0.23059389783453005	0.4881294535794873	0.21034234963805107	-0.3859659710173215	0.41904826228910486	0.9930410112668666	0.8838871207545334	0.9996279338019449	0.9804356210888987	0.6703646126634292	0.4048942014429484	0.5587099715570514	0.5369997340828933	0.0	
