0.0	0.7121900249477874	0.96243188109646	0.9388337245527152	0.9928696213925109	0.9883315522725878	0.977286892479982	0.9695147067950941	0.5982299454431126	0.0	0.9998026218986159	0.5982299454431117	0.7121900249477874	0.7056011033033635	0.8860570913315804	0.917666736609105	
-0.7121900249477874	0.0	0.4822382597318001	0.413791377779358	0.7818781578598288	0.8022749233072332	0.535114710358931	0.855096607008058	0.9906447887812385	0.7121900249477873	0.7159976024070703	-0.15074582302500666	0.0	-0.009341835561610334	0.29184602209225874	0.36120050337590826	
-0.96243188109646	-0.4822382597318001	0.0	-0.07651824021564657	0.3843142115286442	0.4149505966624607	0.06139699444413543	0.4990734755640126	0.9336535706238582	0.9624318810964598	0.29059076318948024	-0.6087868948503083	-0.4822382597318001	-0.4904010394134791	-0.20557535009665995	-0.13325534876177023	
-0.9388337245527152	-0.413791377779358	0.07651824021564657	0.0	0.45382929158882557	0.4833536943617331	0.13759087242398205	0.5639179039851279	0.9583233680596536	0.938833724552715	0.3629550855261586	-0.5462975360735084	-0.413791377779358	-0.4222778646682783	-0.13008873116874675	-0.0570288377628243	
-0.9928696213925109	-0.7818781578598288	-0.3843142115286442	-0.45382929158882557	0.0	0.033417409788724386	-0.3269073241151317	0.1277146102879203	0.7242985307044464	0.9928696213925107	-0.09945598973933424	-0.8669229479846354	-0.7818781578598288	-0.7876680322965631	-0.5658934030968346	-0.5039084485097299	
-0.9883315522725878	-0.8022749233072332	-0.4149505966624607	-0.4833536943617331	-0.033417409788724386	0.0	-0.3583060776501486	0.09449952618047741	0.7008531441914556	0.9883315522725876	-0.13265216681822764	-0.8830954026848171	-0.8022749233072332	-0.8078165682284932	-0.5931292747126309	-0.5324915307249912	
-0.977286892479982	-0.535114710358931	-0.06139699444413543	-0.13759087242398205	0.3269073241151317	0.3583060776501486	0.0	0.44492777660138044	0.9099011506699812	0.9772868924799818	0.2312949854334485	-0.6563466835365258	-0.535114710358931	-0.5429831504555784	-0.26527315064548734	-0.19385339252720024	
-0.9695147067950941	-0.855096607008058	-0.4990734755640126	-0.5639179039851279	-0.1277146102879203	-0.09449952618047741	-0.44492777660138044	0.0	0.630309720228417	0.9695147067950939	-0.2257229369526359	-0.9234820285750454	-0.855096607008058	-0.8599027434373133	-0.6665572182224473	-0.6100963190908543	
-0.5982299454431126	-0.9906447887812385	-0.9336535706238582	-0.9583233680596536	-0.7242985307044464	-0.7008531441914556	-0.9099011506699812	-0.630309720228417	0.0	0.5982299454431125	-0.7892809936638921	-0.9587526074662294	-0.9906447887812385	-0.9893267204574867	-0.9873443681941523	-0.9730560507104921	
-0.0	-0.7121900249477873	-0.9624318810964598	-0.938833724552715	-0.9928696213925107	-0.9883315522725876	-0.9772868924799818	-0.9695147067950939	-0.5982299454431125	0.0	-0.9998026218986157	-0.5982299454431116	-0.7121900249477873	-0.7056011033033633	-0.8860570913315802	-0.9176667366091048	
-0.9998026218986159	-0.7159976024070703	-0.29059076318948024	-0.3629550855261586	0.09945598973933424	0.13265216681822764	-0.2312949854334485	0.2257229369526359	0.7892809936638921	0.9998026218986157	0.0	-0.813051651163604	-0.7159976024070703	-0.7224879201959596	-0.4810883653359106	-0.41550423699938965	
-0.5982299454431117	0.15074582302500666	0.6087868948503083	0.5462975360735084	0.8669229479846354	0.8830954026848171	0.6563466835365258	0.9234820285750454	0.9587526074662294	0.5982299454431116	0.813051651163604	0.0	0.15074582302500666	0.14150416284452438	0.43269411892781806	0.49764160194098306	
-0.7121900249477874	0.0	0.4822382597318001	0.413791377779358	0.7818781578598288	0.8022749233072332	0.535114710358931	0.855096607008058	0.9906447887812385	0.7121900249477873	0.7159976024070703	-0.15074582302500666	0.0	-0.009341835561610334	0.29184602209225874	0.36120050337590826	
-0.7056011033033635	0.009341835561610334	0.4904010394134791	0.4222778646682783	0.7876680322965631	0.8078165682284932	0.5429831504555784	0.8599027434373133	0.9893267204574867	0.7056011033033633	0.7224879201959596	-0.14150416284452438	0.009341835561610334	0.0	0.3007684288250426	0.3698958932608559	
-0.8860570913315804	-0.29184602209225874	0.20557535009665995	0.13008873116874675	0.5658934030968346	0.5931292747126309	0.26527315064548734	0.6665572182224473	0.9873443681941523	0.8860570913315802	0.4810883653359106	-0.43269411892781806	-0.29184602209225874	-0.3007684288250426	0.0	0.07333278885342026	
-0.917666736609105	-0.36120050337590826	0.13325534876177023	0.0570288377628243	0.5039084485097299	0.5324915307249912	0.19385339252720024	0.6100963190908543	0.9730560507104921	0.9176667366091048	0.41550423699938965	-0.49764160194098306	-0.36120050337590826	-0.3698958932608559	-0.07333278885342026	0.0	
