0.0	-0.5499995124204627	-0.8813158405744884	-0.384615384615384	-0.5820026242877723	-0.8426500884694861	-0.8691743694721152	-0.8982130377051362	-0.47659873741288405	-0.8871201995900612	-0.9703364684766839	-0.9912672738150009	-0.8495721025550317	-0.8982130377051362	-0.8281952949959852	-0.0	
0.5499995124204627	0.0	-0.47615413999653905	-0.828909155896256	-0.9333206096899818	-0.999905424120537	-0.45392608147668706	-0.5083980679421967	-0.8815546663379314	-0.9947376485844008	-0.6774240149240762	-0.9003990909699291	-0.9996424842929248	-0.99191407135339	-0.9999212139869247	-0.5499995124204627	
0.8813158405744884	0.47615413999653905	0.0	-0.9952637219415406	-0.9916868402493783	-0.872730157610822	0.025106801071420715	-0.03703896754945002	-0.999989304389147	-0.8259499889458204	-0.24544528755902287	-0.5846186372521043	-0.866316190653625	-0.8118220416329517	-0.8852694880262608	-0.8813158405744884	
0.384615384615384	0.828909155896256	0.9952637219415406	0.0	0.22446899674344667	0.5707302591789343	0.9925093135252969	0.9981814166412792	0.10181385403533988	0.6413653913375716	0.9886792127861709	0.8642974507974274	0.5813463623277961	0.660058037583588	0.5489342695251405	-0.384615384615384	
0.5820026242877723	0.9333206096899818	0.9916868402493783	-0.22446899674344667	0.0	0.37184599045895156	0.9946048486172636	0.986240383868885	-0.1240868465169932	0.452777935201784	0.9297689513782292	0.7293379965858225	0.38387052853026565	0.47458977961285786	0.34730024796930226	-0.5820026242877723	
0.8426500884694861	0.999905424120537	0.872730157610822	-0.5707302591789343	-0.37184599045895156	0.0	0.8847122639897718	0.8540487780084549	-0.4841612563260459	0.08876468202411647	0.7262066291421228	0.4226406477237688	0.012987149147715316	0.11325757028938449	-0.02630317191980469	-0.8426500884694861	
0.8691743694721152	0.45392608147668706	-0.025106801071420715	-0.9925093135252969	-0.9946048486172636	-0.8847122639897718	0.0	-0.06211686526299731	-0.9997902026111815	-0.8398434218004641	-0.2697067121651431	-0.6048037050146234	-0.8785838525775174	-0.8262261197332481	-0.8966670598735108	-0.8691743694721152	
0.8982130377051362	0.5083980679421967	0.03703896754945002	-0.9981814166412792	-0.986240383868885	-0.8540487780084549	0.06211686526299731	0.0	-0.9991318265933895	-0.80450276692666	-0.20937090639442446	-0.5541674655016087	-0.8472209272852306	-0.7896377512985899	-0.867436011218683	-0.8982130377051362	
0.47659873741288405	0.8815546663379314	0.999989304389147	-0.10181385403533988	0.1240868465169932	0.4841612563260459	0.9997902026111815	0.9991318265933895	0.0	0.5599173039692523	0.9682648792793638	0.808595663909849	0.495483903831712	0.5801439701668374	0.46097902474226077	-0.47659873741288405	
0.8871201995900612	0.9947376485844008	0.8259499889458204	-0.6413653913375716	-0.452777935201784	-0.08876468202411647	0.8398434218004641	0.80450276692666	-0.5599173039692523	0.0	0.6623163865337426	0.3405251305718837	-0.07582131191830277	0.024616960185773695	-0.11493331391377859	-0.8871201995900612	
0.9703364684766839	0.6774240149240762	0.24544528755902287	-0.9886792127861709	-0.9297689513782292	-0.7262066291421228	0.2697067121651431	0.20937090639442446	-0.9682648792793638	-0.6623163865337426	0.0	-0.3676036307214253	-0.7172170235783301	-0.6436720520206094	-0.7440381826097704	-0.9703364684766839	
0.9912672738150009	0.9003990909699291	0.5846186372521043	-0.8642974507974274	-0.7293379965858225	-0.4226406477237688	0.6048037050146234	0.5541674655016087	-0.808595663909849	-0.3405251305718837	0.3676036307214253	0.0	-0.4108347848279545	-0.31727619894464065	-0.44633291396626057	-0.9912672738150009	
0.8495721025550317	0.9996424842929248	0.866316190653625	-0.5813463623277961	-0.38387052853026565	-0.012987149147715316	0.8785838525775174	0.8472209272852306	-0.495483903831712	0.07582131191830277	0.7172170235783301	0.4108347848279545	0.0	0.10034443310568708	-0.03928360934661268	-0.8495721025550317	
0.8982130377051362	0.99191407135339	0.8118220416329517	-0.660058037583588	-0.47458977961285786	-0.11325757028938449	0.8262261197332481	0.7896377512985899	-0.5801439701668374	-0.024616960185773695	0.6436720520206094	0.31727619894464065	-0.10034443310568708	0.0	-0.13935231289299949	-0.8982130377051362	
0.8281952949959852	0.9999212139869247	0.8852694880262608	-0.5489342695251405	-0.34730024796930226	0.02630317191980469	0.8966670598735108	0.867436011218683	-0.46097902474226077	0.11493331391377859	0.7440381826097704	0.44633291396626057	0.03928360934661268	0.13935231289299949	0.0	-0.8281952949959852	
0.0	0.5499995124204627	0.8813158405744884	0.384615384615384	0.5820026242877723	0.8426500884694861	0.8691743694721152	0.8982130377051362	0.47659873741288405	0.8871201995900612	0.9703364684766839	0.9912672738150009	0.8495721025550317	0.8982130377051362	0.8281952949959852	0.0	
