0.0	-0.06904768871428771	0.8874297005665176	0.9615343943353569	0.9920204709395603	0.9554621344042508	0.8319444313132873	0.37028859041524476	0.06904768871428771	0.9002873351158863	0.9992588353678377	0.9963205898358677	0.9852600020433058	0.9972724114354715	0.9935894122773161	0.9953639853167138	
0.06904768871428771	0.0	0.9171387801963025	0.9782058923135416	0.998358194205929	0.9328048700524166	0.7916471511113542	0.3052652892095787	0.0	0.8680824824736524	0.9942160501101411	0.9998604376554088	0.9947200822044788	0.9999886078371575	0.9834122991548275	0.9863474234111127	
-0.8874297005665176	-0.9171387801963025	0.0	0.19944939049727742	0.34538058766387675	0.7023063458984464	0.8758773506661174	0.9950302930736816	0.9171387801963025	0.8012759282163032	0.4947620747064781	0.3831902579558285	0.3023419341140343	0.394185708910832	0.5583112213805742	0.5441588767423363	
-0.9615343943353569	-0.9782058923135416	-0.19944939049727742	0.0	0.15126543071430162	0.5462126929961277	0.7620382636506925	0.9948979800494524	0.9782058923135416	0.6658472256387952	0.3114941792047265	0.19126594265186242	0.10615225245616378	0.2029656457719318	0.38162418859921887	0.3658912199681925	
-0.9920204709395603	-0.998358194205929	-0.34538058766387675	-0.15126543071430162	0.0	0.4132205607912376	0.6553204213597683	0.9681892869066028	0.998358194205929	0.5453281025911824	0.16417019001356864	0.0405922737481786	-0.04547998632126272	0.05251318615893033	0.23741561221283533	0.22090464952726196	
-0.9554621344042508	-0.9328048700524166	-0.7023063458984464	-0.5462126929961277	-0.4132205607912376	0.0	0.2846285054876415	0.7782675521382121	0.9328048700524166	0.1502218146984542	-0.25811553659559666	-0.37591540020427433	-0.45420846501881584	-0.36483027798855394	-0.1852078177153817	-0.20184950021967102	
-0.8319444313132873	-0.7916471511113542	-0.8758773506661174	-0.7620382636506925	-0.6553204213597683	-0.2846285054876415	0.0	0.5673491899521379	0.7916471511113542	-0.1373903075553914	-0.5224229346602516	-0.6241188874410167	-0.6889956821120549	-0.614750342298209	-0.4572514873561598	-0.4722704490109377	
-0.37028859041524476	-0.3052652892095787	-0.9950302930736816	-0.9948979800494524	-0.9681892869066028	-0.7782675521382121	-0.5673491899521379	0.0	0.3052652892095787	-0.6751068130078841	-0.9139744365787611	-0.957234344847957	-0.9785674058756954	-0.9537136167182741	-0.8811011040266281	-0.8889960456475403	
-0.06904768871428771	-0.0	-0.9171387801963025	-0.9782058923135416	-0.998358194205929	-0.9328048700524166	-0.7916471511113542	-0.3052652892095787	0.0	-0.8680824824736524	-0.9942160501101411	-0.9998604376554088	-0.9947200822044788	-0.9999886078371575	-0.9834122991548275	-0.9863474234111127	
-0.9002873351158863	-0.8680824824736524	-0.8012759282163032	-0.6658472256387952	-0.5453281025911824	-0.1502218146984542	0.1373903075553914	0.6751068130078841	0.8680824824736524	0.0	-0.4003179303746729	-0.510853275425558	-0.582886180374766	-0.5005579320342718	-0.3307290219597351	-0.34668870788222594	
-0.9992588353678377	-0.9942160501101411	-0.4947620747064781	-0.3114941792047265	-0.16417019001356864	0.25811553659559666	0.5224229346602516	0.9139744365787611	0.9942160501101411	0.4003179303746729	0.0	-0.1239933609845254	-0.2088632301266012	-0.11214298423968902	0.07471810080562236	0.057792989047438	
-0.9963205898358677	-0.9998604376554088	-0.3831902579558285	-0.19126594265186242	-0.0405922737481786	0.37591540020427433	0.6241188874410167	0.957234344847957	0.9998604376554088	0.510853275425558	0.1239933609845254	0.0	-0.08599277233926952	0.011933638698321376	0.1977882666008384	0.18113312034100235	
-0.9852600020433058	-0.9947200822044788	-0.3023419341140343	-0.10615225245616378	0.04547998632126272	0.45420846501881584	0.6889956821120549	0.9785674058756954	0.9947200822044788	0.582886180374766	0.2088632301266012	0.08599277233926952	0.0	0.09787608257816055	0.2813495765756827	0.2650324903401172	
-0.9972724114354715	-0.9999886078371575	-0.394185708910832	-0.2029656457719318	-0.05251318615893033	0.36483027798855394	0.614750342298209	0.9537136167182741	0.9999886078371575	0.5005579320342718	0.11214298423968902	-0.011933638698321376	-0.09787608257816055	0.0	0.186076295539176	0.16938398268675076	
-0.9935894122773161	-0.9834122991548275	-0.5583112213805742	-0.38162418859921887	-0.23741561221283533	0.1852078177153817	0.4572514873561598	0.8811011040266281	0.9834122991548275	0.3307290219597351	-0.07471810080562236	-0.1977882666008384	-0.2813495765756827	-0.186076295539176	0.0	-0.016961776040286647	
-0.9953639853167138	-0.9863474234111127	-0.5441588767423363	-0.3658912199681925	-0.22090464952726196	0.20184950021967102	0.4722704490109377	0.8889960456475403	0.9863474234111127	0.34668870788222594	-0.057792989047438	-0.18113312034100235	-0.2650324903401172	-0.16938398268675076	0.016961776040286647	0.0	
