0.0	0.5903591809028825	0.5718463992062731	-0.19716586620686205	-0.8381404132229454	-0.3151789442865303	-0.044016849837603955	0.8324385203629192	0.973337186101746	0.8381404132229454	0.9938747684185244	0.6820258903447355	0.7020621372029248	0.9372866688541523	0.9008202187390005	0.7687360261510505	
-0.5903591809028825	0.0	-0.022746999816801172	-0.7379111022459578	-0.9985112938106275	-0.814663648104443	-0.6253147871854153	0.34476666951167584	0.9210360083354678	0.9985112938106275	0.7369548444497054	0.11874460837341747	0.14625885824561186	0.5507468961133132	0.4707592246330628	0.24290432293812264	
-0.5718463992062731	0.022746999816801172	0.0	-0.7223682674400967	-0.9994936757924473	-0.8012611041252425	-0.6074018534770586	0.3660298075932395	0.9296571366274465	0.9994936757924473	0.7521398120246537	0.14129994455010586	0.16872340088583773	0.5695906830598816	0.4907062246531524	0.2649072051876105	
0.19716586620686205	0.7379111022459578	0.7223682674400967	0.0	-0.7141428229369318	-0.12187525944357652	0.1538219653794961	0.9253509130559946	0.9090050105453099	0.7141428229369318	0.9961543829935524	0.8128307451801366	0.8286856660447536	0.9876118962188241	0.9687451448808317	0.8797464729209515	
0.8381404132229454	0.9985112938106275	0.9994936757924473	0.7141428229369318	0.0	0.6235065077765132	0.8133188878520645	0.9184855638326549	0.3386593769629856	0.0	0.634738232532434	0.9849696894034276	0.9797959137042855	0.8033890361016833	0.8552705664188612	0.9553568280370486	
0.3151789442865303	0.814663648104443	0.8012611041252425	0.12187525944357652	-0.6235065077765132	0.0	0.2731000587786412	0.9646571533429452	0.851432962115648	0.6235065077765132	0.9780503351455071	0.8777637688814365	0.8907234889633	0.9993738909590435	0.9917557127776405	0.9311330884810696	
0.044016849837603955	0.6253147871854153	0.6074018534770586	-0.1538219653794961	-0.8133188878520645	-0.2731000587786412	0.0	0.8560222146658026	0.9622972761160326	0.8133188878520645	0.9977758924261526	0.7135556192008516	0.7327267800825967	0.9517207297127539	0.919058909938446	0.7961426478841416	
-0.8324385203629192	-0.34476666951167584	-0.3660298075932395	-0.9253509130559946	-0.9184855638326549	-0.9646571533429452	-0.8560222146658026	0.0	0.7302869947007816	0.9184855638326549	0.4587287116539412	-0.23086319828380678	-0.20376767428563772	0.22921254123556745	0.13772179443871924	-0.1064295200716237	
-0.973337186101746	-0.9210360083354678	-0.9296571366274465	-0.9090050105453099	-0.3386593769629856	-0.851432962115648	-0.9622972761160326	-0.7302869947007816	0.0	0.3386593769629856	-0.33553961946667166	-0.8682711766448281	-0.8541669872134435	-0.5542597601850483	-0.6292447233417002	-0.7988454589425166	
-0.8381404132229454	-0.9985112938106275	-0.9994936757924473	-0.7141428229369318	-0.0	-0.6235065077765132	-0.8133188878520645	-0.9184855638326549	-0.3386593769629856	0.0	-0.634738232532434	-0.9849696894034276	-0.9797959137042855	-0.8033890361016833	-0.8552705664188612	-0.9553568280370486	
-0.9938747684185244	-0.7369548444497054	-0.7521398120246537	-0.9961543829935524	-0.634738232532434	-0.9780503351455071	-0.9977758924261526	-0.4587287116539412	0.33553961946667166	0.634738232532434	0.0	-0.6514762981976348	-0.6301673900953428	-0.24284285237860714	-0.33198113141078	-0.5506940035553185	
-0.6820258903447355	-0.11874460837341747	-0.14129994455010586	-0.8128307451801366	-0.9849696894034276	-0.8777637688814365	-0.7135556192008516	0.23086319828380678	0.8682711766448281	0.9849696894034276	0.6514762981976348	0.0	0.027756381216501702	0.44773743222781137	0.36266469999145184	0.12599749636967378	
-0.7020621372029248	-0.14625885824561186	-0.16872340088583773	-0.8286856660447536	-0.9797959137042855	-0.8907234889633	-0.7327267800825967	0.20376767428563772	0.8541669872134435	0.9797959137042855	0.6301673900953428	-0.027756381216501702	0.0	0.42274613994493737	0.3366582533239991	0.09841377334352666	
-0.9372866688541523	-0.5507468961133132	-0.5695906830598816	-0.9876118962188241	-0.8033890361016833	-0.9993738909590435	-0.9517207297127539	-0.22921254123556745	0.5542597601850483	0.8033890361016833	0.24284285237860714	-0.44773743222781137	-0.42274613994493737	0.0	-0.09297321988622143	-0.33150665385929284	
-0.9008202187390005	-0.4707592246330628	-0.4907062246531524	-0.9687451448808317	-0.8552705664188612	-0.9917557127776405	-0.919058909938446	-0.13772179443871924	0.6292447233417002	0.8552705664188612	0.33198113141078	-0.36266469999145184	-0.3366582533239991	0.09297321988622143	0.0	-0.24235491701472983	
-0.7687360261510505	-0.24290432293812264	-0.2649072051876105	-0.8797464729209515	-0.9553568280370486	-0.9311330884810696	-0.7961426478841416	0.1064295200716237	0.7988454589425166	0.9553568280370486	0.5506940035553185	-0.12599749636967378	-0.09841377334352666	0.33150665385929284	0.24235491701472983	0.0	
