0.0	-0.7045267652142321	0.09235591901512324	0.3635182284700611	0.9608411340588943	0.7045267652142321	0.9771622520809417	0.8765540361882493	0.6865814427279623	0.7968410384050718	0.7320347969659347	0.5955323947617173	0.8119047138621924	0.8285519205062941	0.7676513046105408	0.43081799140060006	
0.7045267652142321	0.0	0.7670585693730683	0.9143087133918584	0.877111500773212	0.0	0.8431780804880418	0.9611617753340329	0.999479574549351	0.9911674190219609	0.999479571101802	0.9886042894921991	0.9874861037692738	0.9824777456410474	0.9962932791817444	0.9415341157094308	
-0.09235591901512324	-0.7670585693730683	0.0	0.2759269915364036	0.9311427462289347	0.7670585693730683	0.9533607887919652	0.8283564723280663	0.6164993950805888	0.7376349554258573	0.6659870610073564	0.5187947244726078	0.7545182211671788	0.7732995289662488	0.7051824779622635	0.3456311323097029	
-0.3635182284700611	-0.9143087133918584	-0.2759269915364036	0.0	0.794376352690286	0.9143087133918584	0.8330660925180713	0.6416238381883131	0.3753134220908334	0.5226931019574395	0.4343011016763987	0.26276471924719236	0.5441416482318371	0.5683299635720946	0.48216693181837267	0.07329150883434238	
-0.9608411340588943	-0.877111500773212	-0.9311427462289347	-0.794376352690286	0.0	0.877111500773212	0.06659798984024012	-0.21956319003591465	-0.508330734795631	-0.3597251380294493	-0.45174287322408596	-0.6068518262647554	-0.33595076502250953	-0.30839511509473905	-0.4030560517887902	-0.7477207659182697	
-0.7045267652142321	-0.0	-0.7670585693730683	-0.9143087133918584	-0.877111500773212	0.0	-0.8431780804880418	-0.9611617753340329	-0.999479574549351	-0.9911674190219609	-0.999479571101802	-0.9886042894921991	-0.9874861037692738	-0.9824777456410474	-0.9962932791817444	-0.9415341157094308	
-0.9771622520809417	-0.8431780804880418	-0.9533607887919652	-0.8330660925180713	-0.06659798984024012	0.8431780804880418	0.0	-0.28404861987239594	-0.5645538376054827	-0.4210663168404416	-0.5101552295763364	-0.6584376284304636	-0.3979322017653254	-0.3710623379274191	-0.46311005773282415	-0.7902826938299352	
-0.8765540361882493	-0.9611617753340329	-0.8283564723280663	-0.6416238381883131	0.21956319003591465	0.9611617753340329	0.28404861987239594	0.0	-0.30684713119366236	-0.1460819654144169	-0.24483666994037742	-0.4175314847546703	-0.12095091055199142	-0.09200842570804108	-0.19228198417108755	-0.5836822164570984	
-0.6865814427279623	-0.999479574549351	-0.6164993950805888	-0.3753134220908334	0.508330734795631	0.999479574549351	0.5645538376054827	0.30684713119366236	0.0	0.1645206275112487	0.06448257719324346	-0.11856880241364222	0.18947831477386395	0.21797572573787857	0.11811520362653494	-0.3063702891720019	
-0.7968410384050718	-0.9911674190219609	-0.7376349554258573	-0.5226931019574395	0.3597251380294493	0.9911674190219609	0.4210663168404416	0.1460819654144169	-0.1645206275112487	0.0	-0.10057431804862486	-0.2803132140631751	0.025356094721304484	0.05444091469791523	-0.04686324277469418	-0.4588048060213227	
-0.7320347969659347	-0.999479571101802	-0.6659870610073564	-0.4343011016763987	0.45174287322408596	0.999479571101802	0.5101552295763364	0.24483666994037742	-0.06448257719324346	0.10057431804862486	0.0	-0.1823497476427865	0.12576950952338797	0.15459004038859134	0.053838193545442684	-0.36711444721790615	
-0.5955323947617173	-0.9886042894921991	-0.5187947244726078	-0.26276471924719236	0.6068518262647554	0.9886042894921991	0.6584376284304636	0.4175314847546703	0.11856880241364222	0.2803132140631751	0.1823497476427865	0.0	0.30456262161483616	0.3321558095052033	0.23502080873507475	-0.19134198875787906	
-0.8119047138621924	-0.9874861037692738	-0.7545182211671788	-0.5441416482318371	0.33595076502250953	0.9874861037692738	0.3979322017653254	0.12095091055199142	-0.18947831477386395	-0.025356094721304484	-0.12576950952338797	-0.30456262161483616	0.0	0.029104919519143763	-0.07217641177642727	-0.48118712273704595	
-0.8285519205062941	-0.9824777456410474	-0.7732995289662488	-0.5683299635720946	0.30839511509473905	0.9824777456410474	0.3710623379274191	0.09200842570804108	-0.21797572573787857	-0.05444091469791523	-0.15459004038859134	-0.3321558095052033	-0.029104919519143763	0.0	-0.10117484555707369	-0.5064971672323485	
-0.7676513046105408	-0.9962932791817444	-0.7051824779622635	-0.48216693181837267	0.4030560517887902	0.9962932791817444	0.46311005773282415	0.19228198417108755	-0.11811520362653494	0.04686324277469418	-0.053838193545442684	-0.23502080873507475	0.07217641177642727	0.10117484555707369	0.0	-0.41666099482738284	
-0.43081799140060006	-0.9415341157094308	-0.3456311323097029	-0.07329150883434238	0.7477207659182697	0.9415341157094308	0.7902826938299352	0.5836822164570984	0.3063702891720019	0.4588048060213227	0.36711444721790615	0.19134198875787906	0.48118712273704595	0.5064971672323485	0.41666099482738284	0.0	
