0.0	-0.506365697438934	0.014140327789071705	0.24752728007866603	0.09282179530346885	0.16320444234497528	0.47145781026321776	0.8233586405236573	0.9372415322978167	0.9912193503569429	0.506365697438934	0.8731229586084348	-0.31653152005130036	0.4789124152691911	0.6263326005730199	0.5291408493005713	
0.506365697438934	0.0	0.5185085423287734	0.7040555018365359	0.5842215667242965	0.6403107488754711	0.853105096393324	0.9973710409631111	0.9847610338167598	0.7877914813794896	0.0	0.9997636791831277	0.20737828935120817	0.8574947501442335	0.934838791542137	0.8859566373717648	
-0.014140327789071705	-0.5185085423287734	0.0	0.23380223858233312	0.07873323474685551	0.1492373871455257	0.45894048005807686	0.8152513828505537	0.9322173664154643	0.9929899936915567	0.5185085423287734	0.8661422537601485	-0.3299131337205562	0.4664512677192499	0.6152468035837511	0.5170893970946452	
-0.24752728007866603	-0.7040555018365359	-0.23380223858233312	0.0	-0.1565253730686772	-0.08608283052663196	0.23849498826428772	0.6572594500966191	0.8217674286399455	0.9931035159649202	0.7040555018365359	0.7252826177126918	-0.5414812723176949	0.24671414022516058	0.41388034594472495	0.3026391603051499	
-0.09282179530346885	-0.5842215667242965	-0.07873323474685551	0.1565253730686772	0.0	0.07092258010772479	0.38756391856556005	0.7671256293652823	0.9008300356865097	0.9992136212338257	0.5842215667242965	0.8241028279576904	-0.40321405403089694	0.39536003408828774	0.5512687760226296	0.44809395956703096	
-0.16320444234497528	-0.6403107488754711	-0.1492373871455257	0.08608283052663196	-0.07092258010772479	0.0	0.3212084919198479	0.719697256347681	0.8677689943811304	0.9995095198668873	0.6403107488754711	0.7818541890800876	-0.46710034647100507	0.3292201971794249	0.4907079095576222	0.38356175292775607	
-0.47145781026321776	-0.853105096393324	-0.45894048005807686	-0.23849498826428772	-0.38756391856556005	-0.3212084919198479	0.0	0.45854821243257315	0.6621543457915584	0.9364849062177723	0.853105096393324	0.5401614923401934	-0.726361933635717	0.00847218719331766	0.18482785159009618	0.06659530686084825	
-0.8233586405236573	-0.9973710409631111	-0.8152513828505537	-0.6572594500966191	-0.7671256293652823	-0.719697256347681	-0.45854821243257315	0.0	0.24481527339763398	0.6714091295738855	0.9973710409631111	0.09412859247774037	-0.9606615939939286	-0.4510027806835776	-0.2863969645332389	-0.3983490466406191	
-0.9372415322978167	-0.9847610338167598	-0.9322173664154643	-0.8217674286399455	-0.9008300356865097	-0.8677689943811304	-0.6621543457915584	-0.24481527339763398	0.0	0.4695485856564635	0.9847610338167598	-0.15246407020731811	-0.9994189084247079	-0.6557817997424497	-0.5122420485725053	-0.6107800511213006	
-0.9912193503569429	-0.7877914813794896	-0.9929899936915567	-0.9931035159649202	-0.9992136212338257	-0.9995095198668873	-0.9364849062177723	-0.6714091295738855	-0.4695485856564635	0.0	0.7877914813794896	-0.5986706388979746	-0.8983985499693447	-0.9334800332787444	-0.8555295403899722	-0.9110504746755641	
-0.506365697438934	-0.0	-0.5185085423287734	-0.7040555018365359	-0.5842215667242965	-0.6403107488754711	-0.853105096393324	-0.9973710409631111	-0.9847610338167598	-0.7877914813794896	0.0	-0.9997636791831277	-0.20737828935120817	-0.8574947501442335	-0.934838791542137	-0.8859566373717648	
-0.8731229586084348	-0.9997636791831277	-0.8661422537601485	-0.7252826177126918	-0.8241028279576904	-0.7818541890800876	-0.5401614923401934	-0.09412859247774037	0.15246407020731811	0.5986706388979746	0.9997636791831277	0.0	-0.9825378479026982	-0.5330122405727893	-0.37531101990751353	-0.482918332254292	
0.31653152005130036	-0.20737828935120817	0.3299131337205562	0.5414812723176949	0.40321405403089694	0.46710034647100507	0.726361933635717	0.9606615939939286	0.9994189084247079	0.8983985499693447	0.20737828935120817	0.9825378479026982	0.0	0.732158904131642	0.8408818549815552	0.7705212403880775	
-0.4789124152691911	-0.8574947501442335	-0.4664512677192499	-0.24671414022516058	-0.39536003408828774	-0.3292201971794249	-0.00847218719331766	0.4510027806835776	0.6557817997424497	0.9334800332787444	0.8574947501442335	0.5330122405727893	-0.732158904131642	0.0	0.17649499905461286	0.05813953726233295	
-0.6263326005730199	-0.934838791542137	-0.6152468035837511	-0.41388034594472495	-0.5512687760226296	-0.4907079095576222	-0.18482785159009618	0.2863969645332389	0.5122420485725053	0.8555295403899722	0.934838791542137	0.37531101990751353	-0.8408818549815552	-0.17649499905461286	0.0	-0.11896961596914712	
-0.5291408493005713	-0.8859566373717648	-0.5170893970946452	-0.3026391603051499	-0.44809395956703096	-0.38356175292775607	-0.06659530686084825	0.3983490466406191	0.6107800511213006	0.9110504746755641	0.8859566373717648	0.482918332254292	-0.7705212403880775	-0.05813953726233295	0.11896961596914712	0.0	
