0.0	-0.9985112826433212	-0.9844335133909297	-0.9797958897394852	-0.9191363916563585	-0.999834696424365	-0.8341648664186564	-0.9958592119522087	-0.9242374415957394	-0.9999816353801353	-0.9999816342854618	-0.8496961275472581	-0.8260231307132219	-0.8570990563375823	-0.0	-0.781230567976759	
0.9985112826433212	0.0	0.2291922101721171	-0.14625877424878778	-0.3432181777623508	0.07269133300470834	0.5961941055648681	0.145093273918881	-0.33083674701276194	0.06059597641235459	0.04849296559470642	0.5728348847275975	0.6078530207656279	-0.46763376987972843	-0.9985112826433208	-0.5807005989164086	
0.9844335133909297	-0.2291922101721171	0.0	-0.3690930997888195	-0.5493522078142721	-0.15782950305797125	0.39631937615583646	-0.08553583107056566	-0.5383162038598174	-0.1697880576156624	-0.1817204307576004	0.36972454005800615	0.4096827196516187	-0.6577740217243063	-0.9844335133909292	-0.7518323572276264	
0.9797958897394852	0.14625877424878778	0.3690930997888195	0.0	-0.20215294644439005	0.2177814815196354	0.7072052937987763	0.2882440550067066	-0.18925639886110468	0.20593435493409948	0.1940581942748856	0.6865588717632711	0.7174531068038562	-0.33332361288971046	-0.9797958897394847	-0.45538417303193884	
0.9191363916563585	0.3432181777623508	0.5493522078142721	0.20215294644439005	0.0	0.4105859385060443	0.8355281095199042	0.4758659221352303	0.013150574135555149	0.39950258823667695	0.38836168451311176	0.8193643474373797	0.8434616618926336	-0.13584948106625716	-0.9191363916563581	-0.2660065297052465	
0.999834696424365	-0.07269133300470834	0.15782950305797125	-0.2177814815196354	-0.4105859385060443	0.0	0.5362573320596624	0.07278731562018702	-0.3985594525326385	-0.012122084733167122	-0.02424113664320287	0.5117364798922158	0.5485244158419943	-0.5306501293255869	-0.9998346964243645	-0.6383436116154273	
0.8341648664186564	-0.5961941055648681	-0.39631937615583646	-0.7072052937987763	-0.8355281095199042	-0.5362573320596624	0.0	-0.4733984371516047	-0.8282303065326797	-0.546449631167704	-0.5565605892758615	-0.028787944779282815	0.014601249411102912	-0.902424521506513	-0.8341648664186561	-0.9515817334821107	
0.9958592119522087	-0.145093273918881	0.08553583107056566	-0.2882440550067066	-0.4758659221352303	-0.07278731562018702	0.4733984371516047	0.0	-0.46425860829265053	-0.0848718982866521	-0.09694276304881606	0.44784441765919364	0.486209458334126	-0.5909364430509341	-0.9958592119522083	-0.6926785441816474	
0.9242374415957394	0.33083674701276194	0.5383162038598174	0.18925639886110468	-0.013150574135555149	0.3985594525326385	0.8282303065326797	0.46425860829265053	0.0	0.38741248922892535	0.37620975540877816	0.8117546243030649	0.8363243769168551	-0.14886639539763186	-0.924237441595739	-0.2786603025282428	
0.9999816353801353	-0.06059597641235459	0.1697880576156624	-0.20593435493409948	-0.39950258823667695	0.012122084733167122	0.546449631167704	0.0848718982866521	-0.38741248922892535	0.0	-0.012120832978555054	0.522113477726619	0.5586198066331295	-0.5203365702476346	-0.9999816353801348	-0.6289657158182789	
0.9999816342854618	-0.04849296559470642	0.1817204307576004	-0.1940581942748856	-0.38836168451311176	0.02424113664320287	0.5565605892758615	0.09694276304881606	-0.37620975540877816	0.012120832978555054	0.0	0.5324126911407399	0.5686320782969845	-0.5099476243810492	-0.9999816342854614	-0.6194963759967527	
0.8496961275472581	-0.5728348847275975	-0.36972454005800615	-0.6865588717632711	-0.8193643474373797	-0.5117364798922158	0.028787944779282815	-0.44784441765919364	-0.8117546243030649	-0.522113477726619	-0.5324126911407399	0.0	0.043380073666621	-0.8896472758552901	-0.8496961275472578	-0.9423380475234951	
0.8260231307132219	-0.6078530207656279	-0.4096827196516187	-0.7174531068038562	-0.8434616618926336	-0.5485244158419943	-0.014601249411102912	-0.486209458334126	-0.8363243769168551	-0.5586198066331295	-0.5686320782969845	-0.043380073666621	0.0	-0.9086192383441835	-0.8260231307132215	-0.9559686545115071	
0.8570990563375823	0.46763376987972843	0.6577740217243063	0.33332361288971046	0.13584948106625716	0.5306501293255869	0.902424521506513	0.5909364430509341	0.14886639539763186	0.5203365702476346	0.5099476243810492	0.8896472758552901	0.9086192383441835	0.0	-0.857099056337582	-0.1325855220656128	
0.0	0.9985112826433208	0.9844335133909292	0.9797958897394847	0.9191363916563581	0.9998346964243645	0.8341648664186561	0.9958592119522083	0.924237441595739	0.9999816353801348	0.9999816342854614	0.8496961275472578	0.8260231307132215	0.857099056337582	0.0	0.7812305679767587	
0.781230567976759	0.5807005989164086	0.7518323572276264	0.45538417303193884	0.2660065297052465	0.6383436116154273	0.9515817334821107	0.6926785441816474	0.2786603025282428	0.6289657158182789	0.6194963759967527	0.9423380475234951	0.9559686545115071	0.1325855220656128	-0.7812305679767587	0.0	
