0.0	-0.29989543871808	-0.08825272713994381	-0.5358208783507817	0.3290737582215526	0.9899709467573523	0.9350558700055538	0.8744241768795489	0.5358208783507817	0.999308893928714	0.9273882041327155	0.9370345222300055	0.9972156124950391	0.6117665124158833	0.34921166701065176	0.24772341134271292	
0.29989543871808	0.0	0.2145346439122111	-0.2579469371404041	0.5971197056025298	0.9867712008062963	0.7857041442515914	0.6886783187983015	0.2579469371404041	0.9421651620370712	0.9968934597347617	0.7891702635463413	0.9289519690867308	0.8208369761549101	0.6141533617452699	0.5268691541581839	
0.08825272713994381	-0.2145346439122111	0.0	-0.45921559389641653	0.41112717324534737	0.9985757548045083	0.9001217648354611	0.828195387808712	0.45921559389641653	0.9921292032821545	0.9567850243340995	0.9025572267880503	0.9867433871257649	0.6791907654621254	0.4305457603497725	0.3322587831526598	
0.5358208783507817	0.2579469371404041	0.45921559389641653	0.0	0.7838253162995	0.9115598394620041	0.599548588475443	0.47834399917933335	0.0	0.82383079010544	0.9834740524290432	0.6040395931061746	0.8020233590020001	0.940388732249089	0.7969381422903749	0.7282804922833893	
-0.3290737582215526	-0.5971197056025298	-0.41112717324534737	-0.7838253162995	0.0	0.888345130781158	0.9996339774354835	0.9853765891224188	0.7838253162995	0.9558838341693789	0.7526299668124105	0.9997703027199276	0.9662146864227479	0.3173837240326424	0.021405503704532758	-0.08489052820160226	
-0.9899709467573523	-0.9867712008062963	-0.9985757548045083	-0.9115598394620041	-0.888345130781158	0.0	0.4830414518128513	0.6038273490771711	0.9115598394620041	0.1779723626439994	-0.23933538519628333	0.47811013183473194	0.21470212201575795	-0.6966800937050114	-0.8783126883004048	-0.9241181808745987	
-0.9350558700055538	-0.7857041442515914	-0.9001217648354611	-0.599548588475443	-0.9996339774354835	-0.4830414518128513	0.0	0.143670057985255	0.599548588475443	-0.3194977767578036	-0.6785642584224818	-0.005623226372230672	-0.28378408341858324	-0.9565365514659337	-0.9999840386842251	-0.993728966583289	
-0.8744241768795489	-0.6886783187983015	-0.828195387808712	-0.47834399917933335	-0.9853765891224188	-0.6038273490771711	-0.143670057985255	0.0	0.47834399917933335	-0.4523230758282878	-0.7770561455212652	-0.14923267551284075	-0.41860353052855653	-0.9885090791179554	-0.9887981135952837	-0.9673551062916673	
-0.5358208783507817	-0.2579469371404041	-0.45921559389641653	-0.0	-0.7838253162995	-0.9115598394620041	-0.599548588475443	-0.47834399917933335	0.0	-0.82383079010544	-0.9834740524290432	-0.6040395931061746	-0.8020233590020001	-0.940388732249089	-0.7969381422903749	-0.7282804922833893	
-0.999308893928714	-0.9421651620370712	-0.9921292032821545	-0.82383079010544	-0.9558838341693789	-0.1779723626439994	0.3194977767578036	0.4523230758282878	0.82383079010544	0.0	-0.4083144562577271	0.3141642289991805	0.037452534921287584	-0.8132320934272541	-0.949377059587722	-0.9773695290325133	
-0.9273882041327155	-0.9968934597347617	-0.9567850243340995	-0.9834740524290432	-0.7526299668124105	0.23933538519628333	0.6785642584224818	0.7770561455212652	0.9834740524290432	0.4083144562577271	0.0	0.6744230394305186	0.4422162079946651	-0.504737566989765	-0.7383632016930508	-0.8058088216677416	
-0.9370345222300055	-0.7891702635463413	-0.9025572267880503	-0.6040395931061746	-0.9997703027199276	-0.47811013183473194	0.005623226372230672	0.14923267551284075	0.6040395931061746	-0.3141642289991805	-0.6744230394305186	0.0	-0.27838755120598707	-0.954881625315983	-0.9999999996418669	-0.9943420200156443	
-0.9972156124950391	-0.9289519690867308	-0.9867433871257649	-0.8020233590020001	-0.9662146864227479	-0.21470212201575795	0.28378408341858324	0.41860353052855653	0.8020233590020001	-0.037452534921287584	-0.4422162079946651	0.27838755120598707	0.0	-0.8344566448711075	-0.9604762791069636	-0.9846064907658748	
-0.6117665124158833	-0.8208369761549101	-0.6791907654621254	-0.940388732249089	-0.3173837240326424	0.6966800937050114	0.9565365514659337	0.9885090791179554	0.940388732249089	0.8132320934272541	0.504737566989765	0.954881625315983	0.8344566448711075	0.0	-0.29701222465103577	-0.39673950880385317	
-0.34921166701065176	-0.6141533617452699	-0.4305457603497725	-0.7969381422903749	-0.021405503704532758	0.8783126883004048	0.9999840386842251	0.9887981135952837	0.7969381422903749	0.949377059587722	0.7383632016930508	0.9999999996418669	0.9604762791069636	0.29701222465103577	0.0	-0.10619931365771029	
-0.24772341134271292	-0.5268691541581839	-0.3322587831526598	-0.7282804922833893	0.08489052820160226	0.9241181808745987	0.993728966583289	0.9673551062916673	0.7282804922833893	0.9773695290325133	0.8058088216677416	0.9943420200156443	0.9846064907658748	0.39673950880385317	0.10619931365771029	0.0	
