0.0	0.902109671808946	0.9875135197424568	0.9344233050392121	0.9577292248039	0.9971577143552539	0.884914478735917	0.7819926862743304	0.6803615146513776	0.8409609209773505	0.9556451547590935	1.4901161193847656e-08	0.6247537181503843	0.9840156216660608	0.9535073127237949	0.902109671808946	
-0.902109671808946	0.0	0.28400562893163667	0.08191067449413048	0.15375570536189537	0.4982475596703327	0.8020074153701917	0.899708958071449	0.9547157668032036	0.8510081853818553	0.6780572184762137	0.9021096782388986	0.973972453632967	0.2639598162139156	0.13957622957924026	0.0	
-0.9875135197424568	-0.28400562893163667	0.0	-0.2045134707312346	-0.13320404027292163	0.23148825921009483	0.5993422855598979	0.7386955888715986	0.8309058762854642	0.6668196473281742	0.44138986603807034	0.9875135220899004	0.8694922775805576	-0.02084235311671867	-0.14739674615196913	-0.28400562893163667	
-0.9344233050392121	-0.08191067449413048	0.2045134707312346	0.0	0.07230237034891596	0.4255538793916332	0.7503860107783593	0.8609324276891097	0.9271375950855408	0.8051329318784863	0.6155736328348351	0.9344233103464753	0.9521331912694123	0.18406722128114889	0.05799833020650119	-0.08191067449413048	
-0.9577292248039	-0.15375570536189537	0.13320404027292163	-0.07230237034891596	0.0	0.3590112948310632	0.700630211711483	0.8218975464592593	0.897617830699499	0.7601435740355356	0.5569825211725082	0.9577292290905352	0.927539589181774	0.11251848565375006	-0.014334127749307757	-0.15375570536189537	
-0.9971577143552539	-0.4982475596703327	-0.23148825921009483	-0.4255538793916332	-0.3590112948310632	0.0	0.3977580696367738	0.5625987576228166	0.67953348320333	0.4761978103133364	0.22168271348572777	0.997157713232563	0.7315320419111903	-0.2517142008906321	-0.3723529279464678	-0.4982475596703327	
-0.884914478735917	-0.8020074153701917	-0.5993422855598979	-0.7503860107783593	-0.700630211711483	-0.3977580696367738	0.0	0.1873403597920349	0.3316523861658381	0.08714302990363154	-0.18446964458843168	0.8849144717956483	0.3999793180905723	-0.6158962481025188	-0.7107859820263055	-0.8020074153701917	
-0.7819926862743304	-0.899708958071449	-0.7386955888715986	-0.8609324276891097	-0.8218975464592593	-0.5625987576228166	-0.1873403597920349	0.0	0.14904329468320549	-0.10102751351771289	-0.3653288852225224	0.7819926769866212	0.2211957423814861	-0.7525836881719926	-0.829978331386398	-0.899708958071449	
-0.6803615146513776	-0.9547157668032036	-0.8309058762854642	-0.9271375950855408	-0.897617830699499	-0.67953348320333	-0.3316523861658381	-0.14904329468320549	0.0	-0.248179838363063	-0.49998960728396036	0.6803615037306642	0.07337372690242672	-0.842322338585651	-0.9038437295752467	-0.9547157668032036	
-0.8409609209773505	-0.8510081853818553	-0.6668196473281742	-0.8051329318784863	-0.7601435740355356	-0.4761978103133364	-0.08714302990363154	0.10102751351771289	0.248179838363063	0.0	-0.26941538672126564	0.8409609129143938	0.31858902814301254	-0.6822069174838693	-0.7693791509674612	-0.8510081853818553	
-0.9556451547590935	-0.6780572184762137	-0.44138986603807034	-0.6155736328348351	-0.5569825211725082	-0.22168271348572777	0.18446964458843168	0.3653288852225224	0.49998960728396036	0.26941538672126564	0.0	0.9556451503703957	0.5621858446595356	-0.45999615004237127	-0.5688301375998983	-0.6780572184762137	
-1.4901161193847656e-08	-0.9021096782388986	-0.9875135220899004	-0.9344233103464753	-0.9577292290905352	-0.997157713232563	-0.8849144717956483	-0.7819926769866212	-0.6803615037306642	-0.8409609129143938	-0.9556451503703957	0.0	-0.6247537065152317	-0.9840156243196917	-0.953507317214556	-0.9021096782388986	
-0.6247537181503843	-0.973972453632967	-0.8694922775805576	-0.9521331912694123	-0.927539589181774	-0.7315320419111903	-0.3999793180905723	-0.2211957423814861	-0.07337372690242672	-0.31858902814301254	-0.5621858446595356	0.6247537065152317	0.0	-0.8795984098409905	-0.932801315441106	-0.973972453632967	
-0.9840156216660608	-0.2639598162139156	0.02084235311671867	-0.18406722128114889	-0.11251848565375006	0.2517142008906321	0.6158962481025188	0.7525836881719926	0.842322338585651	0.6822069174838693	0.45999615004237127	0.9840156243196917	0.8795984098409905	0.0	-0.12675002638724905	-0.2639598162139156	
-0.9535073127237949	-0.13957622957924026	0.14739674615196913	-0.05799833020650119	0.014334127749307757	0.3723529279464678	0.7107859820263055	0.829978331386398	0.9038437295752467	0.7693791509674612	0.5688301375998983	0.953507317214556	0.932801315441106	0.12675002638724905	0.0	-0.13957622957924026	
-0.902109671808946	0.0	0.28400562893163667	0.08191067449413048	0.15375570536189537	0.4982475596703327	0.8020074153701917	0.899708958071449	0.9547157668032036	0.8510081853818553	0.6780572184762137	0.9021096782388986	0.973972453632967	0.2639598162139156	0.13957622957924026	0.0	
