0.0	0.03792199644001393	0.5687867790308323	0.562437477368397	-0.2437811371152368	0.04723956433608506	0.905229932211471	0.8000000343872914	0.7980736472632957	-0.5435390064658383	-0.8000000254465952	-0.35715987353566014	-0.5252510497824718	-0.8000000254465952	-0.4584660617387872	-0.13151440281319515	
-0.03792199644001393	0.0	0.5371873782517961	0.5306775008185374	-0.2803836860638863	0.00932592514013203	0.8884649090767032	0.8221777924066376	0.7746493197765969	-0.5749791538108613	-0.8221777839244379	-0.39232375474345205	-0.5571428590522723	-0.8221777839244379	-0.4918380183276101	-0.16901242065300626	
-0.5687867790308323	-0.5371873782517961	0.0	-0.007699159611418857	-0.7521329690543013	-0.5292979451983946	0.5028479960460934	0.9992600816715352	0.3136755014402638	-0.9244831584866516	-0.9992600810984137	-0.8250301053093634	-0.9160187006153478	-0.9992600810984137	-0.8825690540719693	-0.6720150704662443	
-0.562437477368397	-0.5306775008185374	0.007699159611418857	0.0	-0.7470368428208041	-0.5227500129916804	0.5094880521358598	0.998934343186211	0.32097678930821244	-0.9215206619037821	-0.9989343424984649	-0.8206549435830397	-0.9129031440383863	-0.9989343424984649	-0.8789228832168356	-0.6662936364498301	
0.2437811371152368	0.2803836860638863	0.7521329690543013	0.7470368428208041	0.0	0.28932333661931636	0.9815073783361281	0.6295955801463758	0.9208887244290975	-0.3225146186111871	-0.6295955685693203	-0.11868232766914483	-0.3019594643349435	-0.6295955685693203	-0.22798306399244522	0.1141170684138329	
-0.04723956433608506	-0.00932592514013203	0.5292979451983946	0.5227500129916804	-0.28932333661931636	0.0	0.8841461894894784	0.8274506416593943	0.7687180007759822	-0.5825843235405791	-0.8274506332918191	-0.4008849331857481	-0.5648630340026268	-0.8274506332918191	-0.49993658874584457	-0.17819683239091738	
-0.905229932211471	-0.8884649090767032	-0.5028479960460934	-0.5094880521358598	-0.9815073783361281	-0.8841461894894784	0.0	0.8830755924400103	-0.2063361625921585	-0.9907971624683953	-0.8830755994320932	-0.9972890378933829	-0.9934937472019133	-0.8830755994320932	-0.999300978052808	-0.9532507132132908	
-0.8000000343872914	-0.8221777924066376	-0.9992600816715352	-0.998934343186211	-0.6295955801463758	-0.8274506416593943	-0.8830755924400103	0.0	-0.9608921060662214	-0.3453837779454177	-1.4901161193847656e-08	-0.5329387380197362	-0.3656072763194718	-1.4901161193847656e-08	-0.4358899476047201	-0.7141428063391364	
-0.7980736472632957	-0.7746493197765969	-0.3136755014402638	-0.32097678930821244	-0.9208887244290975	-0.7687180007759822	0.2063361625921585	0.9608921060662214	0.0	-0.9974049971556505	-0.9608921101926959	-0.9606455405866708	-0.995613857100987	-0.9608921101926959	-0.985510832531659	-0.8703870946110974	
0.5435390064658383	0.5749791538108613	0.9244831584866516	0.9215206619037821	0.3225146186111871	0.5825843235405791	0.9907971624683953	0.3453837779454177	0.9974049971556505	0.0	-0.3453837639612511	0.20789469821151957	0.021635778799630356	-0.3453837639612511	0.09822055651109696	0.42842689425250313	
0.8000000254465952	0.8221777839244379	0.9992600810984137	0.9989343424984649	0.6295955685693203	0.8274506332918191	0.8830755994320932	1.4901161193847656e-08	0.9608921101926959	0.3453837639612511	0.0	0.5329387254110616	0.36560726244992975	0.0	0.4358899341936754	0.7141427959083229	
0.35715987353566014	0.39232375474345205	0.8250301053093634	0.8206549435830397	0.11868232766914483	0.4008849331857481	0.9972890378933829	0.5329387380197362	0.9606455405866708	-0.20789469821151957	-0.5329387254110616	0.0	-0.18668297077638846	-0.5329387254110616	-0.11081490249419501	0.23121753322607413	
0.5252510497824718	0.5571428590522723	0.9160187006153478	0.9129031440383863	0.3019594643349435	0.5648630340026268	0.9934937472019133	0.3656072763194718	0.995613857100987	-0.021635778799630356	-0.36560726244992975	0.18668297077638846	0.0	-0.36560726244992975	0.0766664022692789	0.40877702757272866	
0.8000000254465952	0.8221777839244379	0.9992600810984137	0.9989343424984649	0.6295955685693203	0.8274506332918191	0.8830755994320932	1.4901161193847656e-08	0.9608921101926959	0.3453837639612511	0.0	0.5329387254110616	0.36560726244992975	0.0	0.4358899341936754	0.7141427959083229	
0.4584660617387872	0.4918380183276101	0.8825690540719693	0.8789228832168356	0.22798306399244522	0.49993658874584457	0.999300978052808	0.4358899476047201	0.985510832531659	-0.09822055651109696	-0.4358899341936754	0.11081490249419501	-0.0766664022692789	-0.4358899341936754	0.0	0.3376055277256749	
0.13151440281319515	0.16901242065300626	0.6720150704662443	0.6662936364498301	-0.1141170684138329	0.17819683239091738	0.9532507132132908	0.7141428063391364	0.8703870946110974	-0.42842689425250313	-0.7141427959083229	-0.23121753322607413	-0.40877702757272866	-0.7141427959083229	-0.3376055277256749	0.0	
