0.0	0.6599659916564794	0.0	0.5668311228857131	0.9378095873156299	0.9724382214886605	0.8180623904743871	0.9672340379203531	0.9415806743969127	0.7146501602240513	0.9977289210699108	0.9076681469551543	0.9989121301618482	0.9724382214886605	0.9214061600167602	0.892636641510094	
-0.6599659916564794	0.0	0.6599659916564794	0.9695600875835262	0.933679345501917	0.5767103117415115	0.23504067039831805	0.5591221503179007	0.48513698986940845	0.07527906156171471	0.7940427219425864	0.9589071851857177	0.719702538076143	0.8844665581383491	0.9487116808914988	0.9681313021437397	
-0.0	-0.6599659916564794	0.0	-0.5668311228857131	-0.9378095873156299	-0.9724382214886605	-0.8180623904743871	-0.9672340379203531	-0.9415806743969127	-0.7146501602240513	-0.9977289210699108	-0.9076681469551543	-0.9989121301618482	-0.9724382214886605	-0.9214061600167602	-0.892636641510094	
-0.5668311228857131	-0.9695600875835262	0.5668311228857131	0.0	-0.5758239645569053	-0.9332904140498622	-0.9999489127842048	-0.9407510236497498	-0.9666078320384188	-0.985241308134031	-0.7837828296286835	-0.5098753205328347	-0.8493703337646324	-0.6689649473961002	-0.5388146273094994	-0.4798700406258102	
-0.9378095873156299	-0.933679345501917	0.9378095873156299	0.5758239645569053	0.0	-0.5562423327362698	-0.8233523697870515	-0.5738724952681057	-0.6427123714095425	-0.9040718396815514	-0.2831933932956572	0.07849093875423091	-0.3905044910471499	-0.11892167973896456	0.044567462391002344	0.11286403035349307	
-0.9724382214886605	-0.5767103117415115	0.9724382214886605	0.9332904140498622	0.5562423327362698	0.0	-0.368537906209942	-0.021367910262462847	-0.10796546118295233	-0.5135747663266684	0.29813193057761067	0.6197537796148261	0.187560164772935	0.45346872517931597	0.5927260962432221	0.6464804720559851	
-0.8180623904743871	-0.23504067039831805	0.8180623904743871	0.9999489127842048	0.8233523697870515	0.368537906209942	0.0	0.3485898804784432	0.26601760532404606	-0.16120358480662184	0.6289257598338913	0.8653581875682829	0.5363558220603731	0.7500178821385618	0.8478276624181574	0.8821452923974125	
-0.9672340379203531	-0.5591221503179007	0.9672340379203531	0.9407510236497498	0.5738724952681057	0.021367910262462847	-0.3485898804784432	0.0	-0.08669780327173282	-0.495122881717209	0.31846005869985206	0.6363817347061146	0.20850603750778324	0.4724098134224769	0.6098005677777989	0.6626350989060279	
-0.9415806743969127	-0.48513698986940845	0.9415806743969127	0.9666078320384188	0.6427123714095425	0.10796546118295233	-0.26601760532404606	0.08669780327173282	0.0	-0.4179335321434402	0.3994449403240904	0.7008619949280758	0.29251321982759226	0.5470446526801857	0.6762172278972203	0.7250717114481189	
-0.7146501602240513	-0.07527906156171471	0.7146501602240513	0.985241308134031	0.9040718396815514	0.5135747663266684	0.16120358480662184	0.495122881717209	0.4179335321434402	0.0	0.7460303527975769	0.9348281199644833	0.665395447584141	0.8468314092112811	0.9222207983545545	0.9465311082750689	
-0.9977289210699108	-0.7940427219425864	0.9977289210699108	0.7837828296286835	0.2831933932956572	-0.29813193057761067	-0.6289257598338913	-0.31846005869985206	-0.3994449403240904	-0.7460303527975769	0.0	0.3575974341652429	-0.11381021288789478	0.16713038831755692	0.3256550022047064	0.3896276084864728	
-0.9076681469551543	-0.9589071851857177	0.9076681469551543	0.5098753205328347	-0.07849093875423091	-0.6197537796148261	-0.8653581875682829	-0.6363817347061146	-0.7008619949280758	-0.9348281199644833	-0.3575974341652429	0.0	-0.46155855564967957	-0.19648872442651008	-0.03398298428781782	0.03452640895149717	
-0.9989121301618482	-0.719702538076143	0.9989121301618482	0.8493703337646324	0.3905044910471499	-0.187560164772935	-0.5363558220603731	-0.20850603750778324	-0.29251321982759226	-0.665395447584141	0.11381021288789478	0.46155855564967957	0.0	0.2782539098087996	0.4311453282486817	0.4919120817291598	
-0.9724382214886605	-0.8844665581383491	0.9724382214886605	0.6689649473961002	0.11892167973896456	-0.45346872517931597	-0.7500178821385618	-0.4724098134224769	-0.5470446526801857	-0.8468314092112811	-0.16713038831755692	0.19648872442651008	-0.2782539098087996	0.0	0.16305471196182866	0.2302249291030712	
-0.9214061600167602	-0.9487116808914988	0.9214061600167602	0.5388146273094994	-0.044567462391002344	-0.5927260962432221	-0.8478276624181574	-0.6098005677777989	-0.6762172278972203	-0.9222207983545545	-0.3256550022047064	0.03398298428781782	-0.4311453282486817	-0.16305471196182866	0.0	0.06846919004794139	
-0.892636641510094	-0.9681313021437397	0.892636641510094	0.4798700406258102	-0.11286403035349307	-0.6464804720559851	-0.8821452923974125	-0.6626350989060279	-0.7250717114481189	-0.9465311082750689	-0.3896276084864728	-0.03452640895149717	-0.4919120817291598	-0.2302249291030712	-0.06846919004794139	0.0	
