0.0	0.9783196625307872	0.8500962815095771	0.5512811614912692	2.1073424255447017e-08	0.9991418179607781	0.996053267652543	0.8901737405136138	0.9757395090331271	0.9851671080472633	0.970125498405162	0.9180564298953542	0.9638979059618556	0.9533791224457543	0.9325863766007577	0.9128550200360908	
-0.9783196625307872	0.0	0.3391544338915272	0.7020605708243276	0.9783196581664692	-0.24744495297266195	-0.11945000434893044	0.2613877434644196	0.012111949705236352	-0.036151250248064565	-0.43825741798803275	-0.5779845616758806	0.06087543632056047	-0.49267791626974755	-0.5462605815601819	0.21037935366825702	
-0.8500962815095771	-0.3391544338915272	0.0	0.41893222236931094	0.8500962704117364	-0.5613864599505867	-0.44909644921503994	-0.08146787326295546	-0.32773547306209283	-0.3729413301193287	-0.7171310078507956	-0.8204940227162038	-0.28125803570433816	-0.7586134160280504	-0.7979650451991025	-0.1336537803475772	
-0.5512811614912692	-0.7020605708243276	-0.41893222236931094	0.0	0.5512811439092996	-0.8564376739239405	-0.7820963761659223	-0.4915139335309383	-0.6933839449075496	-0.7273455831587514	-0.943137457970834	-0.9845076804593694	-0.6574080614623528	-0.961785785235546	-0.9770582442409326	-0.5365335708826697	
-2.1073424255447017e-08	-0.9783196581664692	-0.8500962704117364	-0.5512811439092996	0.0	-0.999141818833642	-0.996053265782119	-0.8901737309121139	-0.9757395044194227	-0.985167104431112	-0.9701255035176509	-0.9180564382499075	-0.9638979003505906	-0.9533791288051902	-0.9325863842071442	-0.9128550114321515	
-0.9991418179607781	0.24744495297266195	0.5613864599505867	0.8564376739239405	0.999141818833642	0.0	0.129937958257009	0.4921013478469724	0.2591620940316437	0.2122561886259006	-0.20221269446957327	-0.35808348641196064	0.3059683635012694	-0.26202709260594986	-0.32200926803872615	0.4457440590135144	
-0.996053267652543	0.11945000434893044	0.44909644921503994	0.7820963761659223	0.996053265782119	-0.129937958257009	0.0	0.37481345537831845	0.13146647318347932	0.08347950831335686	-0.32775201249351454	-0.4763694164756236	0.1796680502886302	-0.3852036532757961	-0.44229632407952013	0.32564977581765164	
-0.8901737405136138	-0.2613877434644196	0.08146787326295546	0.4915139335309383	0.8901737309121139	-0.4921013478469724	-0.37481345537831845	0.0	-0.24967770582198634	-0.29611129374218137	-0.6579691532709119	-0.7711951488920884	-0.2021439323860608	-0.7030121006638103	-0.7462115929055315	-0.05247256043377041	
-0.9757395090331271	-0.012111949705236352	0.32773547306209283	0.6933839449075496	0.9757395044194227	-0.2591620940316437	-0.13146647318347932	0.24967770582198634	0.0	-0.04825263095477886	-0.4491120907920962	-0.5878260938312838	0.048781484434395256	-0.5031817380018174	-0.5563656663475579	0.19852303966343932	
-0.9851671080472633	0.036151250248064565	0.3729413301193287	0.7273455831587514	0.985167104431112	-0.2122561886259006	-0.08347950831335686	0.29611129374218137	0.04825263095477886	0.0	-0.4054764087726531	-0.5481056058876116	0.09691984695244787	-0.46089662510408	-0.5156226673319635	0.24558401401666097	
-0.970125498405162	0.43825741798803275	0.7171310078507956	0.943137457970834	0.9701255035176509	0.20221269446957327	0.32775201249351454	0.6579691532709119	0.4491120907920962	0.4054764087726531	0.0	-0.1618821807417876	0.49216246888718507	-0.061466552100234745	-0.12391493918429444	0.6175485197211726	
-0.9180564298953542	0.5779845616758806	0.8204940227162038	0.9845076804593694	0.9180564382499075	0.35808348641196064	0.4763694164756236	0.7711951488920884	0.5878260938312838	0.5481056058876116	0.1618821807417876	0.0	0.62658987434503	0.1009202708278914	0.03835401683302603	0.7367287550135256	
-0.9638979059618556	-0.06087543632056047	0.28125803570433816	0.6574080614623528	0.9638979003505906	-0.3059683635012694	-0.1796680502886302	0.2021439323860608	-0.048781484434395256	-0.09691984695244787	-0.49216246888718507	-0.62658987434503	0.0	-0.5447387007281861	-0.5962376670919562	0.1504761444081656	
-0.9533791224457543	0.49267791626974755	0.7586134160280504	0.961785785235546	0.9533791288051902	0.26202709260594986	0.3852036532757961	0.7030121006638103	0.5031817380018174	0.46089662510408	0.061466552100234745	-0.1009202708278914	0.5447387007281861	0.0	-0.06268781407366253	0.6647262828454525	
-0.9325863766007577	0.5462605815601819	0.7979650451991025	0.9770582442409326	0.9325863842071442	0.32200926803872615	0.44229632407952013	0.7462115929055315	0.5563656663475579	0.5156226673319635	0.12391493918429444	-0.03835401683302603	0.5962376670919562	0.06268781407366253	0.0	0.7102521393433294	
-0.9128550200360908	-0.21037935366825702	0.1336537803475772	0.5365335708826697	0.9128550114321515	-0.4457440590135144	-0.32564977581765164	0.05247256043377041	-0.19852303966343932	-0.24558401401666097	-0.6175485197211726	-0.7367287550135256	-0.1504761444081656	-0.6647262828454525	-0.7102521393433294	0.0	
