0.0	0.8622528441978632	0.8990482044423851	0.799651388670552	0.9660002592851574	0.981801747775928	0.2952694847821507	0.9707772098753356	0.34299763509015374	0.35279965033686367	0.541518476728263	0.46691829453294764	0.38122295445896626	-0.29526946464830583	0.34299763509015374	0.6196890747276357	
-0.8622528441978632	0.0	0.07781108103788079	-0.11274636242448993	0.2663301477477995	0.6610103995804669	0.9733559658835522	0.6986029734702924	-0.6362245884822243	-0.6281237413866585	-0.45061911887176387	-0.5260067126544762	-0.6040571436887894	-0.9733559610514309	-0.6362245884822243	-0.3628779831566702	
-0.8990482044423851	-0.07781108103788079	0.0	-0.18971947126857816	0.1905219771313224	0.6006186711776114	0.9882468945581768	0.6408103243582312	-0.6943271857036157	-0.6867651965760527	-0.5187161176619405	-0.5905887248935127	-0.6642365571431863	-0.9882468913367624	-0.6943271857036157	-0.4342849994875411	
-0.799651388670552	0.11274636242448993	0.18971947126857816	0.0	0.3733061479505113	0.7413979135419864	0.9412969937939011	0.7748196384605112	-0.5451836351399404	-0.5363892365550017	-0.3470953650596096	-0.4267642159052205	-0.5103533555850608	-0.9412969866799433	-0.5451836351399404	-0.25550300659710784	
-0.9660002592851574	-0.2663301477477995	-0.1905219771313224	-0.3733061479505113	0.0	0.4372879896864482	0.9992694784490624	0.48280897949448764	-0.8187200923933783	-0.8126721584712642	-0.6721008640143037	-0.7335169068273109	-0.7944891429724656	-0.9992694792544171	-0.8187200923933783	-0.5979477042233042	
-0.981801747775928	-0.6610103995804669	-0.6006186711776114	-0.7413979135419864	-0.4372879896864482	0.0	0.8819528906283597	0.051256182277254814	-0.9873802359770469	-0.9856705381408608	-0.9282288699394987	-0.9568796018692606	-0.9800567230050663	-0.8819529005610559	-0.9873802359770469	-0.8882489239064024	
-0.2952694847821507	-0.9733559658835522	-0.9882468945581768	-0.9412969937939011	-0.9992694784490624	-0.8819528906283597	0.0	-0.8566346329877677	-0.6050620816811286	-0.6133530570231821	-0.7656041026295481	-0.7072072219936081	-0.6371974094924262	-2.1073424255447017e-08	-0.6050620816811286	-0.8238011133094721	
-0.9707772098753356	-0.6986029734702924	-0.6408103243582312	-0.7748196384605112	-0.48280897949448764	-0.051256182277254814	0.8566346329877677	0.0	-0.9941996763438933	-0.9930209029127044	-0.9460765417656161	-0.9705109625857916	-0.9889539986254354	-0.8566346438600433	-0.9941996763438933	-0.9106265192737624	
-0.34299763509015374	0.6362245884822243	0.6943271857036157	0.5451836351399404	0.8187200923933783	0.9873802359770469	0.6050620816811286	0.9941996763438933	0.0	0.010455001190546265	0.22031365763630267	0.13528032072834584	0.041001019380752624	-0.6050620649029255	0.0	0.31289561794079435	
-0.35279965033686367	0.6281237413866585	0.6867651965760527	0.5363892365550017	0.8126721584712642	0.9856705381408608	0.6133530570231821	0.9930209029127044	-0.010455001190546265	0.0	0.21010350418504975	0.12491403479772661	0.030552568840592764	-0.6133530403792049	-0.010455001190546265	0.30294848697744303	
-0.541518476728263	0.45061911887176387	0.5187161176619405	0.3470953650596096	0.6721008640143037	0.9282288699394987	0.7656041026295481	0.9460765417656161	-0.22031365763630267	-0.21010350418504975	0.0	-0.08633203568867265	-0.18013481024777778	-0.7656040890727609	-0.22031365763630267	0.09595632268162774	
-0.46691829453294764	0.5260067126544762	0.5905887248935127	0.4267642159052205	0.7335169068273109	0.9568796018692606	0.7072072219936081	0.9705109625857916	-0.13528032072834584	-0.12491403479772661	0.08633203568867265	0.0	-0.094542452155158	-0.7072072070945636	-0.13528032072834584	0.18153172250991267	
-0.38122295445896626	0.6040571436887894	0.6642365571431863	0.5103533555850608	0.7944891429724656	0.9800567230050663	0.6371974094924262	0.9889539986254354	-0.041001019380752624	-0.030552568840592764	0.18013481024777778	0.094542452155158	0.0	-0.6371973932511247	-0.041001019380752624	0.2736902489751305	
0.29526946464830583	0.9733559610514309	0.9882468913367624	0.9412969866799433	0.9992694792544171	0.8819529005610559	2.1073424255447017e-08	0.8566346438600433	0.6050620649029255	0.6133530403792049	0.7656040890727609	0.7072072070945636	0.6371973932511247	0.0	0.6050620649029255	0.8238011013633917	
-0.34299763509015374	0.6362245884822243	0.6943271857036157	0.5451836351399404	0.8187200923933783	0.9873802359770469	0.6050620816811286	0.9941996763438933	0.0	0.010455001190546265	0.22031365763630267	0.13528032072834584	0.041001019380752624	-0.6050620649029255	0.0	0.31289561794079435	
-0.6196890747276357	0.3628779831566702	0.4342849994875411	0.25550300659710784	0.5979477042233042	0.8882489239064024	0.8238011133094721	0.9106265192737624	-0.31289561794079435	-0.30294848697744303	-0.09595632268162774	-0.18153172250991267	-0.2736902489751305	-0.8238011013633917	-0.31289561794079435	0.0	
