0.0	0.5912949017525481	0.9902406847631988	0.8693860483178031	0.8751980787240862	0.9984142843220083	0.9712210365217562	0.9936831809526246	0.8158421566164115	0.995412260405333	0.6050221920611897	0.8910856309133004	0.9930500278529852	0.8877608272301063	0.37432389803196564	-0.6050221752823478	
-0.5912949017525481	0.0	0.7161774890413073	0.9932996971534362	0.9918558552928011	0.7718907649743996	0.9240810678331772	0.7350049963681775	0.3160094716564923	0.7461812255185101	0.9587175145409206	0.9869712800770768	0.7312593033370945	0.4437635148847963	-0.24643105692205866	-0.958717508548477	
-0.9902406847631988	-0.7161774890413073	0.0	0.6104755074373551	0.6010179655597	0.08340306056379176	0.37121244491880206	0.02736084045848486	-0.45892895536645056	0.043983390385720966	0.8727587744106555	0.5735947418988503	0.021854810175990724	-0.3320874789896672	-0.8660795254893281	-0.872758784697684	
-0.8693860483178031	-0.9932996971534362	-0.6104755074373551	0.0	-0.011886359904659305	-0.5422903925033452	-0.2728424904039518	-0.5885762119524893	-0.9058788427061639	-0.575048336816641	0.3932509321239163	-0.04575724609563636	-0.5930199209589316	-0.8388551140368418	-0.9911459334008504	-0.39325095149947964	
-0.8751980787240862	-0.9918558552928011	-0.6010179655597	0.011886359904659305	0.0	-0.532265268125051	-0.2613878392095957	-0.5789252023739924	-0.9007805343892825	-0.5652832503185838	0.4041518407804171	-0.033880103565836206	-0.5834072750711605	-0.8323254563738841	-0.992654149148738	-0.40415186005610765	
-0.9984142843220083	-0.7718907649743996	-0.08340306056379176	0.5422903925033452	0.532265268125051	0.0	0.29247535983076123	-0.056106323878918674	-0.5314313635290174	-0.03949220064197173	0.8290046422485252	0.5032775592333876	-0.061604474441110835	-0.40960027087192113	-0.9047557246748086	-0.8290046540336631	
-0.9712210365217562	-0.9240810678331772	-0.37121244491880206	0.2728424904039518	0.2613878392095957	-0.29247535983076123	0.0	-0.3456676185020358	-0.7559497694495021	-0.33001252111268414	0.6291903816498918	0.22853555460732117	-0.35083054324005714	-0.6585047683588179	-0.9897677998055356	-0.6291903980292365	
-0.9936831809526246	-0.7350049963681775	-0.02736084045848486	0.5885762119524893	0.5789252023739924	0.056106323878918674	0.3456676185020358	0.0	-0.4830665096341485	0.016632561632359988	0.8590757909460118	0.5509676630343178	-0.005507677243022424	-0.35777122702330344	-0.8794331395384718	-0.8590758017324102	
-0.8158421566164115	-0.3160094716564923	0.45892895536645056	0.9058788427061639	0.9007805343892825	0.5314313635290174	0.7559497694495021	0.4830665096341485	0.0	0.49756288594846865	0.9994495464846691	0.8855501318867613	0.4782367505823746	0.13783334305676448	-0.5400667944802858	-0.9994495471837872	
-0.995412260405333	-0.7461812255185101	-0.043983390385720966	0.575048336816641	0.5652832503185838	0.03949220064197173	0.33001252111268414	-0.016632561632359988	-0.49756288594846865	0.0	0.8504436043855671	0.5370111323448066	-0.022139224722764417	-0.3732533765111988	-0.8872289593979388	-0.8504436154715836	
-0.6050221920611897	-0.9587175145409206	-0.8727587744106555	-0.3932509321239163	-0.4041518407804171	-0.8290046422485252	-0.6291903816498918	-0.8590757909460118	-0.9994495464846691	-0.8504436043855671	0.0	-0.43490967565669175	-0.8618818568152189	-0.9853375659583903	-0.8590757909460123	-2.1073424255447017e-08	
-0.8910856309133004	-0.9869712800770768	-0.5735947418988503	0.04575724609563636	0.033880103565836206	-0.5032775592333876	-0.22853555460732117	-0.5509676630343178	-0.8855501318867613	-0.5370111323448066	0.43490967565669175	0.0	-0.555555609428805	-0.8130683132751844	-0.9961833069965855	-0.434909694632764	
-0.9930500278529852	-0.7312593033370945	-0.021854810175990724	0.5930199209589316	0.5834072750711605	0.061604474441110835	0.35083054324005714	0.005507677243022424	-0.4782367505823746	0.022139224722764417	0.8618818568152189	0.555555609428805	0.0	-0.35262268051995116	-0.8767980229508847	-0.8618818675017444	
-0.8877608272301063	-0.4437635148847963	0.3320874789896672	0.8388551140368418	0.8323254563738841	0.40960027087192113	0.6585047683588179	0.35777122702330344	-0.13783334305676448	0.3732533765111988	0.9853375659583903	0.8130683132751844	0.35262268051995116	0.0	-0.6509156877618907	-0.9853375695538572	
-0.37432389803196564	0.24643105692205866	0.8660795254893281	0.9911459334008504	0.992654149148738	0.9047557246748086	0.9897677998055356	0.8794331395384718	0.5400667944802858	0.8872289593979388	0.8590757909460123	0.9961833069965855	0.8767980229508847	0.6509156877618907	0.0	-0.8590757801596135	
0.6050221752823478	0.958717508548477	0.872758784697684	0.39325095149947964	0.40415186005610765	0.8290046540336631	0.6291903980292365	0.8590758017324102	0.9994495471837872	0.8504436154715836	2.1073424255447017e-08	0.434909694632764	0.8618818675017444	0.9853375695538572	0.8590757801596135	0.0	
