0.0	-0.999405290395279	-0.9946348392178133	-0.6515325182552624	-0.5613384061434925	-0.4429389647773822	-0.8101612596899319	-0.8660254037844386	-0.1848933830934665	-0.9946348392178133	-0.9745574440225425	-0.9998513557612041	-0.999405290395279	-0.9506240952514332	-0.8850388488446713	-0.0	
0.999405290395279	0.0	0.1376845334789709	0.7806362330894837	0.8464507293488117	0.9112923692848446	0.613795103339184	-0.4698396388612699	-0.9757984822792902	-0.06908888633943547	0.25761007910513295	0.051708864932452914	0.06892464444866161	-0.2773799211379487	-0.4347216792528292	-0.999405290395279	
0.9946348392178133	-0.1376845334789709	0.0	0.6871506984844826	0.7650767670196559	0.845920371448749	0.4992522289350327	-0.5869062161217304	-0.996612820942223	-0.20578643034224378	0.12211909798341058	-0.08628394279758694	-0.06908888633943547	-0.40702002705125684	-0.5545752998194232	-0.9946348392178133	
0.6515325182552624	-0.7806362330894837	-0.6871506984844826	0.0	0.11335649060504449	0.24810996065121443	-0.2326721369426426	-0.9827510635500525	-0.780563124957847	-0.8219504721271209	-0.5932863415494376	-0.7472746004075037	-0.7357028636156001	-0.9233627840499475	-0.9747083719543126	-0.6515325182552624	
0.5613384061434925	-0.8464507293488117	-0.7650767670196559	-0.11335649060504449	0.0	0.13669869233754484	-0.3414178686332967	-0.9973800201669067	-0.7046753809483902	-0.8812156978710186	-0.6807132547845018	-0.8177850821427451	-0.8077376562535952	-0.9609319370423559	-0.9937587515287203	-0.5613384061434925	
0.4429389647773822	-0.9112923692848446	-0.845920371448749	-0.24810996065121443	-0.13669869233754484	0.0	-0.46669755570602595	-0.9979060896603058	-0.6010685599621703	-0.9375628766446337	-0.7744618002835562	-0.8887816067793486	-0.8807447916873071	-0.9897474715073691	-0.9996788386543094	-0.4429389647773822	
0.8101612596899319	-0.613795103339184	-0.4992522289350327	0.2326721369426426	0.3414178686332967	0.46669755570602595	0.0	-0.9127508475781091	-0.904578742455864	-0.6668717281316187	-0.3897046419607284	-0.572151611140961	-0.5579217981777487	-0.8086918178947475	-0.8959600109877826	-0.8101612596899319	
0.8660254037844386	0.4698396388612699	0.5869062161217304	0.9827510635500525	0.9973800201669067	0.9979060896603058	0.9127508475781091	0.0	-0.7586472090695203	0.40772862309608277	0.681387818205104	0.5148571810487871	0.5295656515340091	0.206545658087245	0.03936972886648599	-0.8660254037844386	
0.1848933830934665	0.9757984822792902	0.996612820942223	0.780563124957847	0.7046753809483902	0.6010685599621703	0.904578742455864	0.7586472090695203	0.0	0.9583590339236353	0.9991963054557612	0.9858003273529719	0.9885497762869366	0.8768533104287211	0.7837084824415212	-0.1848933830934665	
0.9946348392178133	0.06908888633943547	0.20578643034224378	0.8219504721271209	0.8812156978710186	0.9375628766446337	0.6668717281316187	-0.40772862309608277	-0.9583590339236353	0.0	0.32375158627084516	0.1205817663673551	0.1376845334789709	-0.21033926397547453	-0.3714638922588546	-0.9946348392178133	
0.9745574440225425	-0.25761007910513295	-0.12211909798341058	0.5932863415494376	0.6807132547845018	0.7744618002835562	0.3897046419607284	-0.681387818205104	-0.9991963054557612	-0.32375158627084516	0.0	-0.2073018119878052	-0.19039908275601106	-0.5155195998017648	-0.6520439532575188	-0.9745574440225425	
0.9998513557612041	-0.051708864932452914	0.08628394279758694	0.7472746004075037	0.8177850821427451	0.8887816067793486	0.572151611140961	-0.5148571810487871	-0.9858003273529719	-0.1205817663673551	0.2073018119878052	0.0	0.017246542708121662	-0.32668866804224367	-0.48070729592055467	-0.9998513557612041	
0.999405290395279	-0.06892464444866161	0.06908888633943547	0.7357028636156001	0.8077376562535952	0.8807447916873071	0.5579217981777487	-0.5295656515340091	-0.9885497762869366	-0.1376845334789709	0.19039908275601106	-0.017246542708121662	0.0	-0.3429403383172704	-0.4957589666937882	-0.999405290395279	
0.9506240952514332	0.2773799211379487	0.40702002705125684	0.9233627840499475	0.9609319370423559	0.9897474715073691	0.8086918178947475	-0.206545658087245	-0.8768533104287211	0.21033926397547453	0.5155195998017648	0.32668866804224367	0.3429403383172704	0.0	-0.16786472769520294	-0.9506240952514332	
0.8850388488446713	0.4347216792528292	0.5545752998194232	0.9747083719543126	0.9937587515287203	0.9996788386543094	0.8959600109877826	-0.03936972886648599	-0.7837084824415212	0.3714638922588546	0.6520439532575188	0.48070729592055467	0.4957589666937882	0.16786472769520294	0.0	-0.8850388488446713	
0.0	0.999405290395279	0.9946348392178133	0.6515325182552624	0.5613384061434925	0.4429389647773822	0.8101612596899319	0.8660254037844386	0.1848933830934665	0.9946348392178133	0.9745574440225425	0.9998513557612041	0.999405290395279	0.9506240952514332	0.8850388488446713	0.0	
