0.0	0.8665412258126709	0.9973066083036375	0.9854533110045863	0.7978452831045704	0.4288011652111863	0.7782883947753103	0.9317312795638483	0.9991531898978976	0.7978452831045706	0.0	0.6324546148907191	0.9999215915117338	0.9883716948367555	0.9899634279590304	0.7695053213168237	
-0.8665412258126709	0.0	0.5613179197752086	0.3445796274803932	-0.12419602954451608	-0.5688153629293533	-0.1556592620629652	0.15034907576393475	0.5343366117215929	0.9206139735709682	0.8665412258126709	0.9868821754017227	0.48821518257956675	0.3615379180501913	0.37163331237673014	-0.16934389393132077	
-0.9973066083036375	-0.5613179197752086	0.0	-0.24176698898451976	-0.6597566954398211	-0.9324162248020653	-0.6832995543682631	-0.43050846942993926	-0.03224907866965543	0.5427203356461474	0.9973066083036375	0.7261235676033981	-0.08582820714059325	-0.224140044467611	-0.2135522791346331	-0.6933598688828867	
-0.9854533110045863	-0.3445796274803932	0.24176698898451976	0.0	-0.4585016928592377	-0.817384225264495	-0.4865057169520126	-0.1995215202182063	0.21034884874658694	0.7296835270364026	0.9854533110045863	0.8708129622062155	0.1575928006367573	0.0181249172103983	0.028972711497216252	-0.49857565349113414	
-0.7978452831045704	0.12419602954451608	0.6597566954398211	0.4585016928592377	0.0	-0.4622645064712744	-0.03177192119277006	0.27196931827522336	0.6351790173952964	0.9619816206025121	0.7978452831045704	0.9992919146445451	0.592824042042505	0.4745338716078523	0.4840570765432568	-0.04563051381387623	
-0.4288011652111863	0.5688153629293533	0.9324162248020653	0.817384225264495	0.4622645064712744	0.0	0.4338576303011153	0.6860065131422267	0.9202768688900262	0.9792805853543753	0.4288011652111863	0.9035070747032998	0.8979584340154261	0.8276915898178723	0.8337320630789233	0.4213205081378014	
-0.7782883947753103	0.1556592620629652	0.6832995543682631	0.4865057169520126	0.03177192119277006	-0.4338576303011153	0.0	0.3024063211815438	0.6593978624594206	0.9701733220116702	0.7782883947753103	0.9999828478504553	0.6181116972340316	0.5022611291733174	0.511614286307462	-0.013868649921226384	
-0.9317312795638483	-0.15034907576393475	0.43050846942993926	0.1995215202182063	-0.27196931827522336	-0.6860065131422267	-0.3024063211815438	0.0	0.4011769618732334	0.8514419310752444	0.9317312795638483	0.9513915791844504	0.35145248786236394	0.21724923241737565	0.22782793172989105	-0.3155965448474675	
-0.9991531898978976	-0.5343366117215929	0.03224907866965543	-0.21034884874658694	-0.6351790173952964	-0.9202768688900262	-0.6593978624594206	-0.4011769618732334	0.0	0.5695244823961195	0.9991531898978976	0.7479191968158282	-0.05365348673524589	-0.19259489736935534	-0.18193605750555675	-0.669760815316181	
-0.7978452831045706	-0.9206139735709682	-0.5427203356461474	-0.7296835270364026	-0.9619816206025121	-0.9792805853543753	-0.9701733220116702	-0.8514419310752444	-0.5695244823961195	0.0	0.7978452831045706	0.23672587800311579	-0.6128059384155324	-0.7171701152315316	-0.709566101950146	-0.9734419476073544	
-0.0	-0.8665412258126709	-0.9973066083036375	-0.9854533110045863	-0.7978452831045704	-0.4288011652111863	-0.7782883947753103	-0.9317312795638483	-0.9991531898978976	-0.7978452831045706	0.0	-0.6324546148907191	-0.9999215915117338	-0.9883716948367555	-0.9899634279590304	-0.7695053213168237	
-0.6324546148907191	-0.9868821754017227	-0.7261235676033981	-0.8708129622062155	-0.9992919146445451	-0.9035070747032998	-0.9999828478504553	-0.9513915791844504	-0.7479191968158282	-0.23672587800311579	0.6324546148907191	0.0	-0.7824565409963167	-0.8617594424048688	-0.8562039932915544	-0.9999679033067723	
-0.9999215915117338	-0.48821518257956675	0.08582820714059325	-0.1575928006367573	-0.592824042042505	-0.8979584340154261	-0.6181116972340316	-0.35145248786236394	0.05365348673524589	0.6128059384155324	0.9999215915117338	0.7824565409963167	0.0	-0.139668481357147	-0.12891596986955609	-0.6289542616557092	
-0.9883716948367555	-0.3615379180501913	0.224140044467611	-0.0181249172103983	-0.4745338716078523	-0.8276915898178723	-0.5022611291733174	-0.21724923241737565	0.19259489736935534	0.7171701152315316	0.9883716948367555	0.8617594424048688	0.139668481357147	0.0	0.010850643733227722	-0.5142052680006118	
-0.9899634279590304	-0.37163331237673014	0.2135522791346331	-0.028972711497216252	-0.4840570765432568	-0.8337320630789233	-0.511614286307462	-0.22782793172989105	0.18193605750555675	0.709566101950146	0.9899634279590304	0.8562039932915544	0.12891596986955609	-0.010850643733227722	0.0	-0.5234812374532486	
-0.7695053213168237	0.16934389393132077	0.6933598688828867	0.49857565349113414	0.04563051381387623	-0.4213205081378014	0.013868649921226384	0.3155965448474675	0.669760815316181	0.9734419476073544	0.7695053213168237	0.9999679033067723	0.6289542616557092	0.5142052680006118	0.5234812374532486	0.0	
