0.0	0.40908104558067615	0.9826037717759775	0.45705538652006805	-0.7260498234159343	-0.7260498234159343	-0.627009758026583	-0.7856962629511928	-0.9826037773106968	-0.6396008938618352	-0.4454491181723115	-0.614363356446469	-0.614363356446469	-0.47194139312555644	-0.47194139312555644	-0.8761815942733236	
-0.40908104558067615	0.0	0.8206518002059799	0.053209827566762125	-0.9438203989425922	-0.9438203989425922	-0.8908239824572641	-0.970008944969805	-0.8206518172358785	-0.898098099264676	-0.7727246818974347	-0.8833798172601619	-0.8833798172601619	-0.7913036935154463	-0.7913036935154463	-0.9966833459142321	
-0.9826037717759775	-0.8206518002059799	0.0	-0.7890836106099267	-0.8105176048524331	-0.8105176048524331	-0.8819042641481297	-0.75376602927194	-2.980232238769532e-08	-0.8741176318586423	-0.9624585898123471	-0.8893933117477403	-0.8893933117477403	-0.953939186926649	-0.953939186926649	-0.6363159944122655	
-0.45705538652006805	-0.053209827566762125	0.7890836106099267	0.0	-0.9600669979170101	-0.9600669979170101	-0.9137378095469901	-0.9815684567581026	-0.7890836289170703	-0.9202272378180361	-0.8054044814587646	-0.9070655792308958	-0.9070655792308958	-0.822716424973686	-0.822716424973686	-0.9996014842878995	
0.7260498234159343	0.9438203989425922	0.8105176048524331	0.9600669979170101	0.0	0.0	0.13444278533648607	-0.0911343547735764	-0.8105175873967873	0.11830319711804904	0.3437281094731602	0.15040807394678002	0.15040807394678002	0.3155804806960216	0.3155804806960216	-0.25255703158751885	
0.7260498234159343	0.9438203989425922	0.8105176048524331	0.9600669979170101	0.0	0.0	0.13444278533648607	-0.0911343547735764	-0.8105175873967873	0.11830319711804904	0.3437281094731602	0.15040807394678002	0.15040807394678002	0.3155804806960216	0.3155804806960216	-0.25255703158751885	
0.627009758026583	0.8908239824572641	0.8819042641481297	0.9137378095469901	-0.13444278533648607	-0.13444278533648607	0.0	-0.2241902945286815	-0.8819042500984643	-0.016269498724146403	0.21435644435901988	0.016129208800276185	0.016129208800276185	0.1851428388196668	0.1851428388196668	-0.3803485771252243	
0.7856962629511928	0.970008944969805	0.75376602927194	0.9815684567581026	0.0911343547735764	0.0911343547735764	0.2241902945286815	0.0	-0.7537660096875558	0.20830525642713255	0.4278791882240609	0.2398797769614981	0.2398797769614981	0.40074450721264365	0.40074450721264365	-0.16332608013574873	
0.9826037773106968	0.8206518172358785	2.980232238769532e-08	0.7890836289170703	0.8105175873967873	0.8105175873967873	0.8819042500984643	0.7537660096875558	0.0	0.8741176173832285	0.9624585817231455	0.8893932981238232	0.8893932981238232	0.9539391779859507	0.9539391779859507	0.636315971421904	
0.6396008938618352	0.898098099264676	0.8741176318586423	0.9202272378180361	-0.11830319711804904	-0.11830319711804904	0.016269498724146403	-0.20830525642713255	-0.8741176173832285	0.0	0.23021939519915813	0.03239445630596999	0.03239445630596999	0.20110655931635224	0.20110655931635224	-0.36525149991128325	
0.4454491181723115	0.7727246818974347	0.9624585898123471	0.8054044814587646	-0.3437281094731602	-0.3437281094731602	-0.21435644435901988	-0.4278791882240609	-0.9624585817231455	-0.23021939519915813	0.0	-0.19857426651111137	-0.19857426651111137	-0.029811281959833902	-0.029811281959833902	-0.5697536678920806	
0.614363356446469	0.8833798172601619	0.8893933117477403	0.9070655792308958	-0.15040807394678002	-0.15040807394678002	-0.016129208800276185	-0.2398797769614981	-0.8893932981238232	-0.03239445630596999	0.19857426651111137	0.0	0.0	0.16926839375211628	0.16926839375211628	-0.3952160890178342	
0.614363356446469	0.8833798172601619	0.8893933117477403	0.9070655792308958	-0.15040807394678002	-0.15040807394678002	-0.016129208800276185	-0.2398797769614981	-0.8893932981238232	-0.03239445630596999	0.19857426651111137	0.0	0.0	0.16926839375211628	0.16926839375211628	-0.3952160890178342	
0.47194139312555644	0.7913036935154463	0.953939186926649	0.822716424973686	-0.3155804806960216	-0.3155804806960216	-0.1851428388196668	-0.40074450721264365	-0.9539391779859507	-0.20110655931635224	0.029811281959833902	-0.16926839375211628	-0.16926839375211628	0.0	0.0	-0.5450010636558839	
0.47194139312555644	0.7913036935154463	0.953939186926649	0.822716424973686	-0.3155804806960216	-0.3155804806960216	-0.1851428388196668	-0.40074450721264365	-0.9539391779859507	-0.20110655931635224	0.029811281959833902	-0.16926839375211628	-0.16926839375211628	0.0	0.0	-0.5450010636558839	
0.8761815942733236	0.9966833459142321	0.6363159944122655	0.9996014842878995	0.25255703158751885	0.25255703158751885	0.3803485771252243	0.16332608013574873	-0.636315971421904	0.36525149991128325	0.5697536678920806	0.3952160890178342	0.3952160890178342	0.5450010636558839	0.5450010636558839	0.0	
