0.0	0.9249384160105103	0.9998460940607253	0.9855145973878541	0.9874559567701621	0.3680034445445128	0.3680034445445128	0.4465938116709347	0.0	0.9874559567701621	0.8609013851660918	0.6564312610407317	0.44659381167093504	0.9544891432214573	0.9647527828895944	0.6564312610407317	
-0.9249384160105103	0.0	0.36383146753346507	0.21774996373110492	0.5213916520660968	0.9999146944492034	0.9999146944492034	0.9973343477698275	0.9249384160105103	0.5213916520660968	-0.14333939405281215	-0.4482397708017011	-0.6578185562908827	0.08695866966142257	0.12331409521221995	-0.4482397708017011	
-0.9998460940607253	-0.36383146753346507	0.0	-0.1522747559046835	0.17519421197439422	0.936137534526537	0.936137534526537	0.9024341034497353	0.9998460940607253	0.17519421197439422	-0.49358999446090657	-0.7427533781559804	-0.8867641151044856	-0.28145430550954015	-0.24619185496405796	-0.7427533781559804	
-0.9855145973878541	-0.21774996373110492	0.1522747559046835	0.0	0.32307079057590543	0.9787654779488901	0.9787654779488901	0.9575143129307693	0.9855145973878541	0.32307079057590543	-0.355401294751731	-0.632133675515756	-0.8060380702607546	-0.13205304902813936	-0.09573290616503824	-0.632133675515756	
-0.9874559567701621	-0.5213916520660968	-0.17519421197439422	-0.32307079057590543	0.0	0.8600548789074897	0.8600548789074897	0.8129984054188661	0.9874559567701621	0.0	-0.6383215614738893	-0.8485698050975662	-0.9540279891920473	-0.44521322477833936	-0.4121861551383637	-0.8485698050975662	
-0.3680034445445128	-0.9999146944492034	-0.936137534526537	-0.9787654779488901	-0.8600548789074897	0.0	0.0	-0.08598760525164789	0.3680034445445128	-0.8600548789074897	-0.9877169338366261	-0.8879824096721101	-0.7445200647092232	-0.9972627518376013	-0.993893708392186	-0.8879824096721101	
-0.3680034445445128	-0.9999146944492034	-0.936137534526537	-0.9787654779488901	-0.8600548789074897	0.0	0.0	-0.08598760525164789	0.3680034445445128	-0.8600548789074897	-0.9877169338366261	-0.8879824096721101	-0.7445200647092232	-0.9972627518376013	-0.993893708392186	-0.8879824096721101	
-0.4465938116709347	-0.9973343477698275	-0.9024341034497353	-0.9575143129307693	-0.8129984054188661	0.08598760525164789	0.08598760525164789	0.0	0.4465938116709347	-0.8129984054188661	-0.9974945270420349	-0.9242372644201076	-0.7991678489374048	-0.9872112429978792	-0.9807245109153669	-0.9242372644201076	
-0.0	-0.9249384160105103	-0.9998460940607253	-0.9855145973878541	-0.9874559567701621	-0.3680034445445128	-0.3680034445445128	-0.4465938116709347	0.0	-0.9874559567701621	-0.8609013851660918	-0.6564312610407317	-0.44659381167093504	-0.9544891432214573	-0.9647527828895944	-0.6564312610407317	
-0.9874559567701621	-0.5213916520660968	-0.17519421197439422	-0.32307079057590543	0.0	0.8600548789074897	0.8600548789074897	0.8129984054188661	0.9874559567701621	0.0	-0.6383215614738893	-0.8485698050975662	-0.9540279891920473	-0.44521322477833936	-0.4121861551383637	-0.8485698050975662	
-0.8609013851660918	0.14333939405281215	0.49358999446090657	0.355401294751731	0.6383215614738893	0.9877169338366261	0.9877169338366261	0.9974945270420349	0.8609013851660918	0.6383215614738893	0.0	-0.31547806353790625	-0.5430657990319914	0.22885711191031927	0.26428608700590983	-0.31547806353790625	
-0.6564312610407317	0.4482397708017011	0.7427533781559804	0.632133675515756	0.8485698050975662	0.8879824096721101	0.8879824096721101	0.9242372644201076	0.6564312610407317	0.8485698050975662	0.31547806353790625	0.0	-0.2504291665776672	0.5242753199355272	0.5550507843769307	0.0	
-0.44659381167093504	0.6578185562908827	0.8867641151044856	0.8060380702607546	0.9540279891920473	0.7445200647092232	0.7445200647092232	0.7991678489374048	0.44659381167093504	0.9540279891920473	0.5430657990319914	0.2504291665776672	0.0	0.7208219081297332	0.7456751527377203	0.2504291665776672	
-0.9544891432214573	-0.08695866966142257	0.28145430550954015	0.13205304902813936	0.44521322477833936	0.9972627518376013	0.9972627518376013	0.9872112429978792	0.9544891432214573	0.44521322477833936	-0.22885711191031927	-0.5242753199355272	-0.7208219081297332	0.0	0.03655199735332704	-0.5242753199355272	
-0.9647527828895944	-0.12331409521221995	0.24619185496405796	0.09573290616503824	0.4121861551383637	0.993893708392186	0.993893708392186	0.9807245109153669	0.9647527828895944	0.4121861551383637	-0.26428608700590983	-0.5550507843769307	-0.7456751527377203	-0.03655199735332704	0.0	-0.5550507843769307	
-0.6564312610407317	0.4482397708017011	0.7427533781559804	0.632133675515756	0.8485698050975662	0.8879824096721101	0.8879824096721101	0.9242372644201076	0.6564312610407317	0.8485698050975662	0.31547806353790625	0.0	-0.2504291665776672	0.5242753199355272	0.5550507843769307	0.0	
