0.0	0.22816104003262339	0.36004089203434264	0.49410505862001636	0.9662824398922261	0.968771818879753	0.9407689292626125	0.8045611860880206	0.9637197791647348	0.533724507566389	0.46010956672474296	0.3148554502704085	-0.2524992984931118	-0.1300873298610124	-0.33894378636407296	-0.8045611860880206	
-0.22816104003262339	0.0	0.13768447278871426	0.2827085399779782	0.8820472799864797	0.8866454876175986	0.8385970136896979	0.9188375468531077	0.8774002877249405	0.3267003709460157	0.24539789405760573	0.08999395028883223	-0.46660718293354064	-0.352878320080276	-0.5446590227815764	-0.9188375468531077	
-0.36004089203434264	-0.13768447278871426	0.0	0.14794831061533364	0.8087752456548193	0.814529049825814	0.7556064032667371	0.9644219155004967	0.8029886808331849	0.19345947729879037	0.10958634110685328	-0.04798893156291467	-0.5839403325012422	-0.47834468013150944	-0.6549418948340946	-0.9644219155004967	
-0.49410505862001636	-0.2827085399779782	-0.14794831061533364	0.0	0.71286370877254	0.7197370511796448	0.6503810472551413	0.992921322921037	0.7059755200141	0.04617716351308951	-0.03867690561380936	-0.1952386724778974	-0.697618057099879	-0.6030046317929001	-0.7595357883056554	-0.992921322921037	
-0.9662824398922261	-0.8820472799864797	-0.8087752456548193	-0.71286370877254	0.0	0.009850136218714445	-0.08538314286557869	0.7810079268603211	-0.009773443775106194	-0.6797191079926288	-0.7394545360890554	-0.8360665765374503	-0.9999867099540454	-0.9915669590885487	-0.9963576804323977	-0.7810079268603211	
-0.968771818879753	-0.8866454876175986	-0.814529049825814	-0.7197370511796448	-0.009850136218714445	0.0	-0.09519316601612537	0.7748184192069414	-0.01962263539248993	-0.6869109364692261	-0.7460498380722467	-0.8414300763054396	-0.9999889799096904	-0.9927953867037227	-0.995469399162856	-0.7748184192069414	
-0.9407689292626125	-0.8385970136896979	-0.7556064032667371	-0.6503810472551413	0.08538314286557869	0.09519316601612537	0.0	0.8314794108060803	0.07564131182953465	-0.6146107152805146	-0.679273703202774	-0.786169838907224	-0.9958947512120133	-0.9768806846678548	-0.9999999938167816	-0.8314794108060803	
-0.8045611860880206	-0.9188375468531077	-0.9644219155004967	-0.992921322921037	-0.7810079268603211	-0.7748184192069414	-0.8314794108060803	0.0	-0.787074346917063	-0.9973467830065297	-0.9875845798840197	-0.9506240422275903	-0.6285393532048805	-0.7204695274831636	-0.5556480290442731	-0.0	
-0.9637197791647348	-0.8774002877249405	-0.8029886808331849	-0.7059755200141	0.009773443775106194	0.01962263539248993	-0.07564131182953465	0.787074346917063	0.0	-0.6725180913513138	-0.7328396729638532	-0.8306646600725849	-0.9998885616605229	-0.9902530073410395	-0.9971434976111277	-0.787074346917063	
-0.533724507566389	-0.3267003709460157	-0.19345947729879037	-0.04617716351308951	0.6797191079926288	0.6869109364692261	0.6146107152805146	0.9973467830065297	0.6725180913513138	0.0	-0.08477825994435259	-0.2403189238093241	-0.7299584295067283	-0.6391986496637531	-0.7887622179709805	-0.9973467830065297	
-0.46010956672474296	-0.24539789405760573	-0.10958634110685328	0.03867690561380936	0.7394545360890554	0.7460498380722467	0.679273703202774	0.9875845798840197	0.7328396729638532	0.08477825994435259	0.0	-0.1571599908053877	-0.669385240561378	-0.5716994196229586	-0.7338094864187116	-0.9875845798840197	
-0.3148554502704085	-0.08999395028883223	0.04798893156291467	0.1952386724778974	0.8360665765374503	0.8414300763054396	0.786169838907224	0.9506240422275903	0.8306646600725849	0.2403189238093241	0.1571599908053877	0.0	-0.5443103053336162	-0.4356510193353314	-0.6179230756522593	-0.9506240422275903	
0.2524992984931118	0.46660718293354064	0.5839403325012422	0.697618057099879	0.9999867099540454	0.9999889799096904	0.9958947512120133	0.6285393532048805	0.9998885616605229	0.7299584295067283	0.669385240561378	0.5443103053336162	0.0	0.12448157559171014	-0.0904080037280976	-0.6285393532048805	
0.1300873298610124	0.352878320080276	0.47834468013150944	0.6030046317929001	0.9915669590885487	0.9927953867037227	0.9768806846678548	0.7204695274831636	0.9902530073410395	0.6391986496637531	0.5716994196229586	0.4356510193353314	-0.12448157559171014	0.0	-0.21367660301893593	-0.7204695274831636	
0.33894378636407296	0.5446590227815764	0.6549418948340946	0.7595357883056554	0.9963576804323977	0.995469399162856	0.9999999938167816	0.5556480290442731	0.9971434976111277	0.7887622179709805	0.7338094864187116	0.6179230756522593	0.0904080037280976	0.21367660301893593	0.0	-0.5556480290442731	
0.8045611860880206	0.9188375468531077	0.9644219155004967	0.992921322921037	0.7810079268603211	0.7748184192069414	0.8314794108060803	0.0	0.787074346917063	0.9973467830065297	0.9875845798840197	0.9506240422275903	0.6285393532048805	0.7204695274831636	0.5556480290442731	0.0	
