0.0	0.9255325025000845	0.9127803976940688	0.5046256304913106	0.599794577688211	0.6675154882523593	0.6302935053357287	0.4799985824769999	-0.05204090526623367	0.7318486921418025	0.97964404672619	0.7989110641167696	0.9398278177786696	0.910380356618046	0.26210212954037143	-0.912780397694069	
-0.9255325025000845	0.0	0.7236752533919916	-0.6079619654102966	-0.5134454394824809	-0.436380846495076	-0.47987148939511515	-0.6301810296205064	-0.9439845980248347	-0.3535921984025466	0.18516633712835973	-0.2541385665389759	0.03967612681609828	-0.0382277447157327	-0.7939262816115837	-0.7236752533919917	
-0.9127803976940688	-0.7236752533919916	0.0	-0.9941529261246953	-0.975351403649491	-0.9522996981014985	-0.9660871970481628	-0.9968099274158326	-0.8902873959273178	-0.9209539512737267	-0.583370059340411	-0.8753067735696747	-0.6957233177898082	-0.7495288057516559	-0.987925512728085	-0.0	
-0.5046256304913106	0.6079619654102966	0.9941529261246953	0.0	0.11404738503175256	0.20054948678886786	0.1523868962110574	-0.02829140816590142	-0.5488707448172114	0.2879471898414149	0.7444644005565358	0.3862238283269166	0.6389847532706858	0.5771660418818707	-0.2607011898085739	-0.9941529261246955	
-0.599794577688211	0.5134454394824809	0.975351403649491	-0.11404738503175256	0.0	0.08751061413140362	0.03867720304473843	-0.14210854944823564	-0.6406225682948554	0.17685136893040673	0.6634618788956534	0.27850594931569717	0.547088115541517	0.48026605991849974	-0.36910376975508785	-0.9753514036494912	
-0.6675154882523593	0.436380846495076	0.9522996981014985	-0.20054948678886786	-0.08751061413140362	0.0	-0.04891631360424217	-0.22818583827825933	-0.7053604194150319	0.09004165990836765	0.5954402409658479	0.19338927225467412	0.471736310357665	0.40166600089198845	-0.44901906656628643	-0.9522996981014987	
-0.6302935053357287	0.47987148939511515	0.9660871970481628	-0.1523868962110574	-0.03867720304473843	0.04891631360424217	0.0	-0.1802868889251033	-0.6698417465804047	0.1386514848185298	0.6340267747412924	0.241150638885404	0.5143030400938633	0.44598204526951396	-0.4047737261814016	-0.966087197048163	
-0.4799985824769999	0.6301810296205064	0.9968099274158326	0.02829140816590142	0.14210854944823564	0.22818583827825933	0.1802868889251033	0.0	-0.5250020489637588	0.31492509181995687	0.7630555074661101	0.41216536884272226	0.6604912791850923	0.6000385353349046	-0.23328375753643227	-0.9968099274158329	
0.05204090526623367	0.9439845980248347	0.8902873959273178	0.5488707448172114	0.6406225682948554	0.7053604194150319	0.6698417465804047	0.5250020489637588	0.0	0.7663211714883691	0.9887634041757154	0.829128462491292	0.9563340032148753	0.9306798400988692	0.311968531656527	-0.890287395927318	
-0.7318486921418025	0.3535921984025466	0.9209539512737267	-0.2879471898414149	-0.17685136893040673	-0.09004165990836765	-0.1386514848185298	-0.31492509181995687	-0.7663211714883691	0.0	0.520682128923846	0.10426186188400843	0.39042681348493063	0.31757552102315584	-0.5276493708703962	-0.9209539512737269	
-0.97964404672619	-0.18516633712835973	0.583370059340411	-0.7444644005565358	-0.6634618788956534	-0.5954402409658479	-0.6340267747412924	-0.7630555074661101	-0.9887634041757154	-0.520682128923846	0.0	-0.4288307197371726	-0.14603052054010335	-0.2225976699927842	-0.8927807984795291	-0.5833700593404111	
-0.7989110641167696	0.2541385665389759	0.8753067735696747	-0.3862238283269166	-0.27850594931569717	-0.19338927225467412	-0.241150638885404	-0.41216536884272226	-0.829128462491292	-0.10426186188400843	0.4288307197371726	0.0	0.29231192893561425	0.21698016016082944	-0.613340136030853	-0.8753067735696749	
-0.9398278177786696	-0.03967612681609828	0.6957233177898082	-0.6389847532706858	-0.547088115541517	-0.471736310357665	-0.5143030400938633	-0.6604912791850923	-0.9563340032148753	-0.39042681348493063	0.14603052054010335	-0.29231192893561425	0.0	-0.0778447695572343	-0.8174247798007424	-0.6957233177898083	
-0.910380356618046	0.0382277447157327	0.7495288057516559	-0.5771660418818707	-0.48026605991849974	-0.40166600089198845	-0.44598204526951396	-0.6000385353349046	-0.9306798400988692	-0.31757552102315584	0.2225976699927842	-0.21698016016082944	0.0778447695572343	0.0	-0.7701029581988219	-0.749528805751656	
-0.26210212954037143	0.7939262816115837	0.987925512728085	0.2607011898085739	0.36910376975508785	0.44901906656628643	0.4047737261814016	0.23328375753643227	-0.311968531656527	0.5276493708703962	0.8927807984795291	0.613340136030853	0.8174247798007424	0.7701029581988219	0.0	-0.9879255127280853	
0.912780397694069	0.7236752533919917	0.0	0.9941529261246955	0.9753514036494912	0.9522996981014987	0.966087197048163	0.9968099274158329	0.890287395927318	0.9209539512737269	0.5833700593404111	0.8753067735696749	0.6957233177898083	0.749528805751656	0.9879255127280853	0.0	
