0.0	0.7914102915755402	0.8808722314130112	0.8595975117133388	0.9997592129060275	0.9958592001158049	0.9996019291169149	0.0	0.5659327139282538	0.9375084968286832	0.776518828053738	0.9969243404034254	0.927814938882764	0.9998771558501653	0.9991692764570265	0.9994052888391307	
-0.7914102915755402	0.0	0.9130815825157141	0.929847638395753	0.6285044308895259	0.5368077664719937	0.6333701895303153	0.7914102915755402	0.9984257117948399	0.29770417841836033	-0.023988349132910813	0.5473823831793003	0.8623879869047864	0.6236147716412285	0.578525659505533	0.5836316864509972	
-0.8808722314130112	-0.9130815825157141	0.0	0.04320680202164939	-0.45391073074008736	-0.5514732926250989	-0.44831347650969616	0.8808722314130112	0.45834979716484736	-0.7502838973445769	-0.922600727806536	-0.540932203730143	-0.11058373038588099	-0.4594891982303039	-0.5088585273871192	-0.5034476061047641	
-0.8595975117133388	-0.929847638395753	-0.04320680202164939	0.0	-0.4919861446538407	-0.587001091620631	-0.48651635985805963	0.8595975117133388	0.41952077637429436	-0.7781479433771498	-0.9384064518315398	-0.5767668349851827	-0.15342226833048306	-0.4974356667752281	-0.5455779123598519	-0.5403092514069731	
-0.9997592129060275	-0.6285044308895259	0.45391073074008736	0.4919861446538407	0.0	-0.11273976428506306	0.006271640184751015	0.9997592129060275	0.8118343826447209	-0.3684507925446888	-0.6469818532806848	-0.10022713311106451	0.35259149122095534	-0.0062705901063779615	-0.06266782223667446	-0.0564049991410718	
-0.9958592001158049	-0.5368077664719937	0.5514732926250989	0.587001091620631	0.11273976428506306	0.0	0.11896920269392447	0.9958592001158049	0.8724859430513165	-0.26129354071022	-0.5568923737561842	0.012583932585797222	0.4558428790068866	0.10650693551246522	0.050249880905823864	0.05651488741731594	
-0.9996019291169149	-0.6333701895303153	0.44831347650969616	0.48651635985805963	-0.006271640184751015	-0.11896920269392447	0.0	0.9996019291169149	0.8081564823154168	-0.37427395931359614	-0.6517512886280284	-0.10646522181347802	0.3467156980253295	-0.012541983665280716	-0.06892590265473184	-0.06266554537815329	
-0.0	-0.7914102915755402	-0.8808722314130112	-0.8595975117133388	-0.9997592129060275	-0.9958592001158049	-0.9996019291169149	0.0	-0.5659327139282538	-0.9375084968286832	-0.776518828053738	-0.9969243404034254	-0.927814938882764	-0.9998771558501653	-0.9991692764570265	-0.9994052888391307	
-0.5659327139282538	-0.9984257117948399	-0.45834979716484736	-0.41952077637429436	-0.8118343826447209	-0.8724859430513165	-0.8081564823154168	0.5659327139282538	0.0	-0.9698535169308468	-0.996792894338798	-0.8662678560053528	-0.5538223618588418	-0.81547974261443	-0.8468296490747275	-0.8434761080805121	
-0.9375084968286832	-0.29770417841836033	0.7502838973445769	0.7781479433771498	0.3684507925446888	0.26129354071022	0.37427395931359614	0.9375084968286832	0.9698535169308468	0.0	-0.3205191840052168	0.2734196103377391	0.672573615541667	0.3626141118136806	0.3094676117791818	0.3154274556481666	
-0.776518828053738	0.023988349132910813	0.922600727806536	0.9384064518315398	0.6469818532806848	0.5568923737561842	0.6517512886280284	0.776518828053738	0.996792894338798	0.3205191840052168	0.0	0.5673002999828851	0.8742838764784163	0.6421877745923789	0.597925619115624	0.6029427229483523	
-0.9969243404034254	-0.5473823831793003	0.540932203730143	0.5767668349851827	0.10022713311106451	-0.012583932585797222	0.10646522181347802	0.9969243404034254	0.8662678560053528	-0.2734196103377391	-0.5673002999828851	0.0	0.4446063266645074	0.09398614753970577	0.03767786706824705	0.043946592124420286	
-0.927814938882764	-0.8623879869047864	0.11058373038588099	0.15342226833048306	-0.35259149122095534	-0.4558428790068866	-0.3467156980253295	0.927814938882764	0.5538223618588418	-0.672573615541667	-0.8742838764784163	-0.4446063266645074	0.0	-0.3584524353155123	-0.4105415799405708	-0.40481267562442147	
-0.9998771558501653	-0.6236147716412285	0.4594891982303039	0.4974356667752281	0.0062705901063779615	-0.10650693551246522	0.012541983665280716	0.9998771558501653	0.81547974261443	-0.3626141118136806	-0.6421877745923789	-0.09398614753970577	0.3584524353155123	0.0	-0.05640832527850122	-0.05014328305585869	
-0.9991692764570265	-0.578525659505533	0.5088585273871192	0.5455779123598519	0.06266782223667446	-0.050249880905823864	0.06892590265473184	0.9991692764570265	0.8468296490747275	-0.3094676117791818	-0.597925619115624	-0.03767786706824705	0.4105415799405708	0.05640832527850122	0.0	0.006273921482340572	
-0.9994052888391307	-0.5836316864509972	0.5034476061047641	0.5403092514069731	0.0564049991410718	-0.05651488741731594	0.06266554537815329	0.9994052888391307	0.8434761080805121	-0.3154274556481666	-0.6029427229483523	-0.043946592124420286	0.40481267562442147	0.05014328305585869	-0.006273921482340572	0.0	
