0.0	0.823219877585851	0.8157309370594941	0.9890523826139852	0.9655985844876511	0.7607224825096776	0.8841484090048952	0.9355352111609723	0.8763631560639051	0.6021733099293717	-0.042711921938701325	0.05308381562271891	-0.1192350580743593	-0.8157309370594941	0.30804703676376577	0.34186953644836093	
-0.823219877585851	0.0	0.9392852835835992	0.6829857784720057	0.3341243725121984	-0.10245391114476862	0.11733770450241177	0.24033575483041447	0.10102661334446078	-0.3153628222237271	-0.8467171578666504	-0.7919223015092922	-0.8850395171801912	-0.9392852835835992	-0.6083023364664588	-0.5795316720053677	
-0.8157309370594941	-0.9392852835835992	0.0	-0.45172587389637364	-0.7706531025891717	-0.9694982827632486	-0.892533833841207	-0.8292865177443025	-0.8998136485316208	-0.9995673829972092	-0.7902806025629214	-0.8452861584684008	-0.7409422390726801	-0.0	-0.9542469814124261	-0.964329166443503	
-0.9890523826139852	-0.6829857784720057	0.45172587389637364	0.0	-0.3996788745675784	-0.75422731975897	-0.5925605861595047	-0.48741849470046533	-0.605698396393167	-0.8784848097767237	-0.9818470242763548	-0.9954911835869749	-0.9644016329425101	-0.45172587389637364	-0.9864127951128291	-0.979907354581701	
-0.9655985844876511	-0.3341243725121984	0.7706531025891717	0.3996788745675784	0.0	-0.428931909098922	-0.22122207681126838	-0.09780770960284613	-0.23719438765775686	-0.6143130017050239	-0.9758240985830795	-0.9504333790403086	-0.9897156133226481	-0.7706531025891717	-0.8385389088512254	-0.8185199663509324	
-0.7607224825096776	0.10245391114476862	0.9694982827632486	0.75422731975897	0.428931909098922	0.0	0.2184664113352658	0.33852201706397245	0.20242471490550895	-0.21647749656707224	-0.7877516073503188	-0.7251944114622428	-0.8326882954818909	-0.9694982827632486	-0.5237830760898144	-0.49298724698031904	
-0.8841484090048952	-0.11733770450241177	0.892533833841207	0.5925605861595047	0.22122207681126838	-0.2184664113352658	0.0	0.12477701753597631	-0.016408643614124807	-0.4245344177706484	-0.9032968340250304	-0.8581007276912673	-0.9335482948545828	-0.892533833841207	-0.6972317977022515	-0.6711526379050873	
-0.9355352111609723	-0.24033575483041447	0.8292865177443025	0.48741849470046533	0.09780770960284613	-0.33852201706397245	-0.12477701753597631	0.0	-0.1410406256352652	-0.534191184439832	-0.9497687487477621	-0.9154651837035482	-0.9709789640290436	-0.8292865177443025	-0.7812286722057246	-0.758407049245168	
-0.8763631560639051	-0.10102661334446078	0.8998136485316208	0.605698396393167	0.23719438765775686	-0.20242471490550895	0.016408643614124807	0.1410406256352652	0.0	-0.4096206827836566	-0.8961356498120314	-0.8495596676732386	-0.9275409051678227	-0.8998136485316208	-0.685375462454128	-0.6588982377117922	
-0.6021733099293717	0.3153628222237271	0.9995673829972092	0.8784848097767237	0.6143130017050239	0.21647749656707224	0.4245344177706484	0.534191184439832	0.4096206827836566	0.0	-0.6357235047657872	-0.5589440004132624	-0.6930705822777317	-0.9995673829972092	-0.3269562067495521	-0.2929540088377573	
0.042711921938701325	0.8467171578666504	0.7902806025629214	0.9818470242763548	0.9758240985830795	0.7877516073503188	0.9032968340250304	0.9497687487477621	0.8961356498120314	0.6357235047657872	0.0	0.0956870736010047	-0.0767190302857258	-0.7902806025629214	0.348400811468785	0.38169597498048113	
-0.05308381562271891	0.7919223015092922	0.8452861584684008	0.9954911835869749	0.9504333790403086	0.7251944114622428	0.8581007276912673	0.9154651837035482	0.8495596676732386	0.5589440004132624	-0.0956870736010047	0.0	-0.17177206237334497	-0.8452861584684008	0.2571102994693555	0.2915021420517341	
0.1192350580743593	0.8850395171801912	0.7409422390726801	0.9644016329425101	0.9897156133226481	0.8326882954818909	0.9335482948545828	0.9709789640290436	0.9275409051678227	0.6930705822777317	0.0767190302857258	0.17177206237334497	0.0	-0.7409422390726801	0.41928623749192984	0.4514814962125395	
0.8157309370594941	0.9392852835835992	0.0	0.45172587389637364	0.7706531025891717	0.9694982827632486	0.892533833841207	0.8292865177443025	0.8998136485316208	0.9995673829972092	0.7902806025629214	0.8452861584684008	0.7409422390726801	0.0	0.9542469814124261	0.964329166443503	
-0.30804703676376577	0.6083023364664588	0.9542469814124261	0.9864127951128291	0.8385389088512254	0.5237830760898144	0.6972317977022515	0.7812286722057246	0.685375462454128	0.3269562067495521	-0.348400811468785	-0.2571102994693555	-0.41928623749192984	-0.9542469814124261	0.0	0.035758397382926466	
-0.34186953644836093	0.5795316720053677	0.964329166443503	0.979907354581701	0.8185199663509324	0.49298724698031904	0.6711526379050873	0.758407049245168	0.6588982377117922	0.2929540088377573	-0.38169597498048113	-0.2915021420517341	-0.4514814962125395	-0.964329166443503	-0.035758397382926466	0.0	
