0.0	-0.4909308817952551	0.12463217961803474	0.6596329235827694	0.7563667028892448	0.9078914234766268	0.9951511064690572	0.4909308817952551	0.9248814607878721	0.8039382922250676	0.4113552890602841	0.8248117495929776	0.8823799129411943	0.5274502006736976	0.695574943313689	0.7681590209991004	
0.4909308817952551	0.0	0.5956824712926493	0.9436489516422293	0.980086936866711	0.9967545428570636	0.8186872481433483	0.0	0.6190761714980889	0.9923526953398659	0.805843386948715	0.9961507543922048	0.9997295465247987	0.8766018160502269	0.9586948974061104	0.983541971582963	
-0.12463217961803474	-0.5956824712926493	0.0	0.5608177334893335	0.6689414494006902	0.8485661241315923	0.9996504853287662	0.5956824712926493	0.9650622504718936	0.7235496532840326	0.2945488311750609	0.7479127413170963	0.8168558744591571	0.4174519298525525	0.6006091233692292	0.68237280793021	
-0.6596329235827694	-0.9436489516422293	-0.5608177334893335	0.0	0.13697862000847044	0.4058385490863696	0.8128236583797204	0.9436489516422293	0.9459588165280202	0.2119382195116124	-0.29206930613991855	0.2469571845090368	0.35280395398536996	-0.16398966293494271	0.04887011377030409	0.15500305949469143	
-0.7563667028892448	-0.980086936866711	-0.6689414494006902	-0.13697862000847044	0.0	0.2768222210326736	0.7253705934751913	0.980086936866711	0.8926218566503795	0.07607360499034051	-0.4203222247048331	0.11189346913584056	0.2213079053899081	-0.2975681083463469	-0.08840548574891549	0.01821890626525524	
-0.9078914234766268	-0.9967545428570636	-0.8485661241315923	-0.4058385490863696	-0.2768222210326736	0.0	0.5064710009563763	0.9967545428570636	0.7329460508715674	-0.20291931085410744	-0.6550780537597147	-0.16756303391009497	-0.05729868578081822	-0.55022182747166	-0.3606890440316556	-0.2592693422473686	
-0.9951511064690572	-0.8186872481433483	-0.9996504853287662	-0.8128236583797204	-0.7253705934751913	-0.5064710009563763	0.0	0.8186872481433483	0.28744233897089516	-0.6709027010722439	-0.9475154768259411	-0.6437925900628646	-0.5550451025910635	-0.8973452886931828	-0.7833851280542883	-0.7127090578653499	
-0.4909308817952551	-0.0	-0.5956824712926493	-0.9436489516422293	-0.980086936866711	-0.9967545428570636	-0.8186872481433483	0.0	-0.6190761714980889	-0.9923526953398659	-0.805843386948715	-0.9961507543922048	-0.9997295465247987	-0.8766018160502269	-0.9586948974061104	-0.983541971582963	
-0.9248814607878721	-0.6190761714980889	-0.9650622504718936	-0.9459588165280202	-0.8926218566503795	-0.7329460508715674	-0.28744233897089516	0.6190761714980889	0.0	-0.8557407691996026	-0.9994265376344184	-0.836574108437991	-0.770721417419413	-0.98633216044211	-0.9289805982431717	-0.8842605052966281	
-0.8039382922250676	-0.9923526953398659	-0.7235496532840326	-0.2119382195116124	-0.07607360499034051	0.20291931085410744	0.6709027010722439	0.9923526953398659	0.8557407691996026	0.0	-0.4881314974254851	0.03597334620144216	0.1464793176951808	-0.3693333326224414	-0.163925048844053	-0.057894866837582784	
-0.4113552890602841	-0.805843386948715	-0.2945488311750609	0.29206930613991855	0.4203222247048331	0.6550780537597147	0.9475154768259411	0.805843386948715	0.9994265376344184	0.4881314974254851	0.0	0.5192120150078093	0.6107091489760235	0.13127604132355003	0.338459562669662	0.43678383887677685	
-0.8248117495929776	-0.9961507543922048	-0.7479127413170963	-0.2469571845090368	-0.11189346913584056	0.16756303391009497	0.6437925900628646	0.9961507543922048	0.836574108437991	-0.03597334620144216	-0.5192120150078093	0.0	0.11079918083187706	-0.40252420374271825	-0.19930567573859542	-0.09377040195494998	
-0.8823799129411943	-0.9997295465247987	-0.8168558744591571	-0.35280395398536996	-0.2213079053899081	0.05729868578081822	0.5550451025910635	0.9997295465247987	0.770721417419413	-0.1464793176951808	-0.6107091489760235	-0.11079918083187706	0.0	-0.5014723932140742	-0.3066547716591806	-0.20350402315633503	
-0.5274502006736976	-0.8766018160502269	-0.4174519298525525	0.16398966293494271	0.2975681083463469	0.55022182747166	0.8973452886931828	0.8766018160502269	0.98633216044211	0.3693333326224414	-0.13127604132355003	0.40252420374271825	0.5014723932140742	0.0	0.21200223156773607	0.31491231917493123	
-0.695574943313689	-0.9586948974061104	-0.6006091233692292	-0.04887011377030409	0.08840548574891549	0.3606890440316556	0.7833851280542883	0.9586948974061104	0.9289805982431717	0.163925048844053	-0.338459562669662	0.19930567573859542	0.3066547716591806	-0.21200223156773607	0.0	0.1065383837875381	
-0.7681590209991004	-0.983541971582963	-0.68237280793021	-0.15500305949469143	-0.01821890626525524	0.2592693422473686	0.7127090578653499	0.983541971582963	0.8842605052966281	0.057894866837582784	-0.43678383887677685	0.09377040195494998	0.20350402315633503	-0.31491231917493123	-0.1065383837875381	0.0	
