0.0	0.5499372055999548	0.922595906249026	0.9998246436702648	0.9903516834592749	0.9752797455158378	0.9999368758325704	0.7486891602705176	1.4901161193847656e-08	0.8671038974335513	0.9923326766440582	0.8347944083459402	0.8195317659548503	0.8951859243301976	0.7616912423900262	0.4883297137141666	
-0.5499372055999548	0.0	0.5584095758962742	0.8453579464643388	0.7509391074774259	0.6930377882684462	0.8413322953456104	0.9898747243045722	0.5499372180454941	0.9981491303037191	0.7608324210512518	0.3944508844560597	0.36934526973108706	0.5025615512742229	0.2798426980691797	-0.07205185641480982	
-0.922595906249026	-0.5584095758962742	0.0	0.40297714579750643	0.2541953543583397	0.17236200114013572	0.39610959670676893	0.9004285704542718	0.9225959119974141	0.7940709909669674	0.26878124699590106	-0.18590926249121875	-0.2125296321541315	-0.06586054215093257	-0.3039509862080644	-0.6167299332450381	
-0.9998246436702648	-0.8453579464643388	-0.40297714579750643	0.0	-0.1570983722781542	-0.23919862459295818	-0.007491439938279689	0.648784640876196	0.999824643391218	0.4818021507400821	-0.1421567929408257	-0.5660980355437177	-0.588280234061927	-0.46237844645012766	-0.6620903530771957	-0.8816508879767353	
-0.9903516834592749	-0.7509391074774259	-0.2541953543583397	0.1570983722781542	0.0	-0.08369057568257376	0.1496955454812236	0.7602761289466158	0.9903516855242308	0.6134817598723649	0.01511127891349505	-0.42956662699274345	-0.45393681438099903	-0.31734066893355906	-0.5361358562301363	-0.7965683212687729	
-0.9752797455158378	-0.6930377882684462	-0.17236200114013572	0.23919862459295818	0.08369057568257376	0.0	0.23191794402184127	0.8119743216695726	0.9752797488086039	0.6774207286207271	0.09873928510786847	-0.3524840840631229	-0.37777317065795435	-0.2368626270920681	-0.4636091103054377	-0.7431787788944653	
-0.9999368758325704	-0.8413322953456104	-0.39610959670676893	0.007491439938279689	-0.1496955454812236	-0.23191794402184127	0.0	0.6544672117306884	0.9999368756651431	0.4883532299783459	-0.13473744582973418	-0.5599066720846162	-0.5822057198179517	-0.4557229415123448	-0.6564575089604144	-0.8780909205791078	
-0.7486891602705176	-0.9898747243045722	-0.9004285704542718	-0.648784640876196	-0.7602761289466158	-0.8119743216695726	-0.6544672117306884	0.0	0.7486891503922216	-0.20187904381282862	-0.7503730318406423	-0.9656025778102206	-0.9723091574704421	-0.9271231861530618	-0.9900470606399518	-0.977074617131017	
-1.4901161193847656e-08	-0.5499372180454941	-0.9225959119974141	-0.999824643391218	-0.9903516855242308	-0.9752797488086039	-0.9999368756651431	-0.7486891503922216	0.0	-0.8671038900108757	-0.9923326784857752	-0.8347944165499502	-0.8195317744937186	-0.8951859309715393	-0.7616912520450869	-0.48832972671780206	
-0.8671038974335513	-0.9981491303037191	-0.7940709909669674	-0.4818021507400821	-0.6134817598723649	-0.6774207286207271	-0.4883532299783459	0.20187904381282862	0.8671038900108757	0.0	-0.6014782000719944	-0.8932281875328848	-0.9051109681124545	-0.8323786195203831	-0.941250658650654	-0.9999365726855067	
-0.9923326766440582	-0.7608324210512518	-0.26878124699590106	0.1421567929408257	-0.01511127891349505	-0.09873928510786847	0.13473744582973418	0.7503730318406423	0.9923326784857752	0.6014782000719944	0.0	-0.4431635945400585	-0.46734964444054433	-0.33163463553232697	-0.5488305489307309	-0.8056128688481157	
-0.8347944083459402	-0.3944508844560597	0.18590926249121875	0.5660980355437177	0.42956662699274345	0.3524840840631229	0.5599066720846162	0.9656025778102206	0.8347944165499502	0.8932281875328848	0.4431635945400585	0.0	-0.027162490277224394	0.12079323343153409	-0.12153872114484526	-0.4596353397311877	
-0.8195317659548503	-0.36934526973108706	0.2125296321541315	0.588280234061927	0.45393681438099903	0.37777317065795435	0.5822057198179517	0.9723091574704421	0.8195317744937186	0.9051109681124545	0.46734964444054433	0.027162490277224394	0.0	0.147712262615407	-0.09453275083912682	-0.4353425309644796	
-0.8951859243301976	-0.5025615512742229	0.06586054215093257	0.46237844645012766	0.31734066893355906	0.2368626270920681	0.4557229415123448	0.9271231861530618	0.8951859309715393	0.8323786195203831	0.33163463553232697	-0.12079323343153409	-0.147712262615407	0.0	-0.24054653273565935	-0.5635471522676557	
-0.7616912423900262	-0.2798426980691797	0.3039509862080644	0.6620903530771957	0.5361358562301363	0.4636091103054377	0.6564575089604144	0.9900470606399518	0.7616912520450869	0.941250658650654	0.5488305489307309	0.12153872114484526	0.09453275083912682	0.24054653273565935	0.0	-0.3482884422290894	
-0.4883297137141666	0.07205185641480982	0.6167299332450381	0.8816508879767353	0.7965683212687729	0.7431787788944653	0.8780909205791078	0.977074617131017	0.48832972671780206	0.9999365726855067	0.8056128688481157	0.4596353397311877	0.4353425309644796	0.5635471522676557	0.3482884422290894	0.0	
