0.0	-0.6856395910948828	-0.03274192729844466	0.6863489599199627	0.8165901121262693	0.7379453735336816	0.6969834985374794	0.999747755972526	0.6856395910948828	0.998117675112373	0.9996027960198222	0.8225677141469335	0.9319343506456019	0.6809722118542908	0.6863489599199627	-0.11418631397473383	
0.6856395910948828	0.0	0.6614377811770032	0.9982683996277267	0.9901930591867767	0.9998918630325867	0.9990263362362185	0.7431566044991145	0.0	0.7686197611198887	0.7083290318528089	0.20888017741306072	0.9270248358181818	0.9978079295322864	0.9982683996277267	0.5980341451176426	
0.03274192729844466	-0.6614377811770032	0.0	0.7097932658036992	0.8350515175719567	0.7596459480321859	0.720088619257649	0.9999470944613915	0.6614377811770032	0.9995905160963325	0.9981441007937294	0.8035074264255735	0.9433077921288914	0.7045843177859943	0.7097932658036992	-0.08159731786412694	
-0.6863489599199627	-0.9982683996277267	-0.7097932658036992	0.0	0.1977104733331353	0.07349751601250526	0.01472481311565186	0.7116739408984344	0.9982683996277267	0.6838110964498378	0.7463264896002859	0.9885348977430188	0.428881419207038	-0.007367419532430156	0.0	-0.76490434511167	
-0.8165901121262693	-0.9901930591867767	-0.8350515175719567	-0.1977104733331353	0.0	-0.1251290367857519	-0.18325488629391729	0.5587322536239407	0.9901930591867767	0.5260517360973755	0.6000022057690894	0.9391688609119844	0.24181160649963332	-0.20492709756694927	-0.1977104733331353	-0.8771594770489697	
-0.7379453735336816	-0.9998918630325867	-0.7596459480321859	-0.07349751601250526	0.1251290367857519	0.0	-0.05880455932223388	0.6581164128231496	0.9998918630325867	0.628333530566588	0.6953894964672338	0.9747637276265199	0.3613266919908117	-0.0808430149149506	-0.07349751601250526	-0.8101785603289108	
-0.6969834985374794	-0.9990263362362185	-0.720088619257649	-0.01472481311565186	0.18325488629391729	0.05880455932223388	0.0	0.7012524566686671	0.9990263362362185	0.6729928667230204	0.7364450344187469	0.9862043874423142	0.415533102724576	-0.022091034273849793	-0.01472481311565186	-0.7743063155960516	
-0.999747755972526	-0.7431566044991145	-0.9999470944613915	-0.7116739408984344	-0.5587322536239407	-0.6581164128231496	-0.7012524566686671	0.0	0.7431566044991145	-0.038895272961265936	0.05062580997903726	0.5869981051378446	-0.3416048821278489	-0.7168303115879933	-0.7116739408984344	-0.9957733141690214	
-0.6856395910948828	-0.0	-0.6614377811770032	-0.9982683996277267	-0.9901930591867767	-0.9998918630325867	-0.9990263362362185	-0.7431566044991145	0.0	-0.7686197611198887	-0.7083290318528089	-0.20888017741306072	-0.9270248358181818	-0.9978079295322864	-0.9982683996277267	-0.5980341451176426	
-0.998117675112373	-0.7686197611198887	-0.9995905160963325	-0.6838110964498378	-0.5260517360973755	-0.628333530566588	-0.6729928667230204	0.038895272961265936	0.7686197611198887	0.0	0.08943289827544271	0.6180430774414295	-0.30479091149319654	-0.6891682425662884	-0.6838110964498378	-0.9985921420315245	
-0.9996027960198222	-0.7083290318528089	-0.9981441007937294	-0.7463264896002859	-0.6000022057690894	-0.6953894964672338	-0.7364450344187469	-0.05062580997903726	0.7083290318528089	-0.08943289827544271	0.0	0.5452593287719404	-0.3887471858135601	-0.7512098417294145	-0.7463264896002859	-0.9898466973293033	
-0.8225677141469335	-0.20888017741306072	-0.8035074264255735	-0.9885348977430188	-0.9391688609119844	-0.9747637276265199	-0.9862043874423142	-0.5869981051378446	0.20888017741306072	-0.6180430774414295	-0.5452593287719404	0.0	-0.8282457650226809	-0.9896204947034202	-0.9885348977430188	-0.7522535803814817	
-0.9319343506456019	-0.9270248358181818	-0.9433077921288914	-0.428881419207038	-0.24181160649963332	-0.3613266919908117	-0.415533102724576	0.3416048821278489	0.9270248358181818	0.30479091149319654	0.3887471858135601	0.8282457650226809	0.0	-0.4355252174249252	-0.428881419207038	-0.9672459412680617	
-0.6809722118542908	-0.9978079295322864	-0.7045843177859943	0.007367419532430156	0.20492709756694927	0.0808430149149506	0.022091034273849793	0.7168303115879933	0.9978079295322864	0.6891682425662884	0.7512098417294145	0.9896204947034202	0.4355252174249252	0.0	0.007367419532430156	-0.7601379075279796	
-0.6863489599199627	-0.9982683996277267	-0.7097932658036992	0.0	0.1977104733331353	0.07349751601250526	0.01472481311565186	0.7116739408984344	0.9982683996277267	0.6838110964498378	0.7463264896002859	0.9885348977430188	0.428881419207038	-0.007367419532430156	0.0	-0.76490434511167	
0.11418631397473383	-0.5980341451176426	0.08159731786412694	0.76490434511167	0.8771594770489697	0.8101785603289108	0.7743063155960516	0.9957733141690214	0.5980341451176426	0.9985921420315245	0.9898466973293033	0.7522535803814817	0.9672459412680617	0.7601379075279796	0.76490434511167	0.0	
