0.0	-0.9986139883756366	0.10511746847058781	0.9356600336114149	0.9986139883756371	0.9986139883756371	0.16790657191471506	-0.49169356234647643	-0.5134418501494837	-0.06335123217805771	0.14700037205363758	-0.340457937909003	-0.16941638352085978	0.16790657191471506	0.042117019423474816	0.3135696051616722	
0.9986139883756366	0.0	0.9986139966426013	0.4016589875763	0.0	0.0	0.9932737971072537	0.8436827120200229	0.8299116698187639	0.9932737788221994	0.995502370591268	0.9210376357535993	0.9752619059356054	0.9932737971072537	0.9999445957603316	0.9647528296784214	
-0.10511746847058781	-0.9986139966426013	0.0	0.8933800648558303	0.9986139966426018	0.9986139966426018	0.06335123133527762	-0.5805024474383185	-0.6008011491835937	-0.16790657274720236	0.04221044415768144	-0.43740946129852804	-0.27207573462314777	0.06335123133527762	-0.06314051290888104	0.21201647878466023	
-0.9356600336114149	-0.4016589875763	-0.8933800648558303	0.0	0.40165898757630014	0.40165898757630014	-0.8631217074237687	-0.9882630772488903	-0.9841076992983269	-0.9561373865887663	-0.873618606459078	-0.9999119855146994	-0.9819221562943116	-0.8631217074237687	-0.9199665990976756	-0.7778106695292033	
-0.9986139883756371	-0.0	-0.9986139966426018	-0.40165898757630014	0.0	0.0	-0.9932737971072542	-0.8436827120200232	-0.8299116698187642	-0.9932737788221998	-0.9955023705912684	-0.9210376357535998	-0.9752619059356058	-0.9932737971072542	-0.999944595760332	-0.9647528296784218	
-0.9986139883756371	-0.0	-0.9986139966426018	-0.40165898757630014	0.0	0.0	-0.9932737971072542	-0.8436827120200232	-0.8299116698187642	-0.9932737788221998	-0.9955023705912684	-0.9210376357535998	-0.9752619059356058	-0.9932737971072542	-0.999944595760332	-0.9647528296784218	
-0.16790657191471506	-0.9932737971072537	-0.06335123133527762	0.8631217074237687	0.9932737971072542	0.9932737971072542	0.0	-0.630920667022613	-0.6502371958751131	-0.2300211260663101	-0.021169113290154057	-0.49350021780450476	-0.3324905736967369	0.0	-0.12623850540910728	0.14967958965121825	
0.49169356234647643	-0.8436827120200229	0.5805024474383185	0.9882630772488903	0.8436827120200232	0.8436827120200232	0.630920667022613	0.0	-0.025154651872496048	0.4355416491091991	0.6143552830463392	0.16585968324404088	0.3370635007710059	0.630920667022613	0.527931440721609	0.7399415781269074	
0.5134418501494837	-0.8299116698187639	0.6008011491835937	0.9841076992983269	0.8299116698187642	0.8299116698187642	0.6502371958751131	0.025154651872496048	0.0	0.4580472586464628	0.6340086465736895	0.1906134444552956	0.36063949415253604	0.6502371958751131	0.549127906873877	0.7566282479781917	
0.06335123217805771	-0.9932737788221994	0.16790657274720236	0.9561373865887663	0.9932737788221998	0.9932737788221998	0.2300211260663101	-0.4355416491091991	-0.4580472586464628	0.0	0.2093681034763092	-0.28020744418440624	-0.10664061314626372	0.2300211260663101	0.10532743834059412	0.3730958623523372	
-0.14700037205363758	-0.995502370591268	-0.04221044415768144	0.873618606459078	0.9955023705912684	0.9955023705912684	0.021169113290154057	-0.6143552830463392	-0.6340086465736895	-0.2093681034763092	0.0	-0.4749778842751298	-0.31245133561750277	0.021169113290154057	-0.10521045784906871	0.17057668164489015	
0.340457937909003	-0.9210376357535993	0.43740946129852804	0.9999119855146994	0.9210376357535998	0.9210376357535998	0.49350021780450476	-0.16585968324404088	-0.1906134444552956	0.28020744418440624	0.4749778842751298	0.0	0.1762410642437946	0.49350021780450476	0.37975678240544447	0.6181238936684083	
0.16941638352085978	-0.9752619059356054	0.27207573462314777	0.9819221562943116	0.9752619059356058	0.9752619059356058	0.3324905736967369	-0.3370635007710059	-0.36063949415253604	0.10664061314626372	0.31245133561750277	-0.1762410642437946	0.0	0.3324905736967369	0.21077425734099958	0.4699087251244941	
-0.16790657191471506	-0.9932737971072537	-0.06335123133527762	0.8631217074237687	0.9932737971072542	0.9932737971072542	0.0	-0.630920667022613	-0.6502371958751131	-0.2300211260663101	-0.021169113290154057	-0.49350021780450476	-0.3324905736967369	0.0	-0.12623850540910728	0.14967958965121825	
-0.042117019423474816	-0.9999445957603316	0.06314051290888104	0.9199665990976756	0.999944595760332	0.999944595760332	0.12623850540910728	-0.527931440721609	-0.549127906873877	-0.10532743834059412	0.10521045784906871	-0.37975678240544447	-0.21077425734099958	0.12623850540910728	0.0	0.2732985133260879	
-0.3135696051616722	-0.9647528296784214	-0.21201647878466023	0.7778106695292033	0.9647528296784218	0.9647528296784218	-0.14967958965121825	-0.7399415781269074	-0.7566282479781917	-0.3730958623523372	-0.17057668164489015	-0.6181238936684083	-0.4699087251244941	-0.14967958965121825	-0.2732985133260879	0.0	
