0.0	-0.8859733148275075	-0.1390400175360041	0.4500509055801453	0.5927293839155543	0.7503502276251725	0.3901541952403137	0.675964126037391	0.8859733246000175	0.998509257807433	0.5891429291808576	0.12489603656721288	0.058635351645485334	-0.14978337809955233	-0.33850217203159355	-0.7217785850752465	
0.8859733148275075	0.0	0.812889753579589	0.9998816484848378	0.9884344887381079	0.9336288197123989	0.9966881498227341	0.966373378977764	2.1073424255447017e-08	0.5114036548746987	0.989098908696279	0.9369548133318667	0.9116403056434026	0.8065185277282195	0.6766947017239263	0.27848854633518516	
0.1390400175360041	-0.812889753579589	0.0	0.5698425937048334	0.6989551277832773	0.8349729802432845	0.5143855665054083	0.7718617163268774	0.8128897658531219	0.996399669034782	0.6957687887642223	0.2616342029550011	0.19686660728296995	-0.010857012185623682	-0.20438234536438205	-0.6185348414263625	
-0.4500509055801453	-0.9998816484848378	-0.5698425937048334	0.0	0.16683730114425796	0.3725630571794453	-0.06597533303803985	0.2719798737598615	0.999881648809046	0.867106708377648	0.1624522333197699	-0.3349944093445063	-0.39691503927955507	-0.5787307994495134	-0.7257658468234751	-0.9560414177066376	
-0.5927293839155543	-0.9884344887381079	-0.6989551277832773	-0.16683730114425796	0.0	0.21251521389211497	-0.2315244568499354	0.1076198979985662	0.9884344855423549	0.771848319820166	-0.004445728464527204	-0.48749673605832133	-0.5444845627036031	-0.7066784928302517	-0.8303681868158321	-0.9915639404882031	
-0.7503502276251725	-0.9336288197123989	-0.8349729802432845	-0.3725630571794453	-0.21251521389211497	0.0	-0.43297689993905847	-0.10611933130848814	0.9336288121630161	0.6190989748961814	-0.21685729181181865	-0.6619135231688538	-0.7102988839163109	-0.8408982831694634	-0.9298174031072515	-0.9964602972076863	
-0.3901541952403137	-0.9966881498227341	-0.5143855665054083	0.06597533303803985	0.2315244568499354	0.43297689993905847	0.0	0.33487555571330047	0.9966881515363976	0.8980812966012197	0.22719723490784338	-0.2721012557952722	-0.33549444963707675	-0.5236657779188038	-0.6787973974641842	-0.934612389968631	
-0.675964126037391	-0.966373378977764	-0.7718617163268774	-0.2719798737598615	-0.1076198979985662	0.10611933130848814	-0.33487555571330047	0.0	0.9663733735588815	0.6989400588310122	-0.11203874264246919	-0.5786310130027152	-0.6315906926344054	-0.7787190081135353	-0.8855129350878639	-0.9997545774166939	
-0.8859733246000175	-2.1073424255447017e-08	-0.8128897658531219	-0.999881648809046	-0.9884344855423549	-0.9336288121630161	-0.9966881515363976	-0.9663733735588815	0.0	-0.5114036367654492	-0.9890989055931608	-0.9369548206959859	-0.9116403143043479	-0.8065185401870136	-0.6766947172395241	-0.2784885665749352	
-0.998509257807433	-0.5114036548746987	-0.996399669034782	-0.867106708377648	-0.771848319820166	-0.6190989748961814	-0.8980812966012197	-0.6989400588310122	0.5114036367654492	0.0	-0.7746673161678818	-0.9838736123209063	-0.9935908193920693	-0.9954204813732348	-0.958039207428968	-0.7304888164185737	
-0.5891429291808576	-0.989098908696279	-0.6957687887642223	-0.1624522333197699	0.004445728464527204	0.21685729181181865	-0.22719723490784338	0.11203874264246919	0.9890989055931608	0.7746673161678818	0.0	-0.4836102426524415	-0.5407502344422076	-0.7035260015759034	-0.8278827538111276	-0.9909778929633302	
-0.12489603656721288	-0.9369548133318667	-0.2616342029550011	0.3349944093445063	0.48749673605832133	0.6619135231688538	0.2721012557952722	0.5786310130027152	0.9369548206959859	0.9838736123209063	0.4836102426524415	0.0	-0.06650492177138656	-0.2720976135107361	-0.45337451918385097	-0.8025704874092996	
-0.058635351645485334	-0.9116403056434026	-0.19686660728296995	0.39691503927955507	0.5444845627036031	0.7102988839163109	0.33549444963707675	0.6315906926344054	0.9116403143043479	0.9935908193920693	0.5407502344422076	0.06650492177138656	0.0	-0.207499547668332	-0.3930936175339124	-0.7611196776053591	
0.14978337809955233	-0.8065185277282195	0.010857012185623682	0.5787307994495134	0.7066784928302517	0.8408982831694634	0.5236657779188038	0.7787190081135353	0.8065185401870136	0.9954204813732348	0.7035260015759034	0.2720976135107361	0.207499547668332	0.0	-0.19374246625798858	-0.6099674081648185	
0.33850217203159355	-0.6766947017239263	0.20438234536438205	0.7257658468234751	0.8303681868158321	0.9298174031072515	0.6787973974641842	0.8855129350878639	0.6766947172395241	0.958039207428968	0.8278827538111276	0.45337451918385097	0.3930936175339124	0.19374246625798858	0.0	-0.44488333894635324	
0.7217785850752465	-0.27848854633518516	0.6185348414263625	0.9560414177066376	0.9915639404882031	0.9964602972076863	0.934612389968631	0.9997545774166939	0.2784885665749352	0.7304888164185737	0.9909778929633302	0.8025704874092996	0.7611196776053591	0.6099674081648185	0.44488333894635324	0.0	
