0.0	-0.7861957315285969	0.5911252824347392	0.9900959319906995	0.7861957315285969	0.9998208255925254	0.8773639976593015	0.8888886095452289	0.8654377562294925	0.6091048107202846	0.9986321818763999	0.9824606961706839	0.6611698997304915	0.6441273562789567	0.8999982679822854	0.9983659543579974	
0.7861957315285969	0.0	0.999431723243859	0.5014811137187708	0.0	0.6029847401228879	0.9194279498004772	0.9094878722964855	0.9287181177184833	0.9999368734596742	0.6582388601499123	0.46053692090551956	0.9984206673765659	0.9994317288907468	0.8988763247070208	0.5720415003027173	
-0.5911252824347392	-0.999431723243859	0.0	0.881580871923486	0.999431723243859	0.8176247975783801	0.42402711210399224	0.446151238630373	0.4018810784126601	0.022476214465297996	0.7745692654930386	0.9026599111286504	0.0898026667172171	0.06737756074637194	0.4682527312300669	0.8390409491013416	
-0.9900959319906995	-0.5014811137187708	-0.881580871923486	0.0	0.5014811137187708	-0.12162553582536428	-0.598248475934334	-0.5783793709803629	-0.6175552995268707	-0.8707486499289804	-0.1919680213175391	0.046692891742290965	-0.8356290897604622	-0.8477730905225828	-0.5579293311979729	-0.08358515450275572	
-0.7861957315285969	-0.0	-0.999431723243859	-0.5014811137187708	0.0	-0.6029847401228879	-0.9194279498004772	-0.9094878722964855	-0.9287181177184833	-0.9999368734596742	-0.6582388601499123	-0.46053692090551956	-0.9984206673765659	-0.9994317288907468	-0.8988763247070208	-0.5720415003027173	
-0.9998208255925254	-0.6029847401228879	-0.8176247975783801	0.12162553582536428	0.6029847401228879	0.0	-0.4963472759663413	-0.47486730485696715	-0.5173087799353704	-0.8044775352994687	-0.07117941713607373	0.16783912427160713	-0.7626172360580967	-0.7769740603695748	-0.4528516666601246	0.038235300987706944	
-0.8773639976593015	-0.9194279498004772	-0.42402711210399224	0.598248475934334	0.9194279498004772	0.4963472759663413	0.0	0.02457036541894153	-0.024314782952249536	-0.40356442123448905	0.4332957407047124	0.6350114731273249	-0.3409841238580009	-0.36204307787292656	0.049404792154189026	0.5291773134209912	
-0.8888886095452289	-0.9094878722964855	-0.446151238630373	0.5783793709803629	0.9094878722964855	0.47486730485696715	-0.02457036541894153	0.0	-0.048870543630828045	-0.4259232724705374	0.41102084404094497	0.6158390913238376	-0.36397902196293086	-0.3848373235132049	0.024849515982230952	0.5081693244750518	
-0.8654377562294925	-0.9287181177184833	-0.4018810784126601	0.6175552995268707	0.9287181177184833	0.5173087799353704	0.024314782952249536	0.048870543630828045	0.0	-0.38119826757385245	0.4550813794912335	0.6536069688290148	-0.3180257375495719	-0.3392707392887859	0.07367527637872895	0.549652230486222	
-0.6091048107202846	-0.9999368734596742	-0.022476214465297996	0.8707486499289804	0.9999368734596742	0.8044775352994687	0.40356442123448905	0.4259232724705374	0.38119826757385245	0.0	0.7601576317380625	0.892759136994296	0.06739457951204016	0.044935401296178935	0.4482745790268823	0.8266003936955326	
-0.9986321818763999	-0.6582388601499123	-0.7745692654930386	0.1919680213175391	0.6582388601499123	0.07117941713607373	-0.4332957407047124	-0.41102084404094497	-0.4550813794912335	-0.7601576317380625	0.0	0.2375830993991706	-0.7146404715735654	-0.730193523378791	-0.38824045855882916	0.10926568638437217	
-0.9824606961706839	-0.46053692090551956	-0.9026599111286504	-0.046692891742290965	0.46053692090551956	-0.16783912427160713	-0.6350114731273249	-0.6158390913238376	-0.6536069688290148	-0.892759136994296	-0.2375830993991706	0.0	-0.8603657931461107	-0.871612418293096	-0.596070685444948	-0.1300234839360473	
-0.6611698997304915	-0.9984206673765659	-0.0898026667172171	0.8356290897604622	0.9984206673765659	0.7626172360580967	0.3409841238580009	0.36397902196293086	0.3180257375495719	-0.06739457951204016	0.7146404715735654	0.8603657931461107	0.0	-0.02249326769078836	0.38701164312910774	0.786792087813347	
-0.6441273562789567	-0.9994317288907468	-0.06737756074637194	0.8477730905225828	0.9994317288907468	0.7769740603695748	0.36204307787292656	0.3848373235132049	0.3392707392887859	-0.044935401296178935	0.730193523378791	0.871612418293096	0.02249326769078836	0.0	0.40765420296774685	0.8004762774967386	
-0.8999982679822854	-0.8988763247070208	-0.4682527312300669	0.5579293311979729	0.8988763247070208	0.4528516666601246	-0.049404792154189026	-0.024849515982230952	-0.07367527637872895	-0.4482745790268823	0.38824045855882916	0.596070685444948	-0.38701164312910774	-0.40765420296774685	0.0	0.48661057919466066	
-0.9983659543579974	-0.5720415003027173	-0.8390409491013416	0.08358515450275572	0.5720415003027173	-0.038235300987706944	-0.5291773134209912	-0.5081693244750518	-0.549652230486222	-0.8266003936955326	-0.10926568638437217	0.1300234839360473	-0.786792087813347	-0.8004762774967386	-0.48661057919466066	0.0	
