0.0	0.8118032081422484	0.9810633168147048	0.9950878696186614	0.9163899067751324	0.9019450711814471	0.7903733978379398	0.0	0.6443795271752867	0.964917369541368	0.972270432929789	0.9977238776673494	0.8905903618631075	0.9138615767933751	0.9073513543836796	0.8963591866972844	
-0.8118032081422484	0.0	0.41563743220410787	0.6614277304332301	0.8600627084766095	0.8772516358008811	0.9588548948711407	0.8118032081422484	0.9970639140057667	0.7765872528966724	0.7575867488308135	0.5278605703492347	0.1508301799030995	0.2040190975645187	0.18857048281296235	0.16351647864840174	
-0.9810633168147048	-0.41563743220410787	0.0	0.28985684430192477	0.5701997984908347	0.5983682513851472	0.7541096016945384	0.9810633168147048	0.8750329776797873	0.4444740852690585	0.41774728041292597	0.1270914556204376	-0.27369777841538506	-0.22133372326698367	-0.2366701705463709	-0.2613199968502558	
-0.9950878696186614	-0.6614277304332301	-0.28985684430192477	0.0	0.30760197740250134	0.3404408571063131	0.53137261291583	0.9950878696186614	0.6971587598915783	0.16574146038978513	0.13646011374949682	-0.165870974947478	-0.5407368128088632	-0.49449972048057556	-0.5081319498159961	-0.5298864968873119	
-0.9163899067751324	-0.8600627084766095	-0.5701997984908347	-0.30760197740250134	0.0	0.034706963029790205	0.24502768709757305	0.9163899067751324	0.4428320831572113	-0.14564210246188042	-0.17488067349112849	-0.4611696503916277	-0.7732715243924899	-0.7378847670273758	-0.7484264291293274	-0.7650625829321944	
-0.9019450711814471	-0.8772516358008811	-0.5983682513851472	-0.3404408571063131	-0.034706963029790205	0.0	0.21123110692406816	0.9019450711814471	0.41144686944959347	-0.17989125232031036	-0.20894742953323805	-0.49168771453514487	-0.7948124717324808	-0.7608648715196067	-0.7709938025104455	-0.78695141188642	
-0.7903733978379398	-0.9588548948711407	-0.7541096016945384	-0.53137261291583	-0.24502768709757305	-0.21123110692406816	0.0	0.7903733978379398	0.2096398832631089	-0.3836174013823098	-0.41080134640754906	-0.6645273951233607	-0.9050651175576983	-0.8807668799601494	-0.888118188071505	-0.8995275105732488	
-0.0	-0.8118032081422484	-0.9810633168147048	-0.9950878696186614	-0.9163899067751324	-0.9019450711814471	-0.7903733978379398	0.0	-0.6443795271752867	-0.964917369541368	-0.972270432929789	-0.9977238776673494	-0.8905903618631075	-0.9138615767933751	-0.9073513543836796	-0.8963591866972844	
-0.6443795271752867	-0.9970639140057667	-0.8750329776797873	-0.6971587598915783	-0.4428320831572113	-0.41144686944959347	-0.2096398832631089	0.6443795271752867	0.0	-0.568693690422392	-0.5928066894740192	-0.8064170272571645	-0.9741075472896554	-0.9604700537930191	-0.9647366829434365	-0.971122951892122	
-0.964917369541368	-0.7765872528966724	-0.4444740852690585	-0.16574146038978513	0.14564210246188042	0.17989125232031036	0.3836174013823098	0.964917369541368	0.568693690422392	0.0	-0.02961827627584901	-0.32702237391822964	-0.6726783740922179	-0.6317192089757896	-0.6438537766560296	-0.6631178868875929	
-0.972270432929789	-0.7575867488308135	-0.41774728041292597	-0.13646011374949682	0.17488067349112849	0.20894742953323805	0.41080134640754906	0.972270432929789	0.5928066894740192	0.02961827627584901	0.0	-0.298889140889361	-0.6504676591252603	-0.6084820552258015	-0.6209089254598088	-0.6406572422128924	
-0.9977238776673494	-0.5278605703492347	-0.1270914556204376	0.165870974947478	0.4611696503916277	0.49168771453514487	0.6645273951233607	0.9977238776673494	0.8064170272571645	0.32702237391822964	0.298889140889361	0.0	-0.3937169269506031	-0.34347827799822855	-0.3582318069078248	-0.3818762641966421	
-0.8905903618631075	-0.1508301799030995	0.27369777841538506	0.5407368128088632	0.7732715243924899	0.7948124717324808	0.9050651175576983	0.8905903618631075	0.9741075472896554	0.6726783740922179	0.6504676591252603	0.3937169269506031	0.0	0.05402730052405652	0.038288942685034466	0.012845702502923162	
-0.9138615767933751	-0.2040190975645187	0.22133372326698367	0.49449972048057556	0.7378847670273758	0.7608648715196067	0.8807668799601494	0.9138615767933751	0.9604700537930191	0.6317192089757896	0.6084820552258015	0.34347827799822855	-0.05402730052405652	0.0	-0.01575466271490672	-0.04119590193644218	
-0.9073513543836796	-0.18857048281296235	0.2366701705463709	0.5081319498159961	0.7484264291293274	0.7709938025104455	0.888118188071505	0.9073513543836796	0.9647366829434365	0.6438537766560296	0.6209089254598088	0.3582318069078248	-0.038288942685034466	0.01575466271490672	0.0	-0.025449500613507814	
-0.8963591866972844	-0.16351647864840174	0.2613199968502558	0.5298864968873119	0.7650625829321944	0.78695141188642	0.8995275105732488	0.8963591866972844	0.971122951892122	0.6631178868875929	0.6406572422128924	0.3818762641966421	-0.012845702502923162	0.04119590193644218	0.025449500613507814	0.0	
