0.0	-0.6967385526480806	0.28794463162213935	0.7929986871330872	0.7299123369684826	0.6531184570167864	0.809501873825618	0.9926586327907929	0.6967385526480806	0.9635634512711522	0.9169173609261735	0.6758908381356354	0.710942088364241	0.854039893806184	0.7442957085014774	0.2227864154065326	
0.6967385526480806	0.0	0.8737795554259536	0.9933073029406475	0.9998336907526515	0.9961075834681214	0.9897433167429647	0.7963293597316768	0.0	0.5048247792487104	0.9357803150503227	0.9983310359624169	0.9999584250747715	0.9750729377337523	0.9992190265616295	0.8390379192226125	
-0.28794463162213935	-0.8737795554259536	0.0	0.583990269114914	0.5021765082458255	0.4074092394571999	0.6061598157338036	0.9157897927231917	0.8737795554259536	0.9997730947059371	0.7631710975014333	0.4350491766580715	0.47833437706615745	0.6680778307679539	0.5204687143958117	-0.06735704430353784	
-0.7929986871330872	-0.9933073029406475	-0.583990269114914	0.0	-0.09736729658948357	-0.2026078108594812	0.02758419519942111	0.5088378289646497	0.9933073029406475	0.799136525030335	0.24213982257754407	-0.17267294148480478	-0.1245542529576667	0.10777716225557923	-0.07616201689742802	-0.6373417880945426	
-0.7299123369684826	-0.9998336907526515	-0.5021765082458255	0.09736729658948357	0.0	-0.10629722793720858	0.12478337609570196	0.5902399385814564	0.9998336907526515	0.8538717501947508	0.3354590779485224	-0.0759477254234359	-0.027353357618290455	0.2040652004082328	0.021284354604833952	-0.5592840570949517	
-0.6531184570167864	-0.9961075834681214	-0.4074092394571999	0.2026078108594812	0.10629722793720858	0.0	0.2295428132513453	0.6727019589077121	0.9961075834681214	0.9043600037378936	0.43369631264313735	0.030472784350877476	0.0790590699354275	0.3069694958320817	0.12743691359390116	-0.4679975179525036	
-0.809501873825618	-0.9897433167429647	-0.6061598157338036	-0.02758419519942111	-0.12478337609570196	-0.2295428132513453	0.0	0.48489801151766326	0.9897433167429647	0.7822502132636574	0.21528435722384423	-0.19977709556658663	-0.15187624955410772	0.08031263190725538	-0.10363711168214051	-0.6583551324500954	
-0.9926586327907929	-0.7963293597316768	-0.9157897927231917	-0.5088378289646497	-0.5902399385814564	-0.6727019589077121	-0.48489801151766326	0.0	0.7963293597316768	0.38205893736171154	-0.28524644204319777	-0.6498423276983553	-0.6120994789624765	-0.4130925816121389	-0.5729249031018115	-0.9407644628337712	
-0.6967385526480806	-0.0	-0.8737795554259536	-0.9933073029406475	-0.9998336907526515	-0.9961075834681214	-0.9897433167429647	-0.7963293597316768	0.0	-0.5048247792487104	-0.9357803150503227	-0.9983310359624169	-0.9999584250747715	-0.9750729377337523	-0.9992190265616295	-0.8390379192226125	
-0.9635634512711522	-0.5048247792487104	-0.9997730947059371	-0.799136525030335	-0.8538717501947508	-0.9043600037378936	-0.7822502132636574	-0.38205893736171154	0.5048247792487104	0.0	-0.6297930608474104	-0.8909351334237714	-0.8677892246347524	-0.7296914205927818	-0.8426001616219323	-0.9989373597471041	
-0.9169173609261735	-0.9357803150503227	-0.7631710975014333	-0.24213982257754407	-0.3354590779485224	-0.43369631264313735	-0.21528435722384423	0.28524644204319777	0.9357803150503227	0.6297930608474104	0.0	-0.40603712296375943	-0.36110191946060904	-0.1361595156824707	-0.31533205589811136	-0.8049637708160682	
-0.6758908381356354	-0.9983310359624169	-0.4350491766580715	0.17267294148480478	0.0759477254234359	-0.030472784350877476	0.19977709556658663	0.6498423276983553	0.9983310359624169	0.8909351334237714	0.40603712296375943	0.0	0.04864495215969276	0.2778253996033576	0.09715340155870145	-0.4947098854365995	
-0.710942088364241	-0.9999584250747715	-0.47833437706615745	0.1245542529576667	0.027353357618290455	-0.0790590699354275	0.15187624955410772	0.6120994789624765	0.9999584250747715	0.8677892246347524	0.36110191946060904	-0.04864495215969276	0.0	0.23076661380438745	0.04862355162819774	-0.5363995088408875	
-0.854039893806184	-0.9750729377337523	-0.6680778307679539	-0.10777716225557923	-0.2040652004082328	-0.3069694958320817	-0.08031263190725538	0.4130925816121389	0.9750729377337523	0.7296914205927818	0.1361595156824707	-0.2778253996033576	-0.23076661380438745	0.0	-0.1831824976780321	-0.7166803802901307	
-0.7442957085014774	-0.9992190265616295	-0.5204687143958117	0.07616201689742802	-0.021284354604833952	-0.12743691359390116	0.10363711168214051	0.5729249031018115	0.9992190265616295	0.8426001616219323	0.31533205589811136	-0.09715340155870145	-0.04862355162819774	0.1831824976780321	0.0	-0.5768015791379885	
-0.2227864154065326	-0.8390379192226125	0.06735704430353784	0.6373417880945426	0.5592840570949517	0.4679975179525036	0.6583551324500954	0.9407644628337712	0.8390379192226125	0.9989373597471041	0.8049637708160682	0.4947098854365995	0.5363995088408875	0.7166803802901307	0.5768015791379885	0.0	
