0.0	0.55452387852163	0.9792207835870426	0.4009869861912738	0.5329388627404943	0.9537190420636464	0.9997799174359266	0.48569952390836263	0.0	0.6304575243031816	0.8041653766206004	0.9695849049980526	0.9109180209022174	0.9762197660107853	0.9171242884523165	0.7827171378217465	
-0.55452387852163	0.0	0.9273318426044603	0.8416787772046423	0.9127070268557994	0.9603991571086335	0.8203513335371332	0.8889071577475595	0.5545238785216301	0.9550810633145134	0.9988126549410882	0.6711347420122833	0.529247093851304	0.6921671901551915	0.5421673440178705	0.30622876541799005	
-0.9792207835870426	-0.9273318426044603	0.0	0.8157292562111124	0.7204928911404549	0.10103943355114473	-0.22329548318460066	0.7574637366518041	0.9792207835870428	0.6322394816373854	0.4189719490298076	-0.4362983776146295	-0.588745670796011	-0.4102531647350779	-0.5763088610634842	-0.7681778378245564	
-0.4009869861912738	-0.8416787772046423	-0.8157292562111124	0.0	-0.14891998981523719	-0.7531100638707524	-0.9242944251465431	-0.09442835775191966	0.40098698619127393	-0.2662962709230999	-0.4983339136387198	-0.9863646289953979	-0.9999193728698886	-0.981226317735429	-0.9999966130196865	-0.9665997705236478	
-0.5329388627404943	-0.9127070268557994	-0.7204928911404549	0.14891998981523719	0.0	-0.6467386719709642	-0.857148028462427	0.054879153989404905	0.5329388627404944	-0.1197841958310098	-0.36366569122014636	-0.9508574656461921	-0.9906605568109512	-0.9415642234162344	-0.9884583082264071	-0.9939882538864879	
-0.9537190420636464	-0.9603991571086335	-0.10103943355114473	0.7531100638707524	0.6467386719709642	0.0	-0.3206410199989217	0.6876210103294799	0.9537190420636467	0.5507213191216307	0.32508410470922405	-0.52498107571835	-0.6674047456592692	-0.5002987637366986	-0.6559322108693602	-0.8289357634826884	
-0.9997799174359266	-0.8203513335371332	0.22329548318460066	0.9242944251465431	0.857148028462427	0.3206410199989217	0.0	0.884122923527737	0.9997799174359269	0.7892792587965973	0.6111453586081059	-0.22436046066562967	-0.3933864813501816	-0.1962554451887255	-0.379273316729329	-0.605820039497596	
-0.48569952390836263	-0.8889071577475595	-0.7574637366518041	0.09442835775191966	-0.054879153989404905	-0.6876210103294799	-0.884122923527737	0.0	0.48569952390836274	-0.17408770298678244	-0.41423920088829747	-0.9664167012099643	-0.9966504758301435	-0.958630427666126	-0.9952825208405023	-0.986481776383111	
-0.0	-0.5545238785216301	-0.9792207835870428	-0.40098698619127393	-0.5329388627404944	-0.9537190420636467	-0.9997799174359269	-0.48569952390836274	0.0	-0.6304575243031817	-0.8041653766206006	-0.9695849049980528	-0.9109180209022176	-0.9762197660107855	-0.9171242884523167	-0.7827171378217467	
-0.6304575243031816	-0.9550810633145134	-0.6322394816373854	0.2662962709230999	0.1197841958310098	-0.5507213191216307	-0.7892792587965973	0.17408770298678244	0.6304575243031817	0.0	-0.2494647654767796	-0.9069225935898197	-0.9671950302507574	-0.894437585561517	-0.9631948773117315	-0.9999462754024784	
-0.8041653766206004	-0.9988126549410882	-0.4189719490298076	0.4983339136387198	0.36366569122014636	-0.32508410470922405	-0.6111453586081059	0.41423920088829747	0.8041653766206006	0.2494647654767796	0.0	-0.7731503857352956	-0.8732432941025192	-0.7546000872950797	-0.8656852439723539	-0.9657459899633876	
-0.9695849049980526	-0.6711347420122833	0.4362983776146295	0.9863646289953979	0.9508574656461921	0.52498107571835	0.22436046066562967	0.9664167012099643	0.9695849049980528	0.9069225935898197	0.7731503857352956	0.0	-0.1770865810180023	0.028745125535344473	-0.16200690982061414	-0.41187383407910183	
-0.9109180209022174	-0.529247093851304	0.588745670796011	0.9999193728698886	0.9906605568109512	0.6674047456592692	0.3933864813501816	0.9966504758301435	0.9109180209022176	0.9671950302507574	0.8732432941025192	0.1770865810180023	0.0	0.20530422093224082	0.015300765170576602	-0.24399574987212624	
-0.9762197660107853	-0.6921671901551915	0.4102531647350779	0.981226317735429	0.9415642234162344	0.5002987637366986	0.1962554451887255	0.958630427666126	0.9762197660107855	0.894437585561517	0.7546000872950797	-0.028745125535344473	-0.20530422093224082	0.0	-0.19030535587871616	-0.43789737043902327	
-0.9171242884523165	-0.5421673440178705	0.5763088610634842	0.9999966130196865	0.9884583082264071	0.6559322108693602	0.379273316729329	0.9952825208405023	0.9171242884523167	0.9631948773117315	0.8656852439723539	0.16200690982061414	-0.015300765170576602	0.19030535587871616	0.0	-0.2588055063112713	
-0.7827171378217465	-0.30622876541799005	0.7681778378245564	0.9665997705236478	0.9939882538864879	0.8289357634826884	0.605820039497596	0.986481776383111	0.7827171378217467	0.9999462754024784	0.9657459899633876	0.41187383407910183	0.24399574987212624	0.43789737043902327	0.2588055063112713	0.0	
