0.0	-0.9988552007462582	-0.5601015207430985	0.21777985961668672	0.6279254587859139	0.2403308367989113	0.6191391272384024	0.9988552021718831	0.495422988900587	0.14091414914431372	0.4331335481933387	0.5662714084119995	0.6059456142415933	0.5131707415606478	-0.08226088094855197	-0.36359922179855164	
0.9988552007462582	0.0	0.8006825524388693	0.9852983235281721	0.8074199939452613	0.9810762689898982	0.8139994958515063	2.980232238769532e-08	0.8913565129339645	0.9956292196708534	0.9210173138343338	0.8503634613049786	0.8235814248563675	0.8818520399308974	0.9915348753229568	0.9130958809931109	
0.5601015207430985	-0.8006825524388693	0.0	0.727071974715493	0.9561006689014382	0.7427813536034273	0.9527469562270556	0.8006825702931079	0.8969535134212001	0.6712493864422038	0.8636543839178805	0.9307590367724672	0.9475440372746764	0.9058505448531755	0.49005635556459193	0.22055132554694767	
-0.21777985961668672	-0.9852983235281721	-0.727071974715493	0.0	0.44336164899422054	0.0231654382326085	0.43326004393907636	0.9852983184366635	0.2943569237325091	-0.07807489686056064	0.22644597276796383	0.37318145199187247	0.41815645597210416	0.31393605164221816	-0.2973282151622755	-0.5577461037768967	
-0.6279254587859139	-0.8074199939452613	-0.9561006689014382	-0.44336164899422054	0.0	-0.42247849658402936	-0.011238562415821274	0.8074199763625737	-0.15987404431404023	-0.5119901590455771	-0.22887154445273117	-0.07683396889356658	-0.02792711080399385	-0.13955278964055745	-0.6898187755062298	-0.8679270336716653	
-0.2403308367989113	-0.9810762689898982	-0.7427813536034273	-0.0231654382326085	0.42247849658402936	0.0	0.4122654861657352	0.9810762632195218	0.2721388252068433	-0.10114867073733098	0.20382151841796745	0.351589377618977	0.39700133625664513	0.2918575160622672	-0.31936621467072335	-0.5768240127858446	
-0.6191391272384024	-0.8139994958515063	-0.9527469562270556	-0.43326004393907636	0.011238562415821274	-0.4122654861657352	0.0	0.8139994785403625	-0.14876994199645305	-0.5023039969991645	-0.2179168370254999	-0.06562377635550093	-0.016691168126057754	-0.12841538727963642	-0.6816386924207204	-0.8622901191640038	
-0.9988552021718831	-2.980232238769532e-08	-0.8006825702931079	-0.9852983184366635	-0.8074199763625737	-0.9810762632195218	-0.8139994785403625	0.0	-0.891356499424483	-0.9956292168874918	-0.9210173022256837	-0.8503634456231223	-0.8235814079525476	-0.8818520258783202	-0.9915348791925087	-0.9130958931448555	
-0.495422988900587	-0.8913565129339645	-0.8969535134212001	-0.2943569237325091	0.15987404431404023	-0.2721388252068433	0.14876994199645305	0.891356499424483	0.0	-0.3680742303459829	-0.07029721749879875	0.08355575489060812	0.13224379122617774	0.020551837074336388	-0.5651999840447968	-0.7773551405470724	
-0.14091414914431372	-0.9956292196708534	-0.6712493864422038	0.07807489686056064	0.5119901590455771	0.10114867073733098	0.5023039969991645	0.9956292168874918	0.3680742303459829	0.0	0.30180154766139616	0.44447695375090907	0.4878013179203665	0.3871055132025347	-0.22187663421656528	-0.49124051039925604	
-0.4331335481933387	-0.9210173138343338	-0.8636543839178805	-0.22644597276796383	0.22887154445273117	-0.20382151841796745	0.2179168370254999	0.9210173022256837	0.07029721749879875	-0.30180154766139616	0.0	0.1534004409381201	0.20159644464370885	0.09078336362068268	-0.505809764952406	-0.7312107268428425	
-0.5662714084119995	-0.8503634613049786	-0.9307590367724672	-0.37318145199187247	0.07683396889356658	-0.351589377618977	0.06562377635550093	0.8503634456231223	-0.08355575489060812	-0.44447695375090907	-0.1534004409381201	0.0	0.048959445230039034	-0.06305813753750433	-0.6321531862880676	-0.8271985596153213	
-0.6059456142415933	-0.8235814248563675	-0.9475440372746764	-0.41815645597210416	0.02792711080399385	-0.39700133625664513	0.016691168126057754	0.8235814079525476	-0.13224379122617774	-0.4878013179203665	-0.20159644464370885	-0.048959445230039034	0.0	-0.11184452500577452	-0.6693309922314921	-0.853717344614378	
-0.5131707415606478	-0.8818520399308974	-0.9058505448531755	-0.31393605164221816	0.13955278964055745	-0.2918575160622672	0.12841538727963642	0.8818520258783202	-0.020551837074336388	-0.3871055132025347	-0.09078336362068268	0.06305813753750433	0.11184452500577452	0.0	-0.5820349260727392	-0.7901193338493049	
0.08226088094855197	-0.9915348753229568	-0.49005635556459193	0.2973282151622755	0.6898187755062298	0.31936621467072335	0.6816386924207204	0.9915348791925087	0.5651999840447968	0.22187663421656528	0.505809764952406	0.6321531862880676	0.6693309922314921	0.5820349260727392	0.0	-0.285736348250808	
0.36359922179855164	-0.9130958809931109	-0.22055132554694767	0.5577461037768967	0.8679270336716653	0.5768240127858446	0.8622901191640038	0.9130958931448555	0.7773551405470724	0.49124051039925604	0.7312107268428425	0.8271985596153213	0.853717344614378	0.7901193338493049	0.285736348250808	0.0	
