0.0	-0.5364821327269972	-0.7578857738215716	-0.5524053660084259	-0.48147579833460713	-0.6154620210917954	-0.5075110654451948	-0.7499981829025022	-0.9695305183521562	-0.30545642151035945	-0.9438285580353166	-0.986773491128073	-0.8067801283965251	0.30545642151035945	-0.10358968582233946	-0.5866774963562269	
0.5364821327269972	0.0	-0.28959454003898594	-0.018982914138623852	0.06388175157073173	-0.09655831902612583	0.033962760502818656	-0.2780815436062411	-0.9496204542685012	-0.7686197775476044	-0.9737807115783378	-0.7457831607438262	-0.36386975003329636	0.7686197775476044	0.4461753759337253	-0.06064967133292998	
0.7578857738215716	0.28959454003898594	0.0	0.2713728723320296	0.3501474170743105	0.1958206213532504	0.32193490901398086	0.012006612249079396	-0.8181690713034158	-0.9209393059943755	-0.8661741419516022	-0.5209012855228512	-0.0785349302585277	0.9209393059943755	0.6862278443399858	0.23101063214977613	
0.5524053660084259	0.018982914138623852	-0.2713728723320296	0.0	0.08281438166722538	-0.07764670679538499	0.05292860357087292	-0.259797255609176	-0.9435000518129144	-0.7806247607653126	-0.9692868451543188	-0.7330025725523494	-0.3461225513635713	0.7806247607653126	0.4630836533090137	-0.04169077400001053	
0.48147579833460713	-0.06388175157073173	-0.3501474170743105	-0.08281438166722538	0.0	-0.15994434937728563	-0.02995150741320679	-0.338875648820772	-0.9677015176786874	-0.7261843190654046	-0.9863241191092291	-0.7868171854574529	-0.4226291842544999	0.7261843190654046	0.3880933623858291	-0.12428994542499122	
0.6154620210917954	0.09655831902612583	-0.1958206213532504	0.07764670679538499	0.15994434937728563	0.0	0.13030667812201235	-0.1840323451978787	-0.9149215920064279	-0.8267971961882963	-0.9472646241772864	-0.6779722933099854	-0.2722302754159534	0.8267971961882963	0.5305049827443947	0.03601429084559482	
0.5075110654451948	-0.033962760502818656	-0.32193490901398086	-0.05292860357087292	0.02995150741320679	-0.13030667812201235	0.0	-0.3105443014343483	-0.9597166240973958	-0.7464501818125239	-0.9809450820670239	-0.7679785273660875	-0.39529444107275763	0.7464501818125239	0.41552315562171355	-0.0945149214205403	
0.7499981829025022	0.2780815436062411	-0.012006612249079396	0.259797255609176	0.338875648820772	0.1840323451978787	0.3105443014343483	0.0	-0.8250136305227689	-0.9161938736097905	-0.872111918309187	-0.5311127853339632	-0.0904987974828218	0.9161938736097905	0.6774449301673964	0.21931213234332597	
0.9695305183521562	0.9496204542685012	0.8181690713034158	0.9435000518129144	0.9677015176786874	0.9149215920064279	0.9597166240973958	0.8250136305227689	0.0	-0.8483650019695167	-0.0891571426277783	0.39889633491258136	0.7704862090357846	0.8483650019695167	0.9896909806003222	0.9288645658721058	
0.30545642151035945	0.7686197775476044	0.9209393059943755	0.7806247607653126	0.7261843190654046	0.8267971961882963	0.7464501818125239	0.9161938736097905	0.8483650019695167	0.0	0.7977856087211919	0.9891277516361812	0.948700394717382	0.0	0.4024518279374242	0.80600278889514	
0.9438285580353166	0.9737807115783378	0.8661741419516022	0.9692868451543188	0.9863241191092291	0.9472646241772864	0.9809450820670239	0.872111918309187	0.0891571426277783	-0.7977856087211919	0.0	0.47906450460719296	0.8242516181907159	0.7977856087211919	0.9729805856111778	0.9581909753756477	
0.986773491128073	0.7457831607438262	0.5209012855228512	0.7330025725523494	0.7868171854574529	0.6779722933099854	0.7679785273660875	0.5311127853339632	-0.39889633491258136	-0.9891277516361812	-0.47906450460719296	0.0	0.45225366479834295	0.9891277516361812	0.9646723443479617	0.7040061292126045	
0.8067801283965251	0.36386975003329636	0.0785349302585277	0.3461225513635713	0.4226291842544999	0.2722302754159534	0.39529444107275763	0.0904987974828218	-0.7704862090357846	-0.948700394717382	-0.8242516181907159	-0.45225366479834295	0.0	0.948700394717382	0.7412335955123783	0.306707780719035	
-0.30545642151035945	-0.7686197775476044	-0.9209393059943755	-0.7806247607653126	-0.7261843190654046	-0.8267971961882963	-0.7464501818125239	-0.9161938736097905	-0.8483650019695167	-0.0	-0.7977856087211919	-0.9891277516361812	-0.948700394717382	0.0	-0.4024518279374242	-0.80600278889514	
0.10358968582233946	-0.4461753759337253	-0.6862278443399858	-0.4630836533090137	-0.3880933623858291	-0.5305049827443947	-0.41552315562171355	-0.6774449301673964	-0.9896909806003222	-0.4024518279374242	-0.9729805856111778	-0.9646723443479617	-0.7412335955123783	0.4024518279374242	0.0	-0.49963217139163074	
0.5866774963562269	0.06064967133292998	-0.23101063214977613	0.04169077400001053	0.12428994542499122	-0.03601429084559482	0.0945149214205403	-0.21931213234332597	-0.9288645658721058	-0.80600278889514	-0.9581909753756477	-0.7040061292126045	-0.306707780719035	0.80600278889514	0.49963217139163074	0.0	
