0.0	-0.6527473891009263	-0.8341648664186563	-0.947007300571623	-0.8341648664186558	-0.9940317828802681	-0.9902369932518116	-0.9567507158883477	-0.7907638456040483	-0.947007300571623	-0.9055486402897802	-0.795418446663475	-0.0	-0.5481748409757864	-0.7907638456040483	-0.853427138523791	
0.6527473891009263	0.0	-0.9919430632366222	-0.9270999775770348	-0.2719428971144789	-0.6818454905611924	-0.8411685139799822	-0.9147011473814769	-0.9986240336633432	-0.9270999775770348	-0.962944742568996	-0.9981941344346317	-0.6527473891009263	-0.9612181669334376	-0.9986240336633432	-0.986755487037601	
0.8341648664186563	0.9919430632366222	0.0	0.25434509039223996	0.9201091454719312	0.6392233597247821	0.4298531101031325	0.28499642979788903	-0.07449186798734653	0.25434509039223996	0.14553565619930853	-0.06686915489985784	-0.8341648664186563	-0.39533852939325476	-0.07449186798734653	0.03590113326417982	
0.947007300571623	0.9270999775770348	-0.25434509039223996	0.0	0.7902326821356638	0.4226048097654139	0.18606887215124365	0.03182686469878515	-0.32568051657783864	0.0	-0.11088757819778933	-0.3184458675776659	-0.947007300571623	-0.6159622320433753	-0.32568051657783864	-0.21946065431527395	
0.8341648664186558	0.2719428971144789	-0.9201091454719312	-0.7902326821356638	0.0	-0.45722384290634555	-0.6624083244827937	-0.7703286253140194	-0.9467283712731032	-0.7902326821356638	-0.853311956716248	-0.9442398243147744	-0.8341648664186558	-0.9999920035498855	-0.9467283712731032	-0.9054548825088176	
0.9940317828802681	0.6818454905611924	-0.6392233597247821	-0.4226048097654139	0.45722384290634555	0.0	-0.24658790200654274	-0.3935455819569042	-0.6947331754327302	-0.4226048097654139	-0.5204975585939908	-0.6892164130532341	-0.9940317828802681	-0.8911730243096637	-0.6947331754327302	-0.6112025521410371	
0.9902369932518116	0.8411685139799822	-0.4298531101031325	-0.18606887215124365	0.6624083244827937	0.24658790200654274	0.0	-0.1547035463642682	-0.495917436014256	-0.18606887215124365	-0.2938724928861492	-0.48926707471300707	-0.9902369932518116	-0.7517860343712455	-0.495917436014256	-0.39716091245293544	
0.9567507158883477	0.9147011473814769	-0.28499642979788903	-0.03182686469878515	0.7703286253140194	0.3935455819569042	0.1547035463642682	0.0	-0.3556071860335099	-0.03182686469878515	-0.1424619892529838	-0.3484545334109985	-0.9567507158883477	-0.6407226138557185	-0.3556071860335099	-0.25040044364008274	
0.7907638456040483	0.9986240336633432	0.07449186798734653	0.32568051657783864	0.9467283712731032	0.6947331754327302	0.495917436014256	0.3556071860335099	0.0	0.32568051657783864	0.21883005660615623	0.007641769749928695	-0.7907638456040483	-0.3258167046729836	0.0	0.11024523285916543	
0.947007300571623	0.9270999775770348	-0.25434509039223996	0.0	0.7902326821356638	0.4226048097654139	0.18606887215124365	0.03182686469878515	-0.32568051657783864	0.0	-0.11088757819778933	-0.3184458675776659	-0.947007300571623	-0.6159622320433753	-0.32568051657783864	-0.21946065431527395	
0.9055486402897802	0.962944742568996	-0.14553565619930853	0.11088757819778933	0.853311956716248	0.5204975585939908	0.2938724928861492	0.1424619892529838	-0.21883005660615623	0.11088757819778933	0.0	-0.21136711096701405	-0.9055486402897802	-0.5248090282429507	-0.21883005660615623	-0.10992294197763297	
0.795418446663475	0.9981941344346317	0.06686915489985784	0.3184458675776659	0.9442398243147744	0.6892164130532341	0.48926707471300707	0.3484545334109985	-0.007641769749928695	0.3184458675776659	0.21136711096701405	0.0	-0.795418446663475	-0.3330319721993236	-0.007641769749928695	0.10264682513392787	
0.0	0.6527473891009263	0.8341648664186563	0.947007300571623	0.8341648664186558	0.9940317828802681	0.9902369932518116	0.9567507158883477	0.7907638456040483	0.947007300571623	0.9055486402897802	0.795418446663475	0.0	0.5481748409757864	0.7907638456040483	0.853427138523791	
0.5481748409757864	0.9612181669334376	0.39533852939325476	0.6159622320433753	0.9999920035498855	0.8911730243096637	0.7517860343712455	0.6407226138557185	0.3258167046729836	0.6159622320433753	0.5248090282429507	0.3330319721993236	-0.5481748409757864	0.0	0.3258167046729836	0.4280601380866852	
0.7907638456040483	0.9986240336633432	0.07449186798734653	0.32568051657783864	0.9467283712731032	0.6947331754327302	0.495917436014256	0.3556071860335099	0.0	0.32568051657783864	0.21883005660615623	0.007641769749928695	-0.7907638456040483	-0.3258167046729836	0.0	0.11024523285916543	
0.853427138523791	0.986755487037601	-0.03590113326417982	0.21946065431527395	0.9054548825088176	0.6112025521410371	0.39716091245293544	0.25040044364008274	-0.11024523285916543	0.21946065431527395	0.10992294197763297	-0.10264682513392787	-0.853427138523791	-0.4280601380866852	-0.11024523285916543	0.0	
