0.0	0.4288818035494171	0.6158409994375689	0.581086826648093	0.9309440598408554	0.7366638660619762	0.9998914249778222	0.7099676174624922	0.907697237065339	0.9873608147785926	0.907697237065339	0.8557849539545346	0.765960261880916	-0.7366638660619762	-0.152318361507929	0.3838101266611596	
-0.4288818035494171	0.0	0.2184231989586815	0.175889112359674	0.6843669358092925	0.9555083377498966	0.896942695636515	0.3393234959858026	0.6400081073611892	0.9599157281539109	0.6400081073611892	0.5512082585015171	0.41621540187181827	-0.9555083377498966	-0.5614757967117368	-0.04931566744993238	
-0.6158409994375689	-0.2184231989586815	0.0	-0.04337585938479499	0.5085817032190006	0.9968637698545721	0.7787101240948929	0.12566614459105982	0.4567251318628714	0.8755161692666457	0.4567251318628714	0.3556536003346278	0.2075607257245965	-0.9968637698545721	-0.7286621848722152	-0.26628232917138783	
-0.581086826648093	-0.175889112359674	0.04337585938479499	0.0	0.5454502492629698	0.992492921795757	0.8051905365050532	0.16857987177720368	0.4948827790320525	0.8956508852867615	0.4948827790320525	0.39585872011349743	0.24979660042488516	-0.992492921795757	-0.6982694184522957	-0.2242219334085571	
-0.9309440598408554	-0.6843669358092925	-0.5085817032190006	-0.5454502492629698	0.0	0.898560897732305	0.3514041458954861	-0.39634969011835913	-0.059191671842879656	0.5080904527099912	-0.059191671842879656	-0.16910690092729602	-0.3187932438652138	-0.898560897732305	-0.9757021722473547	-0.7194921431301073	
-0.7366638660619762	-0.9555083377498966	-0.9968637698545721	-0.992492921795757	-0.898560897732305	0.0	-0.6870408517421218	-0.9989060297586407	-0.9229615903794431	-0.5509589297968264	-0.9229615903794431	-0.9598319366888699	-0.9915798852629004	-0.0	-0.6250614142965811	-0.939799364400485	
-0.9998914249778222	-0.896942695636515	-0.7787101240948929	-0.8051905365050532	-0.3514041458954861	0.6870408517421218	0.0	-0.6936960538533569	-0.4062046622791491	0.17302071082274556	-0.4062046622791491	-0.5046650397411563	-0.63153122497859	-0.6870408517421218	-0.9904686773446927	-0.9176560986340613	
-0.7099676174624922	-0.3393234959858026	-0.12566614459105982	-0.16857987177720368	0.39634969011835913	0.9989060297586407	0.6936960538533569	0.0	0.3413108930031141	0.8078551156629359	0.3413108930031141	0.2353843664865063	0.08298590212021967	-0.9989060297586407	-0.8089511652238016	-0.38530037770040065	
-0.907697237065339	-0.6400081073611892	-0.4567251318628714	-0.4948827790320525	0.059191671842879656	0.9229615903794431	0.4062046622791491	-0.3413108930031141	0.0	0.5581815920624281	0.0	-0.11047121842682883	-0.2621309794138724	-0.9229615903794431	-0.9610224534549769	-0.67712196095851	
-0.9873608147785926	-0.9599157281539109	-0.8755161692666457	-0.8956508852867615	-0.5080904527099912	0.5509589297968264	-0.17302071082274556	-0.8078551156629359	-0.5581815920624281	0.0	-0.5581815920624281	-0.6464251915032267	-0.7561582737269354	-0.5509589297968264	-0.9516990598428017	-0.972570371019356	
-0.907697237065339	-0.6400081073611892	-0.4567251318628714	-0.4948827790320525	0.059191671842879656	0.9229615903794431	0.4062046622791491	-0.3413108930031141	0.0	0.5581815920624281	0.0	-0.11047121842682883	-0.2621309794138724	-0.9229615903794431	-0.9610224534549769	-0.67712196095851	
-0.8557849539545346	-0.5512082585015171	-0.3556536003346278	-0.39585872011349743	0.16910690092729602	0.9598319366888699	0.5046650397411563	-0.2353843664865063	0.11047121842682883	0.6464251915032267	0.11047121842682883	0.0	-0.15391826596601543	-0.9598319366888699	-0.9245983316829114	-0.5916849715000385	
-0.765960261880916	-0.41621540187181827	-0.2075607257245965	-0.24979660042488516	0.3187932438652138	0.9915798852629004	0.63153122497859	-0.08298590212021967	0.2621309794138724	0.7561582737269354	0.2621309794138724	0.15391826596601543	0.0	-0.9915798852629004	-0.8549462747243584	-0.46055003040662074	
0.7366638660619762	0.9555083377498966	0.9968637698545721	0.992492921795757	0.898560897732305	0.0	0.6870408517421218	0.9989060297586407	0.9229615903794431	0.5509589297968264	0.9229615903794431	0.9598319366888699	0.9915798852629004	0.0	0.6250614142965811	0.939799364400485	
0.152318361507929	0.5614757967117368	0.7286621848722152	0.6982694184522957	0.9757021722473547	0.6250614142965811	0.9904686773446927	0.8089511652238016	0.9610224534549769	0.9516990598428017	0.9610224534549769	0.9245983316829114	0.8549462747243584	-0.6250614142965811	0.0	0.5199842391775772	
-0.3838101266611596	0.04931566744993238	0.26628232917138783	0.2242219334085571	0.7194921431301073	0.939799364400485	0.9176560986340613	0.38530037770040065	0.67712196095851	0.972570371019356	0.67712196095851	0.5916849715000385	0.46055003040662074	-0.939799364400485	-0.5199842391775772	0.0	
