0.0	0.15050634376683625	0.7663756748931647	0.997037034647109	0.4720467297245946	0.9390393477016606	0.8825244536981863	0.4574273112518509	0.11271220013914644	-0.02335822268932091	0.20266286375208792	0.004676642510318477	-0.4859202245868905	-0.4814354957726902	-0.6325483182781401	-0.997037034647109	
-0.15050634376683625	0.0	0.6609617527913274	0.9741024259365665	0.333987257429769	0.8765972516387617	0.8016935631279876	0.31837945951630064	-0.03811896834103637	-0.17355742972603783	0.05297121779690614	-0.14588132681886906	-0.6119281494019786	-0.607867514569338	-0.7419132966504536	-0.9741024259365665	
-0.7663756748931647	-0.6609617527913274	0.0	0.5815373351277338	-0.37237715472346217	0.33974459718755234	0.20652641559288654	-0.38764933623733	-0.6890865916867934	-0.781171727288336	-0.6202831490405534	-0.7633630533468294	-0.9819663505567514	-0.9809847471317097	-0.9999183721552815	-0.5815373351277338	
-0.997037034647109	-0.9741024259365665	-0.5815373351277338	0.0	-0.8426501943262167	-0.2705572487724906	-0.40098667543501276	-0.8514255157902756	-0.9820134291197334	-0.9985617876720009	-0.9607576511080561	-0.996666390014741	-0.9087919784099461	-0.91091801441116	-0.8208835508767502	-0.0	
-0.4720467297245946	-0.333987257429769	0.37237715472346217	0.8426501943262167	0.0	0.6655379903408429	0.556022428796133	-0.016510337173394174	-0.36967460345329384	-0.49250992703654856	-0.28358886973552844	-0.4679187633966737	-0.8409447432214023	-0.8381610258982852	-0.9232479105650122	-0.8426501943262167	
-0.9390393477016606	-0.8765972516387617	-0.33974459718755234	0.2705572487724906	-0.6655379903408429	0.0	-0.138178295472532	-0.6777699951313552	-0.8943039387275272	-0.9468139230519955	-0.8498754827604604	-0.9374212037723699	-0.98778744566725	-0.9885728282990863	-0.9447818427293734	-0.2705572487724906	
-0.8825244536981863	-0.8016935631279876	-0.20652641559288654	0.40098667543501276	-0.556022428796133	0.138178295472532	0.0	-0.5696694923639263	-0.8238959497970492	-0.8932682551000773	-0.7689052528342049	-0.8803155344629174	-0.9998411744134444	-0.9999193683624865	-0.9809999232695275	-0.40098667543501276	
-0.4574273112518509	-0.31837945951630064	0.38764933623733	0.8514255157902756	0.016510337173394174	0.6777699951313552	0.5696694923639263	0.0	-0.3542834489404333	-0.478073736371841	-0.2677176940612053	-0.4532636186357606	-0.8318960281316934	-0.8290416651408969	-0.9167787172561586	-0.8514255157902756	
-0.11271220013914644	0.03811896834103637	0.6890865916867934	0.9820134291197334	0.36967460345329384	0.8943039387275272	0.8238959497970492	0.3542834489404333	0.0	-0.13589082422863807	0.09099816955507392	-0.10806412613661033	-0.581334603669706	-0.5771577942017336	-0.7158154706321368	-0.9820134291197334	
0.02335822268932091	0.17355742972603783	0.781171727288336	0.9985617876720009	0.49250992703654856	0.9468139230519955	0.8932682551000773	0.478073736371841	0.13589082422863807	0.0	0.22548107530191508	0.028033333787069487	-0.4653724852695399	-0.46083109002849304	-0.614284301808441	-0.9985617876720009	
-0.20266286375208792	-0.05297121779690614	0.6202831490405534	0.9607576511080561	0.28358886973552844	0.8498754827604604	0.7689052528342049	0.2677176940612053	-0.09099816955507392	-0.22548107530191508	0.0	-0.19808105202677667	-0.6529646701939318	-0.6490752770799497	-0.7763886604100945	-0.9607576511080561	
-0.004676642510318477	0.14588132681886906	0.7633630533468294	0.996666390014741	0.4679187633966737	0.9374212037723699	0.8803155344629174	0.4532636186357606	0.10806412613661033	-0.028033333787069487	0.19808105202677667	0.0	-0.49000231114419346	-0.48552922176824975	-0.6361635583804739	-0.996666390014741	
0.4859202245868905	0.6119281494019786	0.9819663505567514	0.9087919784099461	0.8409447432214023	0.98778744566725	0.9998411744134444	0.8318960281316934	0.581334603669706	0.4653724852695399	0.6529646701939318	0.49000231114419346	0.0	0.005123951553802686	-0.1764938634084377	-0.9087919784099461	
0.4814354957726902	0.607867514569338	0.9809847471317097	0.91091801441116	0.8381610258982852	0.9885728282990863	0.9999193683624865	0.8290416651408969	0.5771577942017336	0.46083109002849304	0.6490752770799497	0.48552922176824975	-0.005123951553802686	0.0	-0.18153506091286709	-0.91091801441116	
0.6325483182781401	0.7419132966504536	0.9999183721552815	0.8208835508767502	0.9232479105650122	0.9447818427293734	0.9809999232695275	0.9167787172561586	0.7158154706321368	0.614284301808441	0.7763886604100945	0.6361635583804739	0.1764938634084377	0.18153506091286709	0.0	-0.8208835508767502	
0.997037034647109	0.9741024259365665	0.5815373351277338	0.0	0.8426501943262167	0.2705572487724906	0.40098667543501276	0.8514255157902756	0.9820134291197334	0.9985617876720009	0.9607576511080561	0.996666390014741	0.9087919784099461	0.91091801441116	0.8208835508767502	0.0	
