0.0	0.4485521093727453	0.9064421008118063	0.9917100711682699	-0.026946205329721196	0.7015484008818473	0.8885430236656566	0.9986736492887929	0.9332251319867281	0.10455460735896033	-0.04327977583568199	-0.048752740953202256	-0.10993215141288892	-0.5627717938333026	-0.9064420945185973	-0.6030007236509862	
-0.4485521093727453	0.0	0.9995757433167826	0.8287105023923083	-0.4724725844569934	0.30736555531042065	0.5883485599956441	0.869476508687619	0.6729149425245181	-0.3526472823963544	-0.4868134010514438	-0.4915918141982789	-0.5440860718930579	-0.8737597452015444	-0.999575743750796	-0.8967641719293196	
-0.9064421008118063	-0.9995757433167826	0.0	-0.535302895187011	-0.8947327644281581	-0.942235418762001	-0.7911280344076997	-0.4684402052444701	-0.7198066045647589	-0.9456305833944336	-0.8873144045793202	-0.8847744804538459	-0.854520583131885	-0.5116007262289723	-1.4901161193847656e-08	-0.46844034167225596	
-0.9917100711682699	-0.8287105023923083	0.535302895187011	0.0	-0.9948124368973372	-0.616568298837095	-0.340816016778733	0.07726475465721644	-0.23639826949192022	-0.9728398408931317	-0.9963420937895948	-0.9967953226688162	-0.999825213796077	-0.8920734842993683	-0.5353029077734284	-0.8686104021900283	
0.026946205329721196	0.4724725844569934	0.8947327644281581	0.9948124368973372	0.0	0.720496111752932	0.9005831189922411	0.999698403387675	0.9425678242167115	0.13131515916525854	-0.0163431037969326	-0.02182087509835151	-0.08310934650340646	-0.5402933780152646	-0.8947327577732707	-0.5812856820321011	
-0.7015484008818473	-0.30736555531042065	0.942235418762001	0.616568298837095	-0.720496111752932	0.0	0.31132942777856903	0.6755557875100446	0.4129757436518926	-0.623195424011145	-0.7317331561789598	-0.7354564407304676	-0.7756364302905416	-0.9809519961722305	-0.9422354237531652	-0.9893651355873929	
-0.8885430236656566	-0.5883485599956441	0.7911280344076997	0.340816016778733	-0.9005831189922411	-0.31132942777856903	0.0	0.41243609985382046	0.10891090271031245	-0.8357040964375065	-0.907566922627183	-0.9098538687780943	-0.9335937825793135	-0.9926765299875322	-0.7911280435220035	-0.9854795734276314	
-0.9986736492887929	-0.869476508687619	0.4684402052444701	-0.07726475465721644	-0.999698403387675	-0.6755557875100446	-0.41243609985382046	0.0	-0.31076636438600996	-0.9878168313951954	-0.9999662424675163	-0.99999625167342	-0.9982808917515151	-0.854491531403135	-0.4684402184095745	-0.82772943530491	
-0.9332251319867281	-0.6729149425245181	0.7198066045647589	0.23639826949192022	-0.9425678242167115	-0.4129757436518926	-0.10891090271031245	0.31076636438600996	0.0	-0.8905446121284	-0.947900776065405	-0.9496318909479841	-0.9670667015957983	-0.9736148713007924	-0.7198066149087672	-0.9611250430072263	
-0.10455460735896033	0.3526472823963544	0.9456305833944336	0.9728398408931317	-0.13131515916525854	0.623195424011145	0.8357040964375065	0.9878168313951954	0.8905446121284	0.0	-0.1474992045577715	-0.1529158135424164	-0.21325054115509567	-0.646113449774043	-0.94563057854794	-0.6831032247216233	
0.04327977583568199	0.4868134010514438	0.8873144045793202	0.9963420937895948	0.0163431037969326	0.7317331561789598	0.907566922627183	0.9999662424675163	0.947900776065405	0.1474992045577715	0.0	-0.005478748313740511	-0.06681168288177353	-0.5264688764823259	-0.8873143977074263	-0.5679096708176682	
0.048752740953202256	0.4915918141982789	0.8847744804538459	0.9967953226688162	0.02182087509835151	0.7354564407304676	0.9098538687780943	0.99999625167342	0.9496318909479841	0.1529158135424164	0.005478748313740511	0.0	-0.06134417352537419	-0.5218029738491018	-0.884774473509615	-0.5633916395704176	
0.10993215141288892	0.5440860718930579	0.854520583131885	0.999825213796077	0.08310934650340646	0.7756364302905416	0.9335937825793135	0.9982808917515151	0.9670667015957983	0.21325054115509567	0.06681168288177353	0.06134417352537419	0.0	-0.4684896173264023	-0.8545205753919605	-0.5116486480705275	
0.5627717938333026	0.8737597452015444	0.5116007262289723	0.8920734842993683	0.5402933780152646	0.9809519961722305	0.9926765299875322	0.854491531403135	0.9736148713007924	0.646113449774043	0.5264688764823259	0.5218029738491018	0.4684896173264023	0.0	-0.5116007134255471	-0.0495018895409578	
0.9064420945185973	0.999575743750796	1.4901161193847656e-08	0.5353029077734284	0.8947327577732707	0.9422354237531652	0.7911280435220035	0.4684402184095745	0.7198066149087672	0.94563057854794	0.8873143977074263	0.884774473509615	0.8545205753919605	0.5116007134255471	0.0	0.46844032850715256	
0.6030007236509862	0.8967641719293196	0.46844034167225596	0.8686104021900283	0.5812856820321011	0.9893651355873929	0.9854795734276314	0.82772943530491	0.9611250430072263	0.6831032247216233	0.5679096708176682	0.5633916395704176	0.5116486480705275	0.0495018895409578	-0.46844032850715256	0.0	
