0.0	0.9574789048069567	0.5297464325969032	1.4901161193847656e-08	0.9303809154480311	0.9906181030638509	0.9928575651950975	0.9859521097934282	0.980323662100518	0.13144803781779726	0.7048791488574101	0.9520775455419467	0.9836586732076255	0.8752167001724381	0.999715283265368	0.9140330032345625	
-0.9574789048069567	0.0	0.9649251312222386	0.9574789091059906	0.6194242241497546	0.4166450098533798	0.40067538326293733	0.1245243964604042	0.4718299217526222	0.9870941107970946	0.8825259907285359	0.56752888113574	0.4561764884241102	-0.21065937978967414	0.3112676518658469	0.6520931032459266	
-0.5297464325969032	-0.9649251312222386	0.0	0.5297464199583929	-0.5949062178375234	-0.7678039607662177	-0.7788963889687933	-0.9247238865315751	-0.7268971848439865	0.41366140465703943	-0.22208385884745774	-0.6454838297592006	-0.7389187410746656	-0.9985751533515077	-0.8352742485665617	-0.5603563877265434	
-1.4901161193847656e-08	-0.9574789091059906	-0.5297464199583929	0.0	-0.9303809099853508	-0.9906181010274681	-0.9928575634173036	-0.985952112282343	-0.9803236591590756	-0.13144802304593253	-0.7048791382876078	-0.952077540984326	-0.9836586705247701	-0.8752167073805924	-0.9997152829098096	-0.9140329971900579	
-0.9303809154480311	-0.6194242241497546	0.5949062178375234	0.9303809099853508	0.0	-0.23600967405161383	-0.25297611876196957	-0.5168442836690348	-0.17572676372458032	0.8741199616969184	0.4015400415927387	-0.0644628875827824	-0.19309471012439086	-0.7709035555540203	-0.34428996728806244	0.04232029998365694	
-0.9906181030638509	-0.4166450098533798	0.7678039607662177	0.9906181010274681	0.23600967405161383	0.0	-0.017496847019077943	-0.30020077063840767	0.061574516058776924	0.9640589697980011	0.6063442651365368	0.17287694223874633	0.043928080110075346	-0.5987992664784991	-0.11298318184043947	0.2769230131216094	
-0.9928575651950975	-0.40067538326293733	0.7788963889687933	0.9928575634173036	0.25297611876196957	0.017496847019077943	0.0	-0.28346499231545846	0.07902873669985079	0.9685600986891614	0.6201649772882967	0.1900838825091053	0.06140131277407827	-0.5846943915658084	-0.09558107323429607	0.29369320354893824	
-0.9859521097934282	-0.1245243964604042	0.9247238865315751	0.985952112282343	0.5168442836690348	0.30020077063840767	0.28346499231545846	0.0	0.3583655919040073	0.999352600591045	0.817097596604573	0.4605839499631432	0.34181292867404944	-0.33074973215863457	0.19050660528494054	0.5526107783659927	
-0.980323662100518	-0.4718299217526222	0.7268971848439865	0.9803236591590756	0.17572676372458032	-0.061574516058776924	-0.07902873669985079	-0.3583655919040073	0.0	0.9458700255322587	0.5562295261082706	0.11190149124895307	-0.017670351826889502	-0.6469780155992906	-0.1739490433379549	0.2172310821312508	
-0.13144803781779726	-0.9870941107970946	-0.41366140465703943	0.13144802304593253	-0.8741199616969184	-0.9640589697980011	-0.9685600986891614	-0.999352600591045	-0.9458700255322587	0.0	-0.6055232589936138	-0.9036121590280065	-0.9514571803954688	-0.9312079963918479	-0.9879043201498872	-0.8527814363027107	
-0.7048791488574101	-0.8825259907285359	0.22208385884745774	0.7048791382876078	-0.4015400415927387	-0.6063442651365368	-0.6201649772882967	-0.817097596604573	-0.5562295261082706	0.6055232589936138	0.0	-0.45974266611293213	-0.5708272500607439	-0.9617871319394581	-0.6923062638438285	-0.3624216140995277	
-0.9520775455419467	-0.56752888113574	0.6454838297592006	0.952077540984326	0.0644628875827824	-0.17287694223874633	-0.1900838825091053	-0.4605839499631432	-0.11190149124895307	0.9036121590280065	0.45974266611293213	0.0	-0.12944338947833753	-0.7282403991932352	-0.28305203677097635	0.10663741315214387	
-0.9836586732076255	-0.4561764884241102	0.7389187410746656	0.9836586705247701	0.19309471012439086	-0.043928080110075346	-0.06140131277407827	-0.34181292867404944	0.017670351826889502	0.9514571803954688	0.5708272500607439	0.12944338947833753	0.0	-0.6334032048880769	-0.15652092296207143	0.2344455526910051	
-0.8752167001724381	0.21065937978967414	0.9985751533515077	0.8752167073805924	0.7709035555540203	0.5987992664784991	0.5846943915658084	0.33074973215863457	0.6469780155992906	0.9312079963918479	0.9617871319394581	0.7282403991932352	0.6334032048880769	0.0	0.5044769615814945	0.7971688940245416	
-0.999715283265368	-0.3112676518658469	0.8352742485665617	0.9997152829098096	0.34428996728806244	0.11298318184043947	0.09558107323429607	-0.19050660528494054	0.1739490433379549	0.9879043201498872	0.6923062638438285	0.28305203677097635	0.15652092296207143	-0.5044769615814945	0.0	0.3837144953666186	
-0.9140330032345625	-0.6520931032459266	0.5603563877265434	0.9140329971900579	-0.04232029998365694	-0.2769230131216094	-0.29369320354893824	-0.5526107783659927	-0.2172310821312508	0.8527814363027107	0.3624216140995277	-0.10663741315214387	-0.2344455526910051	-0.7971688940245416	-0.3837144953666186	0.0	
