0.0	0.454674665202869	0.586665806211878	0.7244811403010429	0.8046902239819851	0.966666767044858	0.7643439502156053	0.997409940203573	0.9489217157419791	0.8826583479836858	0.6856127490625562	0.8194864858064537	0.9538766846845561	0.6935418812334397	-0.028950527405507742	-0.7643439366272768	
-0.454674665202869	0.0	0.15430956320734152	0.3318598269861853	0.44676542499753	0.7445551897006597	0.9739469464123872	0.9210538620613804	0.7017091951271555	0.572442379352528	0.27965829733333925	0.4693084891996967	0.7130847607606627	0.2901532985938201	-0.48026909340182805	-0.9739469416334405	
-0.586665806211878	-0.15430956320734152	0.0	0.18232035118866133	0.30336108831211817	0.6326262843716836	0.9972752478398145	0.8499284079681578	0.5833645802391654	0.43906063199045525	0.12815615447955064	0.3274267358461255	0.5963608097247607	0.1390068084335622	-0.6098648833159473	-0.9972752462852181	
-0.7244811403010429	-0.3318598269861853	-0.18232035118866133	0.0	0.12454788088068958	0.48082363834599706	0.9940099544614457	0.7396186500178179	0.4255044238050072	0.2678945417947051	-0.054808785366561065	0.14966856792151845	0.440013760107666	-0.0438733398034008	-0.7441329137443636	-0.994009956764551	
-0.8046902239819851	-0.44676542499753	-0.30336108831211817	-0.12454788088068958	0.0	0.3678740122517244	0.9726584094925682	0.6500356966182893	0.30948088060163725	0.14581317053114476	-0.17874269124454323	0.025358186989710513	0.3247447564742292	-0.16795967827720823	-0.821540715259014	-0.9726584143866691	
-0.966666767044858	-0.7445551897006597	-0.6326262843716836	-0.48082363834599706	-0.3678740122517244	0.0	0.8190161440954475	0.3249035479237611	-0.06203474962376232	-0.22835411229557662	-0.5281581901464132	-0.3441757543837437	-0.04596362454801711	-0.5188295585872861	-0.9736740141622799	-0.819016156186756	
-0.7643439502156053	-0.9739469464123872	-0.9972752478398145	-0.9940099544614457	-0.9726584094925682	-0.8190161440954475	0.0	-0.5881621272519703	-0.8530324185803206	-0.9283990632084996	-0.9985058557726727	-0.9664564349032635	-0.8445231080839142	-0.9978477222140588	-0.7453560186873153	-2.1073424255447017e-08	
-0.997409940203573	-0.9210538620613804	-0.8499284079681578	-0.7396186500178179	-0.6500356966182893	-0.3249035479237611	0.5881621272519703	0.0	-0.3829469685721325	-0.5322842450944826	-0.7753946541635547	-0.6305568848475945	-0.36803012917815053	-0.7684343790194508	-0.9949095634218996	-0.5881621442949554	
-0.9489217157419791	-0.7017091951271555	-0.5833645802391654	-0.4255044238050072	-0.30948088060163725	0.06203474962376232	0.8530324185803206	0.3829469685721325	0.0	-0.16751862372470383	-0.47446439288697945	-0.28526811699812504	0.01609408781692856	-0.4647981634146131	-0.9576581986379269	-0.8530324295776539	
-0.8826583479836858	-0.572442379352528	-0.43906063199045525	-0.2678945417947051	-0.14581317053114476	0.22835411229557662	0.9283990632084996	0.5322842450944826	0.16751862372470383	0.0	-0.32029728904873855	-0.12067911896098754	0.18336358784895412	-0.30990627861833875	-0.8958955643512955	-0.9283990710390612	
-0.6856127490625562	-0.27965829733333925	-0.12815615447955064	0.054808785366561065	0.17874269124454323	0.5281581901464132	0.9985058557726727	0.7753946541635547	0.47446439288697945	0.32029728904873855	0.0	0.20363502789180765	0.48857015935947085	0.010948617647635779	-0.7064003842672336	-0.9985058569242259	
-0.8194864858064537	-0.4693084891996967	-0.3274267358461255	-0.14966856792151845	-0.025358186989710513	0.3441757543837437	0.9664564349032635	0.6305568848475945	0.28526811699812504	0.12067911896098754	-0.20363502789180765	0.0	0.30065651193644777	-0.19290361258515826	-0.8357344985244728	-0.9664564403155635	
-0.9538766846845561	-0.7130847607606627	-0.5963608097247607	-0.440013760107666	-0.3247447564742292	0.04596362454801711	0.8445231080839142	0.36803012917815053	-0.01609408781692856	-0.18336358784895412	-0.48857015935947085	-0.30065651193644777	0.0	-0.4789879371148035	-0.962167774328371	-0.8445231193691355	
-0.6935418812334397	-0.2901532985938201	-0.1390068084335622	0.0438733398034008	0.16795967827720823	0.5188295585872861	0.9978477222140588	0.7684343790194508	0.4647981634146131	0.30990627861833875	-0.010948617647635779	0.19290361258515826	0.4789879371148035	0.0	-0.7141076122386834	-0.9978477235959231	
0.028950527405507742	0.48026909340182805	0.6098648833159473	0.7441329137443636	0.821540715259014	0.9736740141622799	0.7453560186873153	0.9949095634218996	0.9576581986379269	0.8958955643512955	0.7064003842672336	0.8357344985244728	0.962167774328371	0.7141076122386834	0.0	-0.7453560046383662	
0.7643439366272768	0.9739469416334405	0.9972752462852181	0.994009956764551	0.9726584143866691	0.819016156186756	2.1073424255447017e-08	0.5881621442949554	0.8530324295776539	0.9283990710390612	0.9985058569242259	0.9664564403155635	0.8445231193691355	0.9978477235959231	0.7453560046383662	0.0	
