0.0	0.9860133088441746	0.9741981405741675	0.9058441768946288	0.0	0.6880171300312911	0.757549358282819	0.6109532847904062	0.996805999844102	0.988791113916179	0.9984556026520062	0.9999035443316381	0.9970780958934065	0.9984556026520062	0.9945598651249746	0.9565200288630339	
-0.9860133088441746	0.0	0.384904016927029	0.5686601064701962	0.9860133088441746	0.8302138560013664	0.7699058584275728	0.8824193578134666	0.24487839287534263	0.017581238343880368	0.2211876246904102	0.1529558641097469	0.09085909892063017	0.11163077176629072	0.06305028276819687	-0.1281672592508681	
-0.9741981405741675	-0.384904016927029	0.0	0.20823710400619044	0.9741981405741675	0.551688534883415	0.4649603210844714	0.6333514147491409	-0.14717302203670599	-0.368617805342351	-0.17122385466636875	-0.2392032341061074	-0.29945295507493574	-0.27946791328962	-0.32594551822255846	-0.5000223654213766	
-0.9058441768946288	-0.5686601064701962	-0.20823710400619044	0.0	0.9058441768946288	0.3659144246664318	0.27040876374040623	0.45832005797866565	-0.3499163111423671	-0.554110368328002	-0.37263223953192764	-0.4361513919705306	-0.49156978526270395	-0.4732814258766311	-0.5156652377155437	-0.6693969959581754	
-0.0	-0.9860133088441746	-0.9741981405741675	-0.9058441768946288	0.0	-0.6880171300312911	-0.757549358282819	-0.6109532847904062	-0.996805999844102	-0.988791113916179	-0.9984556026520062	-0.9999035443316381	-0.9970780958934065	-0.9984556026520062	-0.9945598651249746	-0.9565200288630339	
-0.6880171300312911	-0.8302138560013664	-0.551688534883415	-0.3659144246664318	0.6880171300312911	0.0	-0.10062699342063741	0.10131481060984293	-0.6684307583187598	-0.82028496275024	-0.6863505746988924	-0.7351802617882494	-0.7761309379755085	-0.7627967959091025	-0.7934149559997492	-0.8948129233802369	
-0.757549358282819	-0.7699058584275728	-0.4649603210844714	-0.27040876374040623	0.757549358282819	0.10062699342063741	0.0	0.2009097679365428	-0.5901941732387426	-0.7585672615481622	-0.6096837327905634	-0.663236463520026	-0.7087389277492032	-0.6938557443483385	-0.7281380068872064	-0.8453470064216447	
-0.6109532847904062	-0.8824193578134666	-0.6333514147491409	-0.45832005797866565	0.6109532847904062	-0.10131481060984293	-0.2009097679365428	0.0	-0.7403466517113935	-0.8740116352454766	-0.7565022085880686	-0.8000757685344797	-0.8360235513410823	-0.8243857945041164	-0.8510007852835603	-0.9354397038800046	
-0.996805999844102	-0.24487839287534263	0.14717302203670599	0.3499163111423671	0.996805999844102	0.6684307583187598	0.5901941732387426	0.7403466517113935	0.0	-0.22779458754226695	-0.024359764454188033	-0.09369797454220377	-0.15577273183981388	-0.13511580328171138	-0.18326052966438422	-0.3671238280244178	
-0.988791113916179	-0.017581238343880368	0.368617805342351	0.554110368328002	0.988791113916179	0.82028496275024	0.7585672615481622	0.8740116352454766	0.22779458754226695	0.0	0.2040076640668208	0.13555786267832864	0.07333653747995558	0.09414216664571962	0.04549427973508713	-0.14558368772796304	
-0.9984556026520062	-0.2211876246904102	0.17122385466636875	0.37263223953192764	0.9984556026520062	0.6863505746988924	0.6096837327905634	0.7565022085880686	0.024359764454188033	-0.2040076640668208	0.0	-0.06941757255955924	-0.13166410445764093	-0.11093932772493247	-0.15925893159067395	-0.3443561138405059	
-0.9999035443316381	-0.1529558641097469	0.2392032341061074	0.4361513919705306	0.9999035443316381	0.7351802617882494	0.663236463520026	0.8000757685344797	0.09369797454220377	-0.13555786267832864	0.06941757255955924	0.0	-0.06253323980894088	-0.04168263730785069	-0.09034316430520872	-0.2783534886227534	
-0.9970780958934065	-0.09085909892063017	0.29945295507493574	0.49156978526270395	0.9970780958934065	0.7761309379755085	0.7087389277492032	0.8360235513410823	0.15577273183981388	-0.07333653747995558	0.13166410445764093	0.06253323980894088	0.0	0.02087783278580655	-0.027888829727926	-0.2177468729944832	
-0.9984556026520062	-0.11163077176629072	0.27946791328962	0.4732814258766311	0.9984556026520062	0.7627967959091025	0.6938557443483385	0.8243857945041164	0.13511580328171138	-0.09414216664571962	0.11093932772493247	0.04168263730785069	-0.02087783278580655	0.0	-0.04875246287428801	-0.23807628659967195	
-0.9945598651249746	-0.06305028276819687	0.32594551822255846	0.5156652377155437	0.9945598651249746	0.7934149559997492	0.7281380068872064	0.8510007852835603	0.18326052966438422	-0.04549427973508713	0.15925893159067395	0.09034316430520872	0.027888829727926	0.04875246287428801	0.0	-0.19044253123455046	
-0.9565200288630339	0.1281672592508681	0.5000223654213766	0.6693969959581754	0.9565200288630339	0.8948129233802369	0.8453470064216447	0.9354397038800046	0.3671238280244178	0.14558368772796304	0.3443561138405059	0.2783534886227534	0.2177468729944832	0.23807628659967195	0.19044253123455046	0.0	
