0.0	0.0	0.8384068576216444	0.7495285690494448	0.9827026327285451	0.9732706149305737	0.9263555436051741	0.9703409222277174	0.8690810486512865	0.805381178553058	0.992333777396305	0.992333777396305	0.46325181748013733	-0.11902522584058539	-0.7495285690494448	0.2682814694950454	
0.0	0.0	0.8384068576216444	0.7495285690494448	0.9827026327285451	0.9732706149305737	0.9263555436051741	0.9703409222277174	0.8690810486512865	0.805381178553058	0.992333777396305	0.992333777396305	0.46325181748013733	-0.11902522584058539	-0.7495285690494448	0.2682814694950454	
-0.8384068576216444	-0.8384068576216444	0.0	0.9635285840796026	0.6908820740743602	0.3379265791755258	0.8206915110752329	0.7315563060648533	0.058953707070784345	-0.058002840661415145	0.43725051974774487	0.43725051974774487	-0.4905254981505274	-0.8973209086335164	-0.9635285840796026	-0.6614458935767079	
-0.7495285690494448	-0.7495285690494448	-0.9635285840796026	0.0	-0.5117160242920815	-0.816415593425441	-0.3309113097475883	-0.46114706730984156	-0.9460764035334484	-0.9774282799904751	-0.7495289397668078	-0.7495289397668078	-0.9709119565042013	-0.6654089768359864	-0.0	-0.8996460986652897	
-0.9827026327285451	-0.9827026327285451	-0.6908820740743602	0.5117160242920815	0.0	-0.4059292680639165	0.19858290492479497	0.057861119109643366	-0.6470588227561611	-0.7316530843068574	-0.3052198095200358	-0.3052198095200358	-0.9566871592722188	-0.9536744805365633	-0.5117160242920815	-0.9963605038673821	
-0.9732706149305737	-0.9732706149305737	-0.3379265791755258	0.816415593425441	0.4059292680639165	0.0	0.5793306284249233	0.45812872817767053	-0.2818532230689715	-0.39194832915756	0.10761734904422404	0.10761734904422404	-0.7561473876780838	-0.9936873458970054	-0.816415593425441	-0.875977199078183	
-0.9263555436051741	-0.9263555436051741	-0.8206915110752329	0.3309113097475883	-0.19858290492479497	-0.5793306284249233	0.0	-0.1415414450155334	-0.78557962606814	-0.8524509823753615	-0.4882479915670389	-0.4882479915670389	-0.9954449215206499	-0.874939415136973	-0.3309113097475883	-0.9934441582047618	
-0.9703409222277174	-0.9703409222277174	-0.7315563060648533	0.46114706730984156	-0.057861119109643366	-0.45812872817767053	0.1415414450155334	0.0	-0.6900904040501017	-0.7698699074178406	-0.3598085550666897	-0.3598085550666897	-0.9719287780359815	-0.9346697684417362	-0.46114706730984156	-0.9996232873904025	
-0.8690810486512865	-0.8690810486512865	-0.058953707070784345	0.9460764035334484	0.6470588227561611	0.2818532230689715	0.78557962606814	0.6900904040501017	0.0	-0.11675641101648956	0.3834706055585626	0.3834706055585626	-0.5410461784119797	-0.921781126821917	-0.9460764035334484	-0.7045103133536372	
-0.805381178553058	-0.805381178553058	0.058002840661415145	0.9774282799904751	0.7316530843068574	0.39194832915756	0.8524509823753615	0.7698699074178406	0.11675641101648956	0.0	0.4886786327736936	0.4886786327736936	-0.4391544261694753	-0.8702089749293669	-0.9774282799904751	-0.6168305772896474	
-0.992333777396305	-0.992333777396305	-0.43725051974774487	0.7495289397668078	0.3052198095200358	-0.10761734904422404	0.4882479915670389	0.3598085550666897	-0.3834706055585626	-0.4886786327736936	0.0	0.0	-0.822180916329374	-0.9999894410661476	-0.7495289397668078	-0.9227993629326832	
-0.992333777396305	-0.992333777396305	-0.43725051974774487	0.7495289397668078	0.3052198095200358	-0.10761734904422404	0.4882479915670389	0.3598085550666897	-0.3834706055585626	-0.4886786327736936	0.0	0.0	-0.822180916329374	-0.9999894410661476	-0.7495289397668078	-0.9227993629326832	
-0.46325181748013733	-0.46325181748013733	0.4905254981505274	0.9709119565042013	0.9566871592722188	0.7561473876780838	0.9954449215206499	0.9719287780359815	0.5410461784119797	0.4391544261694753	0.822180916329374	0.822180916329374	0.0	-0.5654419995205657	-0.9709119565042013	-0.20851106990165166	
0.11902522584058539	0.11902522584058539	0.8973209086335164	0.6654089768359864	0.9536744805365633	0.9936873458970054	0.874939415136973	0.9346697684417362	0.921781126821917	0.8702089749293669	0.9999894410661476	0.9999894410661476	0.5654419995205657	0.0	-0.6654089768359864	0.38103614723210166	
0.7495285690494448	0.7495285690494448	0.9635285840796026	0.0	0.5117160242920815	0.816415593425441	0.3309113097475883	0.46114706730984156	0.9460764035334484	0.9774282799904751	0.7495289397668078	0.7495289397668078	0.9709119565042013	0.6654089768359864	0.0	0.8996460986652897	
-0.2682814694950454	-0.2682814694950454	0.6614458935767079	0.8996460986652897	0.9963605038673821	0.875977199078183	0.9934441582047618	0.9996232873904025	0.7045103133536372	0.6168305772896474	0.9227993629326832	0.9227993629326832	0.20851106990165166	-0.38103614723210166	-0.8996460986652897	0.0	
