0.0	-0.45224874723306696	0.14615459767739092	0.8844407659631282	0.4522487660282822	0.6628848041797564	0.9220854174266809	0.9546438664911301	0.8844407659631282	0.12736578423125444	-0.07767164745876742	0.26445312000752247	0.32394024575819663	0.16440236236414407	0.45418407912318826	0.6410646352743392	
0.45224874723306696	0.0	0.5777464868975088	0.9998685070069023	2.1073424255447017e-08	0.2526132381397504	0.6473863480839657	0.7167819994048303	0.9998685070069023	0.5621620544201168	0.38160779193328315	0.672011614561002	0.7167820483732068	0.5927242889121777	0.8079950436234543	0.9188553096019012	
-0.14615459767739092	-0.5777464868975088	0.0	0.8067400258473848	0.5777465040979805	0.7651956644690436	0.9687436880081803	0.9879102111207106	0.8067400258473848	-0.018966187424934777	-0.22255065462799833	0.12066207857202077	0.18218811561834924	0.018471045779710094	0.3190966619034534	0.5220089922852102	
-0.8844407659631282	-0.9998685070069023	-0.8067400258473848	0.0	0.9998685073486353	0.9715365632922269	0.7725599998218209	0.7088291982915933	0.0	-0.8178021580965564	-0.9180145318619897	-0.729545682241944	-0.6855820295867736	-0.7956877308928041	-0.5760091095250363	-0.3796422988838767	
-0.4522487660282822	-2.1073424255447017e-08	-0.5777465040979805	-0.9998685073486353	0.0	-0.25261321774979334	-0.6473863320226023	-0.7167819847103877	-0.9998685073486353	-0.5621620718484096	-0.38160781141196215	-0.6720116301667282	-0.716782063067648	-0.5927243058848279	-0.8079950560396899	-0.918855317917361	
-0.6628848041797564	-0.2526132381397504	-0.7651956644690436	-0.9715365632922269	0.25261321774979334	0.0	-0.43385767377166884	-0.5173883142010853	-0.9715365632922269	-0.7528476358680521	-0.6027278007359433	-0.8372868490189261	-0.8696814214235495	-0.7769567372453554	-0.9306266250745849	-0.9887342117301998	
-0.9220854174266809	-0.6473863480839657	-0.9687436880081803	-0.7725599998218209	0.6473863320226023	0.43385767377166884	0.0	-0.09488323171533336	-0.7725599998218209	-0.963864610690556	-0.8892419200197789	-0.9915975959483863	-0.9977247794271984	-0.9731604146299744	-0.9972562168411159	-0.9557717765665773	
-0.9546438664911301	-0.7167819994048303	-0.9879102111207106	-0.7088291982915933	0.7167819847103877	0.5173883142010853	0.09488323171533336	0.0	-0.7088291982915933	-0.9847922376215055	-0.9286331456004253	-0.9993980806113715	-0.9996203456926318	-0.9906051828092759	-0.9857330571860302	-0.9235536793413037	
-0.8844407659631282	-0.9998685070069023	-0.8067400258473848	0.0	0.9998685073486353	0.9715365632922269	0.7725599998218209	0.7088291982915933	0.0	-0.8178021580965564	-0.9180145318619897	-0.729545682241944	-0.6855820295867736	-0.7956877308928041	-0.5760091095250363	-0.3796422988838767	
-0.12736578423125444	-0.5621620544201168	0.018966187424934777	0.8178021580965564	0.5621620718484096	0.7528476358680521	0.963864610690556	0.9847922376215055	0.8178021580965564	0.0	-0.2040200866414017	0.1394679881946907	0.20080410815167204	0.03743067502453845	0.33701394100310395	0.5380921158284506	
0.07767164745876742	-0.38160779193328315	0.22255065462799833	0.9180145318619897	0.38160781141196215	0.6027278007359433	0.8892419200197789	0.9286331456004253	0.9180145318619897	0.2040200866414017	0.0	0.33856062918270535	0.3964450218271787	0.24052049931489228	0.5220102679920536	0.6987399468985558	
-0.26445312000752247	-0.672011614561002	-0.12066207857202077	0.729545682241944	0.6720116301667282	0.8372868490189261	0.9915975959483863	0.9993980806113715	0.729545682241944	-0.1394679881946907	-0.33856062918270535	0.0	0.062214342632719244	-0.10230540343155492	0.2024110992959004	0.4152774955774068	
-0.32394024575819663	-0.7167820483732068	-0.18218811561834924	0.6855820295867736	0.716782063067648	0.8696814214235495	0.9977247794271984	0.9996203456926318	0.6855820295867736	-0.20080410815167204	-0.3964450218271787	-0.062214342632719244	0.0	-0.16399512484680473	0.14109244516435737	0.35787696172321404	
-0.16440236236414407	-0.5927242889121777	-0.018471045779710094	0.7956877308928041	0.5927243058848279	0.7769567372453554	0.9731604146299744	0.9906051828092759	0.7956877308928041	-0.03743067502453845	-0.24052049931489228	0.10230540343155492	0.16399512484680473	0.0	0.3015368029599653	0.5061652418516647	
-0.45418407912318826	-0.8079950436234543	-0.3190966619034534	0.5760091095250363	0.8079950560396899	0.9306266250745849	0.9972562168411159	0.9857330571860302	0.5760091095250363	-0.33701394100310395	-0.5220102679920536	-0.2024110992959004	-0.14109244516435737	-0.3015368029599653	0.0	0.22254919647811255	
-0.6410646352743392	-0.9188553096019012	-0.5220089922852102	0.3796422988838767	0.918855317917361	0.9887342117301998	0.9557717765665773	0.9235536793413037	0.3796422988838767	-0.5380921158284506	-0.6987399468985558	-0.4152774955774068	-0.35787696172321404	-0.5061652418516647	-0.22254919647811255	0.0	
