0.0	0.05527032466053006	0.4449839413776711	0.6302333648395159	0.5985894599242358	0.4841974888057555	0.9845227486326349	0.47361142365489384	0.9988686377751637	0.5030445748426944	0.3251283440965931	0.3368520487306493	-0.019733105112266613	-0.47361142365489384	0.3483947044025831	0.5481061978640477	
-0.05527032466053006	0.0	0.39480704476652745	0.5863578088644568	0.5533998492041989	0.43509810429112167	0.9733313320297603	0.52156592329952	0.9947134336940942	0.45450767802700753	0.2723638794008319	0.28429695215409884	-0.07496250423390277	-0.52156592329952	0.29605463372289464	0.5010397945932296	
-0.4449839413776711	-0.39480704476652745	0.0	0.21891017711295485	0.17960289570549504	0.04427492890031376	0.8036915971227092	0.8160497332749971	0.8733643157158268	0.06591377918926039	-0.12964295400697534	-0.11731401310798217	-0.4625690518941124	-0.8160497332749971	-0.10510388560289624	0.11866176702441783	
-0.6302333648395159	-0.5863578088644568	-0.21891017711295485	0.0	-0.040103890804053854	-0.17549446924189482	0.6539364305419135	0.9227825331673509	0.7455568396227461	-0.1541190765546807	-0.3435612036894259	-0.33186713753119956	-0.6454315443868466	-0.9227825331673509	-0.3202522803092704	-0.10157989072949852	
-0.5985894599242358	-0.5533998492041989	-0.17960289570549504	0.040103890804053854	0.0	-0.13587179150113443	0.6837509272424318	0.9065872910734646	0.7716839695933457	-0.11437034933588414	-0.3056220354304293	-0.2937691070816797	-0.6142802261251551	-0.9065872910734646	-0.2820029313633947	-0.06160172245506962	
-0.4841974888057555	-0.43509810429112167	-0.04427492890031376	0.17549446924189482	0.13587179150113443	0.0	0.7765578625934455	0.8408396004702168	0.8509430012049247	0.021670497920516563	-0.173417105459984	-0.16116817796626154	-0.5013688602106382	-0.8408396004702168	-0.14903052014417628	0.07458329073061254	
-0.9845227486326349	-0.9733313320297603	-0.8036915971227092	-0.6539364305419135	-0.6837509272424318	-0.7765578625934455	0.0	0.9501062074805062	0.12823992182780258	-0.7627220921013101	-0.8740525654757278	-0.8679492443723682	-0.9877894071378547	-0.9501062074805062	-0.8617818017632002	-0.7274040845689923	
-0.47361142365489384	-0.52156592329952	-0.8160497332749971	-0.9227825331673509	-0.9065872910734646	-0.8408396004702168	-0.9501062074805062	0.0	-0.9022599046037697	-0.8523720454972528	-0.7342316252642873	-0.7426094529601482	-0.4561395888002207	-0.0	-0.750781714638663	-0.8788684529798927	
-0.9988686377751637	-0.9947134336940942	-0.8733643157158268	-0.7455568396227461	-0.7716839695933457	-0.8509430012049247	-0.12823992182780258	0.9022599046037697	0.0	-0.8393605686000636	-0.9291386411558789	-0.9244734680280942	-0.9996125422458179	-0.9022599046037697	-0.9197196563533285	-0.8093974711500376	
-0.5030445748426944	-0.45450767802700753	-0.06591377918926039	0.1541190765546807	0.11437034933588414	-0.021670497920516563	0.7627220921013101	0.8523720454972528	0.8393605686000636	0.0	-0.19471853813979118	-0.1825175289585239	-0.5200011663252005	-0.8523720454972528	-0.17042401761586135	0.05295563514415769	
-0.3251283440965931	-0.2723638794008319	0.12964295400697534	0.3435612036894259	0.3056220354304293	0.173417105459984	0.8740525654757278	0.7342316252642873	0.9291386411558789	0.19471853813979118	0.0	0.012423782805516148	-0.34372603972540394	-0.7342316252642873	0.02470800703708753	0.24638734171262638	
-0.3368520487306493	-0.28429695215409884	0.11731401310798217	0.33186713753119956	0.2937691070816797	0.16116817796626154	0.8679492443723682	0.7426094529601482	0.9244734680280942	0.1825175289585239	-0.012423782805516148	0.0	-0.3553663129328882	-0.7426094529601482	0.012286110162138819	0.23432755053168225	
0.019733105112266613	0.07496250423390277	0.4625690518941124	0.6454315443868466	0.6142802261251551	0.5013688602106382	0.9877894071378547	0.4561395888002207	0.9996125422458179	0.5200011663252005	0.34372603972540394	0.3553663129328882	0.0	-0.4561395888002207	0.36682365124768246	0.5645044142133709	
0.47361142365489384	0.52156592329952	0.8160497332749971	0.9227825331673509	0.9065872910734646	0.8408396004702168	0.9501062074805062	0.0	0.9022599046037697	0.8523720454972528	0.7342316252642873	0.7426094529601482	0.4561395888002207	0.0	0.750781714638663	0.8788684529798927	
-0.3483947044025831	-0.29605463372289464	0.10510388560289624	0.3202522803092704	0.2820029313633947	0.14903052014417628	0.8617818017632002	0.750781714638663	0.9197196563533285	0.17042401761586135	-0.02470800703708753	-0.012286110162138819	-0.36682365124768246	-0.750781714638663	0.0	0.22236582753650513	
-0.5481061978640477	-0.5010397945932296	-0.11866176702441783	0.10157989072949852	0.06160172245506962	-0.07458329073061254	0.7274040845689923	0.8788684529798927	0.8093974711500376	-0.05295563514415769	-0.24638734171262638	-0.23432755053168225	-0.5645044142133709	-0.8788684529798927	-0.22236582753650513	0.0	
