0.0	-0.5701530891669997	0.046979026952341574	0.896736164815646	0.959515663939243	0.5701531064796282	0.9647926415276142	0.9886070845184687	0.9061764447594163	0.6511052678600731	0.5958909262799295	0.7868013732665302	0.9320882687348808	0.6215196163588308	0.4868723841421105	0.6240332363975349	
0.5701530891669997	0.0	0.6081186472846668	0.9890333609343054	0.6276924070707118	2.1073424255447017e-08	0.6426573308191537	0.8979977422727985	0.985576442648468	0.967647056551677	0.9474175258610465	0.9982896654650938	0.9722736197042402	0.9572594054869391	0.8979977872036016	0.9581836780228968	
-0.046979026952341574	-0.6081186472846668	0.0	0.874954758778332	0.9716881301179001	0.6081186640137234	0.976083424933079	0.9804442936768862	0.8853084919052385	0.6147298756075552	0.557505758673365	0.7569368962342388	0.9140418572654296	0.5840300776704745	0.4452998996594314	0.586634918057319	
-0.896736164815646	-0.9890333609343054	-0.874954758778332	0.0	0.6772190268030877	0.989033357821923	0.6628360801788474	0.30254740227395727	0.021812905486210482	-0.39245473407946474	-0.45641698342994774	-0.20526002861042253	0.08768430300418417	-0.427438696003814	-0.567801994633939	-0.42453206356186163	
-0.959515663939243	-0.6276924070707118	-0.9716881301179001	-0.6772190268030877	0.0	0.6276923906658631	-0.01937507696033519	-0.4228719337757543	-0.6610083643316294	-0.9116475644215652	-0.9383896301740133	-0.8138258515237222	-0.6100941051547469	-0.9267375026519952	-0.9752413076961375	-0.9255256768289263	
-0.5701531064796282	-2.1073424255447017e-08	-0.6081186640137234	-0.989033357821923	-0.6276923906658631	0.0	-0.6426573146736707	-0.8979977330004902	-0.9855764390821946	-0.967647061868664	-0.9474175326045431	-0.998289666697077	-0.9722736147763015	-0.9572594115820213	-0.8979977964759074	-0.9581836840531386	
-0.9647926415276142	-0.6426573308191537	-0.976083424933079	-0.6628360801788474	0.01937507696033519	0.6426573146736707	0.0	-0.40523506419166005	-0.6463456417088503	-0.9035138036071957	-0.9315178595955306	-0.8024140561860049	-0.5946281470900909	-0.9192841408817952	-0.9707735709516954	-0.9180148940478153	
-0.9886070845184687	-0.8979977422727985	-0.9804442936768862	-0.30254740227395727	0.4228719337757543	0.8979977330004902	0.40523506419166005	0.0	-0.2816847879868231	-0.6523365074519835	-0.7042230924497576	-0.49174578581957107	-0.21780716436804068	-0.680922764594766	-0.7902380626141435	-0.6785664101907635	
-0.9061764447594163	-0.985576442648468	-0.8853084919052385	-0.021812905486210482	0.6610083643316294	0.9855764390821946	0.6463456417088503	0.2816847879868231	0.0	-0.4124242423105229	-0.47571676995440715	-0.22655964478767215	0.06593455128351472	-0.44705682928402335	-0.5856225216831616	-0.4441807408676846	
-0.6511052678600731	-0.967647056551677	-0.6147298756075552	0.39245473407946474	0.9116475644215652	0.967647061868664	0.9035138036071957	0.6523365074519835	0.4124242423105229	0.0	-0.07060637199962111	0.1953060941233744	0.47159262872657687	-0.03834937436600175	-0.19919292292087912	-0.035138836092298315	
-0.5958909262799295	-0.9474175258610465	-0.557505758673365	0.45641698342994774	0.9383896301740133	0.9474175326045431	0.9315178595955306	0.7042230924497576	0.47571676995440715	0.07060637199962111	0.0	0.2640653182718711	0.5326775200841725	0.03230076926516379	-0.12950434720606513	0.03551162981335704	
-0.7868013732665302	-0.9982896654650938	-0.7569368962342388	0.20526002861042253	0.8138258515237222	0.998289666697077	0.8024140561860049	0.49174578581957107	0.22655964478767215	-0.1953060941233744	-0.2640653182718711	0.0	0.2902867141296649	-0.23277328043328788	-0.3867491501183325	-0.22964762516483372	
-0.9320882687348808	-0.9722736197042402	-0.9140418572654296	-0.08768430300418417	0.6100941051547469	0.9722736147763015	0.5946281470900909	0.21780716436804068	-0.06593455128351472	-0.47159262872657687	-0.5326775200841725	-0.2902867141296649	0.0	-0.5050628337326536	-0.63779366357509	-0.5022873986858596	
-0.6215196163588308	-0.9572594054869391	-0.5840300776704745	0.427438696003814	0.9267375026519952	0.9572594115820213	0.9192841408817952	0.680922764594766	0.44705682928402335	0.03834937436600175	-0.03230076926516379	0.23277328043328788	0.5050628337326536	0.0	-0.16146553083922938	0.0032127036522536234	
-0.4868723841421105	-0.8979977872036016	-0.4452998996594314	0.567801994633939	0.9752413076961375	0.8979977964759074	0.9707735709516954	0.7902380626141435	0.5856225216831616	0.19919292292087912	0.12950434720606513	0.3867491501183325	0.63779366357509	0.16146553083922938	0.0	0.16463524524363343	
-0.6240332363975349	-0.9581836780228968	-0.586634918057319	0.42453206356186163	0.9255256768289263	0.9581836840531386	0.9180148940478153	0.6785664101907635	0.4441807408676846	0.035138836092298315	-0.03551162981335704	0.22964762516483372	0.5022873986858596	-0.0032127036522536234	-0.16463524524363343	0.0	
