0.0	0.4993962912222105	0.8484049851744107	0.9986443438137269	0.5989768487026887	0.9923101532210596	0.8120940983701312	0.9768469116365103	0.9998440094230124	0.9711672011521961	0.9431757997135923	0.78441378039403	0.626365756899099	-0.14931555309360733	-0.5989768318277996	0.4811419003818864	
-0.4993962912222105	0.0	0.47068146954346113	0.8911940520404374	0.9188375149100858	0.9215247936334352	0.41216597867079713	0.7394738538367887	0.87505901545489	0.7223379274998523	0.6511962108904261	0.36985095518397176	0.15337275833702413	-0.6231609215864802	-0.918837506593752	-0.020943450531773544	
-0.8484049851744107	-0.47068146954346113	0.0	0.5727917772703273	0.9964411702522458	0.6302894780197397	-0.06518665271854451	0.33558431862408555	0.5442499036168305	0.31182589057596743	0.21734791008050267	-0.11098527904714153	-0.329791280113063	-0.9179338664333042	-0.9964411720285478	-0.48905670478821534	
-0.9986443438137269	-0.8911940520404374	-0.5727917772703273	0.0	0.7685024679213878	0.07195611410780178	-0.6250070581995552	-0.2644969099570406	-0.03440613833307743	-0.2886279896692357	-0.38093845180346575	-0.660227832630071	-0.8110765066969132	-0.9796768727227939	-0.7685024814051508	-0.9004989947375637	
-0.5989768487026887	-0.9188375149100858	-0.9964411702522458	-0.7685024679213878	0.0	-0.7204694641066897	-0.9998164843212556	-0.9103709379855944	-0.7900621216955925	-0.9204737204426605	-0.9542999457996286	-0.9996402812502483	-0.9684926230523087	-0.47269520710064766	-2.1073424255447027e-08	-0.9103709379855947	
-0.9923101532210596	-0.9215247936334352	-0.6302894780197397	-0.07195611410780178	0.7204694641066897	0.0	-0.6795572312593213	-0.33320478821798183	-0.10623046201608821	-0.35677356488676515	-0.44648163453471307	-0.712560135803913	-0.8510640487536746	-0.9627042366561853	-0.7204694787208279	-0.9294554189178866	
-0.8120940983701312	-0.41216597867079713	0.06518665271854451	0.6250070581995552	0.9998164843212556	0.6795572312593213	0.0	0.3962770503748261	0.5977789237959944	0.37309906242928315	0.28051394385547956	-0.04596529029345898	-0.2675501313294568	-0.8901197776134079	-0.9998164847249623	-0.43115733659099154	
-0.9768469116365103	-0.7394738538367887	-0.33558431862408555	0.2644969099570406	0.9103709379855944	0.33320478821798183	-0.3962770503748261	0.0	0.23115949375716738	-0.025108675294856497	-0.12281796453070482	-0.43806035747277894	-0.6274764157498461	-0.997840558649008	-0.910370946705632	-0.7534104816195143	
-0.9998440094230124	-0.87505901545489	-0.5442499036168305	0.03440613833307743	0.7900621216955925	0.10623046201608821	-0.5977789237959944	-0.23115949375716738	0.0	-0.25551524417665744	-0.3489009817314964	-0.6339956744290165	-0.7904707661098241	-0.9859980983588689	-0.7900621346141656	-0.8850040518151386	
-0.9711672011521961	-0.7223379274998523	-0.31182589057596743	0.2886279896692357	0.9204737204426605	0.35677356488676515	-0.37309906242928315	0.025108675294856497	0.25551524417665744	0.0	-0.09786066048299119	-0.41535091687408693	-0.6077280820517108	-0.9958767609232011	-0.9204737286782482	-0.7366627302943065	
-0.9431757997135923	-0.6511962108904261	-0.21734791008050267	0.38093845180346575	0.9542999457996286	0.44648163453471307	-0.28051394385547956	0.12281796453070482	0.3489009817314964	0.09786066048299119	0.0	-0.3243372327334272	-0.5270954914005931	-0.9822191049227535	-0.954299952097431	-0.6669475604598916	
-0.78441378039403	-0.36985095518397176	0.11098527904714153	0.660227832630071	0.9996402812502483	0.712560135803913	0.04596529029345898	0.43806035747277894	0.6339956744290165	0.41535091687408693	0.3243372327334272	0.0	-0.22297776388072968	-0.8682313464900258	-0.9996402806850601	-0.38922820625214716	
-0.626365756899099	-0.15337275833702413	0.329791280113063	0.8110765066969132	0.9684926230523087	0.8510640487536746	0.2675501313294568	0.6274764157498461	0.7904707661098241	0.6077280820517108	0.5270954914005931	0.22297776388072968	0.0	-0.7357397933005108	-0.9684926178041351	-0.1740347739563576	
0.14931555309360733	0.6231609215864802	0.9179338664333042	0.9796768727227939	0.47269520710064766	0.9627042366561853	0.8901197776134079	0.997840558649008	0.9859980983588689	0.9958767609232011	0.9822191049227535	0.8682313464900258	0.7357397933005108	0.0	-0.4726951885301982	0.6066444991296189	
0.5989768318277996	0.918837506593752	0.9964411720285478	0.7685024814051508	2.1073424255447027e-08	0.7204694787208279	0.9998164847249623	0.910370946705632	0.7900621346141656	0.9204737286782482	0.954299952097431	0.9996402806850601	0.9684926178041351	0.4726951885301982	0.0	0.9103709292655557	
-0.4811419003818864	0.020943450531773544	0.48905670478821534	0.9004989947375637	0.9103709379855947	0.9294554189178866	0.43115733659099154	0.7534104816195143	0.8850040518151386	0.7366627302943065	0.6669475604598916	0.38922820625214716	0.1740347739563576	-0.6066444991296189	-0.9103709292655557	0.0	
