0.0	-0.46470603445547687	-0.14482819392874408	0.9310218717150213	0.10404862142586968	0.015728885285381466	0.40145945140931116	0.47912780650699976	0.6751574453746907	0.023629810495464643	-0.27497155359656444	-0.3986993135800228	-0.8956403555425823	-0.9310218717150213	-0.7080292241110329	-0.5599790610235184	
0.46470603445547687	0.0	0.33156625442834264	0.9939879888410278	0.5543151231463567	0.4785759249897939	0.7810917759353213	0.8321443797844638	0.9406297006122117	0.485499648485033	0.2033150223507258	0.07313910769100257	-0.5863667227600261	-0.9939879888410278	-0.298767547556149	-0.11082977951926815	
0.14482819392874408	-0.33156625442834264	0.0	0.9740629267629912	0.2469937150090556	0.1603733305115867	0.5298715737540997	0.6011985192649777	0.7748750808231571	0.168168431669995	-0.1328270692396855	-0.26167646675154643	-0.8217809176651925	-0.9740629267629912	-0.5982891151976545	-0.4340839620460999	
-0.9310218717150213	-0.9939879888410278	-0.9740629267629912	0.0	-0.8879945447715467	-0.9251662309356331	-0.7061833291867676	-0.6423358232611031	-0.44038256016082306	-0.9221378933470581	-0.9954877275195323	-0.9993337795578859	-0.740974909866772	-0.0	-0.9158766868178987	-0.9757297695119657	
-0.10404862142586968	-0.5543151231463567	-0.2469937150090556	0.8879945447715467	0.0	-0.08839223770142973	0.30398469630073416	0.3851990296030098	0.5947389066702593	-0.08051801577471951	-0.3735168590779677	-0.4919563454796254	-0.9370576505090944	-0.8879945447715467	-0.7776635729031949	-0.6431445994647498	
-0.015728885285381466	-0.4785759249897939	-0.1603733305115867	0.9251662309356331	0.08839223770142973	0.0	0.3870040671492407	0.465262582506078	0.6634711396383352	0.00790239391315295	-0.2900601117212741	-0.4130746648233888	-0.9025254367225243	-0.9251662309356331	-0.7190491097404774	-0.572941275720604	
-0.40145945140931116	-0.7810917759353213	-0.5298715737540997	0.7061833291867676	-0.30398469630073416	-0.3870040671492407	0.0	0.0864429555557748	0.32221497754390543	-0.379705359544245	-0.6378242038839439	-0.7333305696318867	-0.9988569518148893	-0.7061833291867676	-0.9319714318788166	-0.8454836986057622	
-0.47912780650699976	-0.8321443797844638	-0.6011985192649777	0.6423358232611031	-0.3851990296030098	-0.465262582506078	-0.0864429555557748	0.0	0.2391762107818487	-0.45825307151199324	-0.7020135083829309	-0.7893557347221266	-0.9992499603159322	-0.6423358232611031	-0.9598211918503319	-0.8884795304084622	
-0.6751574453746907	-0.9406297006122117	-0.7748750808231571	0.44038256016082306	-0.5947389066702593	-0.6634711396383352	-0.32221497754390543	-0.2391762107818487	0.0	-0.6575378371998926	-0.8519709921497862	-0.913284523128729	-0.9609861456224138	-0.44038256016082306	-0.9990793071482453	-0.9724543091795959	
-0.023629810495464643	-0.485499648485033	-0.168168431669995	0.9221378933470581	0.08051801577471951	-0.00790239391315295	0.379705359544245	0.45825307151199324	0.6575378371998926	0.0	-0.29761371234527184	-0.4202584545253673	-0.9059003155372221	-0.9221378933470581	-0.7245184997147879	-0.5794001597463639	
0.27497155359656444	-0.2033150223507258	0.1328270692396855	0.9954877275195323	0.3735168590779677	0.2900601117212741	0.6378242038839439	0.7020135083829309	0.8519709921497862	0.29761371234527184	0.0	-0.1311590150807899	-0.738813964493282	-0.9954877275195323	-0.4865560967070129	-0.3105774000465252	
0.3986993135800228	-0.07313910769100257	0.26167646675154643	0.9993337795578859	0.4919563454796254	0.4130746648233888	0.7333305696318867	0.7893557347221266	0.913284523128729	0.4202584545253673	0.1311590150807899	0.0	-0.6440423065255063	-0.9993337795578859	-0.3677659189459726	-0.18322147670673444	
0.8956403555425823	0.5863667227600261	0.8217809176651925	0.740974909866772	0.9370576505090944	0.9025254367225243	0.9988569518148893	0.9992499603159322	0.9609861456224138	0.9059003155372221	0.738813964493282	0.6440423065255063	0.0	-0.740974909866772	0.31756958657844786	0.49297716557886173	
0.9310218717150213	0.9939879888410278	0.9740629267629912	0.0	0.8879945447715467	0.9251662309356331	0.7061833291867676	0.6423358232611031	0.44038256016082306	0.9221378933470581	0.9954877275195323	0.9993337795578859	0.740974909866772	0.0	0.9158766868178987	0.9757297695119657	
0.7080292241110329	0.298767547556149	0.5982891151976545	0.9158766868178987	0.7776635729031949	0.7190491097404774	0.9319714318788166	0.9598211918503319	0.9990793071482453	0.7245184997147879	0.4865560967070129	0.3677659189459726	-0.31756958657844786	-0.9158766868178987	0.0	0.19115923047450428	
0.5599790610235184	0.11082977951926815	0.4340839620460999	0.9757297695119657	0.6431445994647498	0.572941275720604	0.8454836986057622	0.8884795304084622	0.9724543091795959	0.5794001597463639	0.3105774000465252	0.18322147670673444	-0.49297716557886173	-0.9757297695119657	-0.19115923047450428	0.0	
