0.0	-0.0272095403242833	-0.4509735370217855	0.4299423916445589	0.8099483420428095	0.9903783398114276	0.8200690308124241	0.450973555830603	0.9549541997193828	0.9017657748561684	0.7322589355162458	0.701742966533867	0.9282262657657947	0.7194000818650669	0.5254903859994717	0.560330184632521	
0.0272095403242833	0.0	-0.42652103471421443	0.45434951182374	0.8256068888668566	0.9862462288773328	0.8041943448228758	0.42652105377465543	0.94652611091951	0.9131925425266637	0.7505182312206186	0.7208680461638286	0.9380049796071781	0.7380333616475219	0.5484456885336825	0.5826595512084056	
0.4509735370217855	0.42652103471421443	0.0	0.7909039396864247	0.9874056536228754	0.8215411098416284	0.4738660199630243	2.1073424255447017e-08	0.7185044114252396	0.9997816647924235	0.9606932776607552	0.9476189603992247	0.9962460133869486	0.9553358102299095	0.8527078582364033	0.8736431513948154	
-0.4299423916445589	-0.45434951182374	-0.7909039396864247	0.0	0.47910524384434205	0.953667445716549	0.9864453251076085	0.7909039525821026	0.9897732285370446	0.6283330631686338	0.36832252427274237	0.3272691245960435	0.6781094493308828	0.35087867223622493	0.10864752937307393	0.14978955315784515	
-0.8099483420428095	-0.8256068888668566	-0.9874056536228754	-0.47910524384434205	0.0	0.6929437904116047	0.944476261242724	0.9874056569568797	0.8004365873735771	0.1788067722680473	-0.12212538006577295	-0.1654585628478897	0.2430919928758078	-0.1406578043546015	-0.3809029219308855	-0.34222103324907455	
-0.9903783398114276	-0.9862462288773328	-0.8215411098416284	-0.953667445716549	-0.6929437904116047	0.0	0.4532722272936471	0.8215410978266304	0.1617454705492985	-0.5528582708090224	-0.7758082594662092	-0.8026870037980482	-0.49689043330654015	-0.7874678287501424	-0.9153340588125783	-0.8978419771129391	
-0.8200690308124241	-0.8041943448228758	-0.4738660199630243	-0.9864453251076085	-0.944476261242724	-0.4532722272936471	0.0	0.47386600140583096	-0.3031283639096205	-0.870503011757484	-0.977534470592509	-0.9858246201797491	-0.8362699482457218	-0.9813038285210791	-0.9984339039075608	-0.9998951622775945	
-0.450973555830603	-0.42652105377465543	-2.1073424255447017e-08	-0.7909039525821026	-0.9874056569568797	-0.8215410978266304	-0.47386600140583096	0.0	-0.7185043967682008	-0.9997816643520832	-0.9606932835109906	-0.9476189671301404	-0.996246011562681	-0.9553358164575783	-0.8527078692449087	-0.8736431616484523	
-0.9549541997193828	-0.94652611091951	-0.7185044114252396	-0.9897732285370446	-0.8004365873735771	-0.1617454705492985	0.3031283639096205	0.7185043967682008	0.0	-0.6803570212029598	-0.8676491468975982	-0.8885827125736185	-0.6307125015859153	-0.8767916058510126	-0.96841555878988	-0.9572390651084175	
-0.9017657748561684	-0.9131925425266637	-0.9997816647924235	-0.6283330631686338	-0.1788067722680473	0.5528582708090224	0.870503011757484	0.9997816643520832	0.6803570212029598	0.0	-0.29762557955328306	-0.3391342999086258	0.06573122511332288	-0.31542011666659253	-0.5400918004414141	-0.5047161969705269	
-0.7322589355162458	-0.7505182312206186	-0.9606932776607552	-0.36832252427274237	0.12212538006577295	0.7758082594662092	0.977534470592509	0.9606932835109906	0.8676491468975982	0.29762557955328306	0.0	-0.04377795813148039	0.35973438589252976	-0.018693693024231295	-0.2651327793269221	-0.22490801363729138	
-0.701742966533867	-0.7208680461638286	-0.9476189603992247	-0.3272691245960435	0.1654585628478897	0.8026870037980482	0.9858246201797491	0.9476189671301404	0.8885827125736185	0.3391342999086258	0.04377795813148039	0.0	0.40023673526507064	0.025094537156340746	-0.22266736405000237	-0.18203602422475018	
-0.9282262657657947	-0.9380049796071781	-0.9962460133869486	-0.6781094493308828	-0.2430919928758078	0.49689043330654015	0.8362699482457218	0.996246011562681	0.6307125015859153	-0.06573122511332288	-0.35973438589252976	-0.40023673526507064	0.0	-0.377113764184163	-0.5942435795336632	-0.5603694821639627	
-0.7194000818650669	-0.7380333616475219	-0.9553358102299095	-0.35087867223622493	0.1406578043546015	0.7874678287501424	0.9813038285210791	0.9553358164575783	0.8767916058510126	0.31542011666659253	0.018693693024231295	-0.025094537156340746	0.377113764184163	0.0	-0.2470617679281673	-0.20665395206459525	
-0.5254903859994717	-0.5484456885336825	-0.8527078582364033	-0.10864752937307393	0.3809029219308855	0.9153340588125783	0.9984339039075608	0.8527078692449087	0.96841555878988	0.5400918004414141	0.2651327793269221	0.22266736405000237	0.5942435795336632	0.2470617679281673	0.0	0.04148109202701444	
-0.560330184632521	-0.5826595512084056	-0.8736431513948154	-0.14978955315784515	0.34222103324907455	0.8978419771129391	0.9998951622775945	0.8736431616484523	0.9572390651084175	0.5047161969705269	0.22490801363729138	0.18203602422475018	0.5603694821639627	0.20665395206459525	-0.04148109202701444	0.0	
