0.0	0.15901001077426719	-0.6235064389916423	0.44045238558385075	0.81991124048518	0.8451710554245044	0.8822168376323001	0.6235064506416415	0.7874541291732338	0.5427984577860123	0.3941965031785809	0.4222216125865727	0.7761177097778785	0.5265384215068694	0.4036306177347921	0.5347067317736682	
-0.15901001077426719	0.0	-0.7398904708853714	0.2920931298949916	0.7184477392985547	0.7494277173650028	0.9458611714425905	0.73989048090979	0.6794258084960084	0.40234579463789144	0.24304676688369264	0.2727082697934506	0.6659733271503756	0.38465668485876336	0.2530134513294903	0.3935341887904262	
0.6235064389916423	0.7398904708853714	0.0	0.9041227970329575	0.9979731559192623	0.9940317724097303	0.39615933817877086	1.4901161193847656e-08	0.999958677104763	0.9480297003640437	0.8812087462153674	0.8953045464179821	0.999958677449607	0.9417321594293818	0.8860255469331302	0.9449299081975144	
-0.44045238558385075	-0.2920931298949916	-0.9041227970329575	0.0	0.4839417332737187	0.5233542633904774	0.9994171515939698	0.9041228033998169	0.43547432393209173	0.11739175760133586	-0.05088712393218503	-0.02020642797964539	0.4190358162872783	0.09826236004152611	-0.040609721370899965	0.10784798591203848	
-0.81991124048518	-0.7184477392985547	-0.9979731559192623	-0.4839417332737187	0.0	0.04561332505476101	0.8911106486079473	0.9979731549710072	-0.0545612279501663	-0.37786605392317285	-0.5278460771610057	-0.501525576160792	-0.0727060967374796	-0.3956103055126284	-0.5190800986826848	-0.38674129651700595	
-0.8451710554245044	-0.7494277173650028	-0.9940317724097303	-0.5233542633904774	-0.04561332505476101	0.0	0.8694844622186563	0.9940317707841484	-0.10004981968907917	-0.41970432542664604	-0.566037903195663	-0.5404656142096953	-0.11812302735959061	-0.4370906628976873	-0.5575267014900185	-0.42840283725227124	
-0.8822168376323001	-0.9458611714425905	-0.39615933817877086	-0.9994171515939698	-0.8911106486079473	-0.8694844622186563	0.0	0.39615932449679614	-0.9145424001412393	-0.996514306156232	-0.9963851673659471	-0.9985233064449047	-0.921745258729951	-0.9979349307199548	-0.997206410076233	-0.9972695894217313	
-0.6235064506416415	-0.73989048090979	-1.4901161193847656e-08	-0.9041228033998169	-0.9979731549710072	-0.9940317707841484	-0.39615932449679614	0.0	-0.9999586769692983	-0.9480297051053226	-0.8812087532595537	-0.8953045530557723	-0.999958677585071	-0.9417321644415915	-0.8860255538418511	-0.9449299130742587	
-0.7874541291732338	-0.6794258084960084	-0.999958677104763	-0.43547432393209173	0.0545612279501663	0.10004981968907917	0.9145424001412393	0.9999586769692983	0.0	-0.32678712136131505	-0.4807187757640779	-0.45357526256611913	-0.018180968959303455	-0.34491097549986355	-0.47167201258100755	-0.33584949368713046	
-0.5427984577860123	-0.40234579463789144	-0.9480297003640437	-0.11739175760133586	0.37786605392317285	0.41970432542664604	0.996514306156232	0.9480297051053226	0.32678712136131505	0.0	-0.16777494039914065	-0.13743450398908041	0.3095503106442657	-0.019240702363631068	-0.15762385229635095	-0.00960476717633646	
-0.3941965031785809	-0.24304676688369264	-0.8812087462153674	0.05088712393218503	0.5278460771610057	0.566037903195663	0.9963851673659471	0.8812087532595537	0.4807187757640779	0.16777494039914065	0.0	0.03069648551752474	0.4646968849973289	0.1487759103537571	0.01028803851754112	0.1582985787580557	
-0.4222216125865727	-0.2727082697934506	-0.8953045464179821	0.02020642797964539	0.501525576160792	0.5404656142096953	0.9985233064449047	0.8953045530557723	0.45357526256611913	0.13743450398908041	-0.03069648551752474	0.0	0.4372970858935939	0.11835093760904714	-0.020411670660740178	0.12791453840607103	
-0.7761177097778785	-0.6659733271503756	-0.999958677449607	-0.4190358162872783	0.0727060967374796	0.11812302735959061	0.921745258729951	0.999958677585071	0.018180968959303455	-0.3095503106442657	-0.4646968849973289	-0.4372970858935939	0.0	-0.3277886649167942	-0.45556254408784075	-0.3186690425273062	
-0.5265384215068694	-0.38465668485876336	-0.9417321594293818	-0.09826236004152611	0.3956103055126284	0.4370906628976873	0.9979349307199548	0.9417321644415915	0.34491097549986355	0.019240702363631068	-0.1487759103537571	-0.11835093760904714	0.3277886649167942	0.0	-0.13859449436557975	0.00963682570369434	
-0.4036306177347921	-0.2530134513294903	-0.8860255469331302	0.040609721370899965	0.5190800986826848	0.5575267014900185	0.997206410076233	0.8860255538418511	0.47167201258100755	0.15762385229635095	-0.01028803851754112	0.020411670660740178	0.45556254408784075	0.13859449436557975	0.0	0.14813188145437228	
-0.5347067317736682	-0.3935341887904262	-0.9449299081975144	-0.10784798591203848	0.38674129651700595	0.42840283725227124	0.9972695894217313	0.9449299130742587	0.33584949368713046	0.00960476717633646	-0.1582985787580557	-0.12791453840607103	0.3186690425273062	-0.00963682570369434	-0.14813188145437228	0.0	
