0.0	0.4366215143265534	0.5445824549222641	0.9261298824200233	0.8528695826254412	0.9495177376434942	0.9495177376434942	0.7484313699260559	0.25029515937431535	0.4682884988597203	0.21408318431604634	-0.6849899020633996	-0.24729071898862354	-0.22293057788811527	-0.8528695716225003	-0.639711022145613	
-0.4366215143265534	0.0	0.12373338699063627	0.6684926701661891	0.9952506786316689	0.7172551654020798	0.7172551654020798	0.3837500235064861	-0.19754680560030552	0.0355054171633709	-0.23389970450272835	-0.9343496635775128	-0.6455345619870504	-0.6261920834219878	-0.9952506765802721	-0.9111070795533134	
-0.5445824549222641	-0.12373338699063627	0.0	0.5713327998881035	0.9996475239795655	0.6255246801461003	0.6255246801461003	0.26654110649161955	-0.31732378645223525	-0.0884227953593957	-0.35240341515048323	-0.9712629794806117	-0.7350729813836515	-0.7178511738258968	-0.999647524539035	-0.955104833205692	
-0.9261298824200233	-0.6684926701661891	-0.5713327998881035	0.0	0.8052611194138974	0.0676233149826907	0.0676233149826907	-0.33190879517878913	-0.8022382493064609	-0.6416651310006825	-0.8239047631566211	-0.933115758231464	-0.9906447592584915	-0.9869136750681442	-0.8052611319087591	-0.9531398464681401	
-0.8528695826254412	-0.9952506786316689	-0.9996475239795655	-0.8052611194138974	0.0	-0.7633225763603017	-0.7633225763603017	-0.9564075354640874	-0.9564074951984907	-0.9980794387574535	-0.9448741399423527	-0.26371064855732296	-0.6972641671792603	-0.7150091364189644	-2.1073424255447017e-08	-0.32152031253811647	
-0.9495177376434942	-0.7172551654020798	-0.6255246801461003	-0.0676233149826907	0.7633225763603017	0.0	0.0	-0.394938880082151	-0.8407732551495581	-0.6920623730430117	-0.8603428271525216	-0.9066640562488811	-0.9976053790887461	-0.9955587794047356	-0.7633225899741028	-0.9304999515575639	
-0.9495177376434942	-0.7172551654020798	-0.6255246801461003	-0.0676233149826907	0.7633225763603017	0.0	0.0	-0.394938880082151	-0.8407732551495581	-0.6920623730430117	-0.8603428271525216	-0.9066640562488811	-0.9976053790887461	-0.9955587794047356	-0.7633225899741028	-0.9304999515575639	
-0.7484313699260559	-0.3837500235064861	-0.26654110649161955	0.33190879517878913	0.9564075354640874	0.394938880082151	0.394938880082151	0.0	-0.5586096690851341	-0.35072104652023134	-0.5890967229973265	-0.9995652833458881	-0.8891923201186912	-0.8774468773450256	-0.9564075416182714	-0.9995201463830762	
-0.25029515937431535	0.19754680560030552	0.31732378645223525	0.8022382493064609	0.9564074951984907	0.8407732551495581	0.8407732551495581	0.5586096690851341	0.0	0.23222797725176386	-0.037223348113771315	-0.8455395642768266	-0.48194067575791444	-0.4598309159390367	-0.9564074890443035	-0.8117294933638171	
-0.4682884988597203	-0.0355054171633709	0.0884227953593957	0.6416651310006825	0.9980794387574535	0.6920623730430117	0.6920623730430117	0.35072104652023134	-0.23222797725176386	0.0	-0.2682727498043386	-0.9464131646803967	-0.6722441318755957	-0.6534797260671368	-0.9980794374520173	-0.9251668702176736	
-0.21408318431604634	0.23389970450272835	0.35240341515048323	0.8239047631566211	0.9448741399423527	0.8603428271525216	0.8603428271525216	0.5890967229973265	0.037223348113771315	0.2682727498043386	0.0	-0.825079559991288	-0.44899143601828695	-0.42645766503816823	-0.9448741330422021	-0.7894272558288865	
0.6849899020633996	0.9343496635775128	0.9712629794806117	0.933115758231464	0.26371064855732296	0.9066640562488811	0.9066640562488811	0.9995652833458881	0.8455395642768266	0.9464131646803967	0.825079559991288	0.0	0.4835507398824199	0.5053350240551447	-0.26371062822985925	0.06043076210894169	
0.24729071898862354	0.6455345619870504	0.7350729813836515	0.9906447592584915	0.6972641671792603	0.9976053790887461	0.9976053790887461	0.8891923201186912	0.48194067575791444	0.6722441318755957	0.44899143601828695	-0.4835507398824199	0.0	0.025060830089328467	-0.6972641520735292	-0.42977096534081805	
0.22293057788811527	0.6261920834219878	0.7178511738258968	0.9869136750681442	0.7150091364189644	0.9955587794047356	0.9955587794047356	0.8774468773450256	0.4598309159390367	0.6534797260671368	0.42645766503816823	-0.5053350240551447	-0.025060830089328467	0.0	-0.715009121686215	-0.4522643605576183	
0.8528695716225003	0.9952506765802721	0.999647524539035	0.8052611319087591	2.1073424255447017e-08	0.7633225899741028	0.7633225899741028	0.9564075416182714	0.9564074890443035	0.9980794374520173	0.9448741330422021	0.26371062822985925	0.6972641520735292	0.715009121686215	0.0	0.32152029258363446	
0.639711022145613	0.9111070795533134	0.955104833205692	0.9531398464681401	0.32152031253811647	0.9304999515575639	0.9304999515575639	0.9995201463830762	0.8117294933638171	0.9251668702176736	0.7894272558288865	-0.06043076210894169	0.42977096534081805	0.4522643605576183	-0.32152029258363446	0.0	
