0.0	0.9165151259843688	0.9329523215750469	0.8772685499428606	0.9797959092800155	2.9802322387695312e-08	0.8772685499428606	0.60000011920926	0.768374992890636	0.9871170365610128	0.9797959092800155	0.9991996826070554	0.7332121333044915	0.8772685499428606	0.7332121333044915	0.7332121333044915	
-0.9165151259843688	0.0	0.04323555478263197	-0.0890197105564633	0.5752213634805169	0.9165151379052981	0.7908346028000273	-0.49321195327956546	-0.2792195677058435	0.24820454953095689	0.5752213634805169	0.36301936333617996	-0.3299453886447302	-0.0890197105564633	-0.3299453886447302	-0.3299453886447302	
-0.9329523215750469	-0.04323555478263197	0.0	-0.13200037255226832	0.5393168893272227	0.9329523323038811	0.7636336448482874	-0.5303617595425065	-0.32047443047228513	0.20608984253961277	0.5393168893272227	0.32239381195993283	-0.37045122340037584	-0.13200037255226832	-0.37045122340037584	-0.37045122340037584	
-0.8772685499428606	0.0890197105564633	0.13200037255226832	0.0	0.6457555831929782	0.8772685642479715	0.8421776092458991	-0.41381477224923296	-0.1926318735017144	0.33345321803392786	0.6457555831929782	0.444525055242623	-0.24460085209468402	0.0	-0.24460085209468402	-0.24460085209468402	
-0.9797959092800155	-0.5752213634805169	-0.5393168893272227	-0.6457555831929782	0.0	0.9797959033195524	0.2948482677943857	-0.9038366279025009	-0.7807442354379734	-0.3541905596393714	0.0	-0.23903164325521645	-0.8129035779083109	-0.6457555831929782	-0.8129035779083109	-0.8129035779083109	
-2.9802322387695312e-08	-0.9165151379052981	-0.9329523323038811	-0.8772685642479715	-0.9797959033195524	0.0	-0.8772685356377489	-0.600000143051115	-0.7683750119641191	-0.9871170413293798	-0.9797959033195524	-0.9991996837991457	-0.7332121535700697	-0.8772685642479715	-0.7332121535700697	-0.7332121535700697	
-0.8772685499428606	-0.7908346028000273	-0.7636336448482874	-0.8421776092458991	-0.2948482677943857	0.8772685356377489	0.0	-0.9898147507915178	-0.9302716926416105	-0.6141789134849756	-0.2948482677943857	-0.5147064137437906	-0.9484843339961857	-0.8421776092458991	-0.9484843339961857	-0.9484843339961857	
-0.60000011920926	0.49321195327956546	0.5303617595425065	0.41381477224923296	0.9038366279025009	0.600000143051115	0.9898147507915178	0.0	0.2306999101172552	0.6936936041746151	0.9038366279025009	0.7753596948972178	0.17856957433214576	0.41381477224923296	0.17856957433214576	0.17856957433214576	
-0.768374992890636	0.2792195677058435	0.32047443047228513	0.1926318735017144	0.7807442354379734	0.7683750119641191	0.9302716926416105	-0.2306999101172552	0.0	0.5088149098511061	0.7807442354379734	0.6087527508645548	-0.05323928582610815	0.1926318735017144	-0.05323928582610815	-0.05323928582610815	
-0.9871170365610128	-0.24820454953095689	-0.20608984253961277	-0.33345321803392786	0.3541905596393714	0.9871170413293798	0.6141789134849756	-0.6936936041746151	-0.5088149098511061	0.0	0.3541905596393714	0.12038720137783968	-0.553925720514611	-0.33345321803392786	-0.553925720514611	-0.553925720514611	
-0.9797959092800155	-0.5752213634805169	-0.5393168893272227	-0.6457555831929782	0.0	0.9797959033195524	0.2948482677943857	-0.9038366279025009	-0.7807442354379734	-0.3541905596393714	0.0	-0.23903164325521645	-0.8129035779083109	-0.6457555831929782	-0.8129035779083109	-0.8129035779083109	
-0.9991996826070554	-0.36301936333617996	-0.32239381195993283	-0.444525055242623	0.23903164325521645	0.9991996837991457	0.5147064137437906	-0.7753596948972178	-0.6087527508645548	-0.12038720137783968	0.23903164325521645	0.0	-0.6501273274612569	-0.444525055242623	-0.6501273274612569	-0.6501273274612569	
-0.7332121333044915	0.3299453886447302	0.37045122340037584	0.24460085209468402	0.8129035779083109	0.7332121535700697	0.9484843339961857	-0.17856957433214576	0.05323928582610815	0.553925720514611	0.8129035779083109	0.6501273274612569	0.0	0.24460085209468402	0.0	0.0	
-0.8772685499428606	0.0890197105564633	0.13200037255226832	0.0	0.6457555831929782	0.8772685642479715	0.8421776092458991	-0.41381477224923296	-0.1926318735017144	0.33345321803392786	0.6457555831929782	0.444525055242623	-0.24460085209468402	0.0	-0.24460085209468402	-0.24460085209468402	
-0.7332121333044915	0.3299453886447302	0.37045122340037584	0.24460085209468402	0.8129035779083109	0.7332121535700697	0.9484843339961857	-0.17856957433214576	0.05323928582610815	0.553925720514611	0.8129035779083109	0.6501273274612569	0.0	0.24460085209468402	0.0	0.0	
-0.7332121333044915	0.3299453886447302	0.37045122340037584	0.24460085209468402	0.8129035779083109	0.7332121535700697	0.9484843339961857	-0.17856957433214576	0.05323928582610815	0.553925720514611	0.8129035779083109	0.6501273274612569	0.0	0.24460085209468402	0.0	0.0	
