0.0	0.6556013538196	0.6556013538196	0.23388628563837455	0.5687098150732908	0.9685445962712793	0.5783489293804143	0.9566814241353447	0.41731997047074754	-0.28673853567659763	0.04412765333322438	-0.2149903753083624	-0.28673853567659763	0.3892627597617107	0.04412765333322438	-0.5783489293804143	
-0.6556013538196	0.0	0.0	-0.46080835221201066	-0.10982031065804829	0.8944948527075256	0.9715481372313338	0.5315273209821847	-0.2806627262141704	-0.8445902472857646	-0.6216416247737884	-0.8026116592174182	-0.8445902472857646	-0.3099568416392854	-0.6216416247737884	-0.9715481372313338	
-0.6556013538196	0.0	0.0	-0.46080835221201066	-0.10982031065804829	0.8944948527075256	0.9715481372313338	0.5315273209821847	-0.2806627262141704	-0.8445902472857646	-0.6216416247737884	-0.8026116592174182	-0.8445902472857646	-0.3099568416392854	-0.6216416247737884	-0.9715481372313338	
-0.23388628563837455	0.46080835221201066	0.46080835221201066	0.0	0.3605556438315429	0.9998812758010287	0.7531097966938436	0.8620539572939955	0.1931987550795552	-0.5028506821167971	-0.19075473024647183	-0.4374445212793413	-0.5028506821167971	0.16302723580630285	-0.19075473024647183	-0.7531097966938436	
-0.5687098150732908	0.10982031065804829	0.10982031065804829	-0.3605556438315429	0.0	0.9381827342675703	0.9396616052785844	0.6213346773130615	-0.17355888248155055	-0.780682461118079	-0.5318591531847922	-0.7322490036012912	-0.780682461118079	-0.203670325124864	-0.5318591531847922	-0.9396616052785844	
-0.9685445962712793	-0.8944948527075256	-0.8944948527075256	-0.9998812758010287	-0.9381827342675703	0.0	0.6462121462453896	-0.5200396446343237	-0.9840201345056369	-0.8565222944779911	-0.9785818646084101	-0.8923980982280815	-0.8565222944779911	-0.9890165040492538	-0.9785818646084101	-0.6462121462453896	
-0.5783489293804143	-0.9715481372313338	-0.9715481372313338	-0.7531097966938436	-0.9396616052785844	-0.6462121462453896	0.0	-0.9488293379686892	-0.8660254037844386	-0.3201451214995153	-0.6137844365300573	-0.3894380230846526	-0.3201451214995153	-0.8502891481362401	-0.6137844365300573	-0.0	
-0.9566814241353447	-0.5315273209821847	-0.5315273209821847	-0.8620539572939955	-0.6213346773130615	0.5200396446343237	0.9488293379686892	0.0	-0.7478962324532998	-0.9999894464434402	-0.9429023363761027	-0.9969021618631136	-0.9999894464434402	-0.7678961332236164	-0.9429023363761027	-0.9488293379686892	
-0.41731997047074754	0.2806627262141704	0.2806627262141704	-0.1931987550795552	0.17355888248155055	0.9840201345056369	0.8660254037844386	0.7478962324532998	0.0	-0.6603726390564485	-0.37681203000691965	-0.6029360013748735	-0.6603726390564485	-0.03065831471310554	-0.37681203000691965	-0.8660254037844386	
0.28673853567659763	0.8445902472857646	0.8445902472857646	0.5028506821167971	0.780682461118079	0.8565222944779911	0.3201451214995153	0.9999894464434402	0.6603726390564485	0.0	0.3287339075620779	0.07407080133727129	0.0	0.637039717791364	0.3287339075620779	-0.3201451214995153	
-0.04412765333322438	0.6216416247737884	0.6216416247737884	0.19075473024647183	0.5318591531847922	0.9785818646084101	0.6137844365300573	0.9429023363761027	0.37681203000691965	-0.3287339075620779	0.0	-0.2578767330048683	-0.3287339075620779	0.34823641692616303	0.0	-0.6137844365300573	
0.2149903753083624	0.8026116592174182	0.8026116592174182	0.4374445212793413	0.7322490036012912	0.8923980982280815	0.3894380230846526	0.9969021618631136	0.6029360013748735	-0.07407080133727129	0.2578767330048683	0.0	-0.07407080133727129	0.5781936919270435	0.2578767330048683	-0.3894380230846526	
0.28673853567659763	0.8445902472857646	0.8445902472857646	0.5028506821167971	0.780682461118079	0.8565222944779911	0.3201451214995153	0.9999894464434402	0.6603726390564485	0.0	0.3287339075620779	0.07407080133727129	0.0	0.637039717791364	0.3287339075620779	-0.3201451214995153	
-0.3892627597617107	0.3099568416392854	0.3099568416392854	-0.16302723580630285	0.203670325124864	0.9890165040492538	0.8502891481362401	0.7678961332236164	0.03065831471310554	-0.637039717791364	-0.34823641692616303	-0.5781936919270435	-0.637039717791364	0.0	-0.34823641692616303	-0.8502891481362401	
-0.04412765333322438	0.6216416247737884	0.6216416247737884	0.19075473024647183	0.5318591531847922	0.9785818646084101	0.6137844365300573	0.9429023363761027	0.37681203000691965	-0.3287339075620779	0.0	-0.2578767330048683	-0.3287339075620779	0.34823641692616303	0.0	-0.6137844365300573	
0.5783489293804143	0.9715481372313338	0.9715481372313338	0.7531097966938436	0.9396616052785844	0.6462121462453896	0.0	0.9488293379686892	0.8660254037844386	0.3201451214995153	0.6137844365300573	0.3894380230846526	0.3201451214995153	0.8502891481362401	0.6137844365300573	0.0	
