0.0	-0.22189205119504712	-0.6278317549381864	-0.7148872311072881	-0.6954445003446855	-0.9984838259471146	-0.7736335149581088	-0.6954445003446855	-0.8838479072663824	-0.8736214601296058	-0.8736214601296058	-0.49417896530696037	0.7788271547329578	0.9984838259471148	0.4980300436196882	0.3996877425059996	
0.22189205119504712	0.0	-0.43947121254021304	-0.5419102315042255	-0.5186607808114593	-0.961378615427737	-0.6137495914340262	-0.5186607808114593	-0.7580192542817963	-0.7438691214124209	-0.7438691214124209	-0.28895557800073657	0.8985912171781568	0.9613786154277372	0.6780306320191145	0.5931216711970062	
0.6278317549381864	0.43947121254021304	0.0	-0.11742688951537794	-0.09015136101465526	-0.742609411674809	-0.20434181376950833	-0.09015136101465526	-0.39425858976935496	-0.37447566557189327	-0.37447566557189327	0.16116819537848998	0.9999997098058241	0.7426094116748091	0.9320716688026423	0.8865994154517314	
0.7148872311072881	0.5419102315042255	0.11742688951537794	0.0	0.027421084572931853	-0.6588279948260299	-0.08797894614964785	0.027421084572931853	-0.28361566554250217	-0.263002340518925	-0.263002340518925	0.2759449204885607	0.9929917824276895	0.65882799482603	0.9681638604855978	0.9347799123214271	
0.6954445003446855	0.5186607808114593	0.09015136101465526	-0.027421084572931853	0.0	-0.6792089632917345	-0.11526061832212042	0.0	-0.3098041388777481	-0.28935917475292544	-0.28935917475292544	0.24948473883597477	0.9958591065498941	0.6792089632917346	0.9609358319201085	0.9246876873472047	
0.9984838259471146	0.961378615427737	0.742609411674809	0.6588279948260299	0.6792089632917345	0.0	0.5900872812938232	0.6792089632917345	0.418412970088688	0.43777910417430027	0.43777910417430027	0.840839576652426	0.6691588275296453	0.0	0.8932595139113242	0.93726271804242	
0.7736335149581088	0.6137495914340262	0.20434181376950833	0.08797894614964785	0.11526061832212042	-0.5900872812938232	0.0	0.11526061832212042	-0.1981495411151108	-0.17710084084988403	-0.17710084084988403	0.3594379255472635	0.9787436398523519	0.5900872812938233	0.9864322950097975	0.9624076818957672	
0.6954445003446855	0.5186607808114593	0.09015136101465526	-0.027421084572931853	0.0	-0.6792089632917345	-0.11526061832212042	0.0	-0.3098041388777481	-0.28935917475292544	-0.28935917475292544	0.24948473883597477	0.9958591065498941	0.6792089632917346	0.9609358319201085	0.9246876873472047	
0.8838479072663824	0.7580192542817963	0.39425858976935496	0.28361566554250217	0.3098041388777481	-0.418412970088688	0.1981495411151108	0.3098041388777481	0.0	0.021428083908186846	0.021428083908186846	0.5372179274238627	0.9186989198030614	0.4184129700886881	0.9994030507345206	0.9971440713184939	
0.8736214601296058	0.7438691214124209	0.37447566557189327	0.263002340518925	0.28935917475292544	-0.43777910417430027	0.17710084084988403	0.28935917475292544	-0.021428083908186846	0.0	0.0	0.5190212004329823	0.9269511854062816	0.4377791041743004	0.9999138706313593	0.9952968093222009	
0.8736214601296058	0.7438691214124209	0.37447566557189327	0.263002340518925	0.28935917475292544	-0.43777910417430027	0.17710084084988403	0.28935917475292544	-0.021428083908186846	0.0	0.0	0.5190212004329823	0.9269511854062816	0.4377791041743004	0.9999138706313593	0.9952968093222009	
0.49417896530696037	0.28895557800073657	-0.16116819537848998	-0.2759449204885607	-0.24948473883597477	-0.840839576652426	-0.3594379255472635	-0.24948473883597477	-0.5372179274238627	-0.5190212004329823	-0.5190212004329823	0.0	0.9870494508519891	0.8408395766524263	0.8614996167381335	0.8004624327958155	
-0.7788271547329578	-0.8985912171781568	-0.9999997098058241	-0.9929917824276895	-0.9958591065498941	-0.6691588275296453	-0.9787436398523519	-0.9958591065498941	-0.9186989198030614	-0.9269511854062816	-0.9269511854062816	-0.9870494508519891	0.0	0.6691588275296454	-0.36298391238418465	-0.4632133868951306	
-0.9984838259471148	-0.9613786154277372	-0.7426094116748091	-0.65882799482603	-0.6792089632917346	-0.0	-0.5900872812938233	-0.6792089632917346	-0.4184129700886881	-0.4377791041743004	-0.4377791041743004	-0.8408395766524263	-0.6691588275296454	0.0	-0.8932595139113244	-0.9372627180424202	
-0.4980300436196882	-0.6780306320191145	-0.9320716688026423	-0.9681638604855978	-0.9609358319201085	-0.8932595139113242	-0.9864322950097975	-0.9609358319201085	-0.9994030507345206	-0.9999138706313593	-0.9999138706313593	-0.8614996167381335	0.36298391238418465	0.8932595139113244	0.0	-0.10992678189697969	
-0.3996877425059996	-0.5931216711970062	-0.8865994154517314	-0.9347799123214271	-0.9246876873472047	-0.93726271804242	-0.9624076818957672	-0.9246876873472047	-0.9971440713184939	-0.9952968093222009	-0.9952968093222009	-0.8004624327958155	0.4632133868951306	0.9372627180424202	0.10992678189697969	0.0	
