0.0	0.7306835141590213	0.4939379406670978	0.0760137491620802	0.393058136111823	0.15577527288538062	-0.16419442836440024	-0.447966796178812	-0.45366808561071553	-0.47103466690222817	-0.8466657187133119	0.44731011505393325	0.8466657187133119	0.974833655283661	0.6680764732082194	0.38382872899544274	
-0.7306835141590213	0.0	-0.2981077367335349	-0.6766736497007533	-0.4035262324270713	-0.6154133861279658	-0.8328648933197238	-0.9591019895728554	-0.9608903753215653	-0.966129732541908	-0.9668475860625221	-0.34812201070032	0.9668475860625221	0.8284286978600184	-0.08758948462352725	-0.4126701557118517	
-0.4939379406670978	0.2981077367335349	0.0	-0.4264151253941275	-0.11241973206926069	-0.3524620462533856	-0.6300008016658917	-0.8311111686417582	-0.8346461465258789	-0.8452732229672905	-0.999010231692883	-0.0528328096931153	0.999010231692883	0.9577304073764753	0.21335501994103961	-0.12236643014431413	
-0.0760137491620802	0.6766736497007533	0.4264151253941275	0.0	0.32202525051649533	0.08023876621856285	-0.2387014662419456	-0.514630832206618	-0.520096747553279	-0.536724700552676	-0.884664946337474	0.3780308485820316	0.884664946337474	0.9889592478919068	0.6095823043226183	0.3125268009765058	
-0.393058136111823	0.4035262324270713	0.11241973206926069	-0.32202525051649533	0.0	-0.24502240169335954	-0.5387025627883001	-0.7633252743070982	-0.7674358904018463	-0.7798451523140852	-0.9876767761896293	0.05976483106934004	0.9876767761896293	0.9839986507286282	0.32183375987128243	-0.010015829264598736	
-0.15577527288538062	0.6154133861279658	0.3524620462533856	-0.08023876621856285	0.24502240169335954	0.0	-0.3158511184452256	-0.5817691638344648	-0.5869523054261726	-0.6026961790402633	-0.9192220029794078	0.3025274651157286	0.9192220029794078	0.997660920301256	0.5440097128205778	0.2352995905272264	
0.16419442836440024	0.8328648933197238	0.6300008016658917	0.2387014662419456	0.5387025627883001	0.3158511184452256	0.0	-0.29508892812140997	-0.3011856317591127	-0.3198034633473211	-0.747802784921841	0.5880912563051383	0.747802784921841	0.9249987699591344	0.7811851983596941	0.5302372453194162	
0.447966796178812	0.9591019895728554	0.8311111686417582	0.514630832206618	0.7633252743070982	0.5817691638344648	0.29508892812140997	0.0	-0.006387143698540099	-0.025970539687985017	-0.5185872576248605	0.8005697566480624	0.5185872576248605	0.7716834138391233	0.9306226872098083	0.7568166168413775	
0.45366808561071553	0.9608903753215653	0.8346461465258789	0.520096747553279	0.7674358904018463	0.5869523054261726	0.3011856317591127	0.006387143698540099	0.0	-0.019585020570419165	-0.5131155137823664	0.8043808558745723	0.5131155137823664	0.7676054059109543	0.9329412716775499	0.7609759905888482	
0.47103466690222817	0.966129732541908	0.8452732229672905	0.536724700552676	0.7798451523140852	0.6026961790402633	0.3198034633473211	0.025970539687985017	0.019585020570419165	0.0	-0.4962068894410602	0.8158623064844	0.4962068894410602	0.7549056906507233	0.9398134962471985	0.7735364021083984	
0.8466657187133119	0.9668475860625221	0.999010231692883	0.884664946337474	0.9876767761896293	0.9192220029794078	0.747802784921841	0.5185872576248605	0.5131155137823664	0.4962068894410602	0.0	0.9952649310662917	0.0	0.3299833414534278	0.9854979966337686	0.9860596826209419	
-0.44731011505393325	0.34812201070032	0.0528328096931153	-0.3780308485820316	-0.05976483106934004	-0.3025274651157286	-0.5880912563051383	-0.8005697566480624	-0.8043808558745723	-0.8158623064844	-0.9952649310662917	0.0	0.9952649310662917	0.9715910850219784	0.2646733626294331	-0.06975975910311547	
-0.8466657187133119	-0.9668475860625221	-0.999010231692883	-0.884664946337474	-0.9876767761896293	-0.9192220029794078	-0.747802784921841	-0.5185872576248605	-0.5131155137823664	-0.4962068894410602	-0.0	-0.9952649310662917	0.0	-0.3299833414534278	-0.9854979966337686	-0.9860596826209419	
-0.974833655283661	-0.8284286978600184	-0.9577304073764753	-0.9889592478919068	-0.9839986507286282	-0.997660920301256	-0.9249987699591344	-0.7716834138391233	-0.7676054059109543	-0.7549056906507233	-0.3299833414534278	-0.9715910850219784	0.3299833414534278	0.0	-0.8743031529403452	-0.9857338731817478	
-0.6680764732082194	0.08758948462352725	-0.21335501994103961	-0.6095823043226183	-0.32183375987128243	-0.5440097128205778	-0.7811851983596941	-0.9306226872098083	-0.9329412716775499	-0.9398134962471985	-0.9854979966337686	-0.2646733626294331	0.9854979966337686	0.8743031529403452	0.0	-0.3313005658112637	
-0.38382872899544274	0.4126701557118517	0.12236643014431413	-0.3125268009765058	0.010015829264598736	-0.2352995905272264	-0.5302372453194162	-0.7568166168413775	-0.7609759905888482	-0.7735364021083984	-0.9860596826209419	0.06975975910311547	0.9860596826209419	0.9857338731817478	0.3313005658112637	0.0	
