0.0	0.6496963590623399	0.06926695107373015	-0.016937179080733944	0.03432141139715128	-0.6450877169152052	-0.8757462297394101	-0.9967927463228745	-0.8907235323561181	-0.9967927463228745	-0.9326138819449145	-0.6331428879810443	0.5152108809240016	0.8907235323561181	-0.13164173958794756	-0.16325689033889984	
-0.6496963590623399	0.0	-0.5954795845697907	-0.662478702651771	-0.6232226636079804	-0.9868302209188836	-0.9793919038054703	-0.7057628384375343	-0.381805982718777	-0.7057628384375343	-0.9434270047888229	-0.9841989896247809	-0.16517087280574572	0.381805982718777	-0.7441155210123195	-0.7650866476606758	
-0.06926695107373015	0.5954795845697907	0.0	-0.08615351381610137	-0.03498716535883828	-0.6964657874383905	-0.907082953346423	-0.988855426878867	-0.8570991780564454	-0.988855426878867	-0.9553706597074573	-0.6852372203715961	0.45460725530197915	0.8570991780564454	-0.19998970284605183	-0.2312024109918509	
0.016937179080733944	0.662478702651771	0.08615351381610137	0.0	0.05124368867375517	-0.6320533398359288	-0.86744381772177	-0.9980051831432762	-0.8982944812490181	-0.9980051831432762	-0.9263678856455475	-0.6199420988995853	0.5296532139026844	0.8982944812490181	-0.11483307545170934	-0.1465235290595731	
-0.03432141139715128	0.6232226636079804	0.03498716535883828	-0.05124368867375517	0.0	-0.670932944455916	-0.8917996881321502	-0.9934588645176007	-0.8745981174962248	-0.9934588645176007	-0.9444501964942528	-0.6593358413302505	0.4854917157117888	0.8745981174962248	-0.1655869068851215	-0.19702164842501785	
0.6450877169152052	0.9868302209188836	0.6964657874383905	0.6320533398359288	0.670932944455916	0.0	-0.3577350479644801	-0.8132818670793553	-0.973831146951688	-0.8132818670793553	-0.4798216677807076	0.015530552152562577	0.946558126889837	0.973831146951688	0.538885174170556	0.5116869765160073	
0.8757462297394101	0.9793919038054703	0.907082953346423	0.86744381772177	0.8917996881321502	0.3577350479644801	0.0	-0.5513061535171999	-0.8280826246850647	-0.5513061535171999	-0.13420398876964873	0.37219469166424457	0.9992993274409818	0.8280826246850647	0.8045720139423694	0.7851810516695186	
0.9967927463228745	0.7057628384375343	0.988855426878867	0.9980051831432762	0.9934588645176007	0.8132818670793553	0.5513061535171999	0.0	-0.3818062559870455	0.0	0.43435209484350296	0.8222205413144185	0.8130841650302735	0.3818062559870455	0.9986528274828242	0.9964842273565189	
0.8907235323561181	0.381805982718777	0.8570991780564454	0.8982944812490181	0.8745981174962248	0.973831146951688	0.8280826246850647	0.3818062559870455	0.0	0.3818062559870455	0.7453559924999298	0.977243367885303	0.5292198042524057	0.0	0.9428090415820634	0.9529809045027354	
0.9967927463228745	0.7057628384375343	0.988855426878867	0.9980051831432762	0.9934588645176007	0.8132818670793553	0.5513061535171999	0.0	-0.3818062559870455	0.0	0.43435209484350296	0.8222205413144185	0.8130841650302735	0.3818062559870455	0.9986528274828242	0.9964842273565189	
0.9326138819449145	0.9434270047888229	0.9553706597074573	0.9263678856455475	0.9444501964942528	0.4798216677807076	0.13420398876964873	-0.43435209484350296	-0.7453559924999298	-0.43435209484350296	0.0	0.4933897772977511	0.9852364080047407	0.7453559924999298	0.8769913585546856	0.861186093520638	
0.6331428879810443	0.9841989896247809	0.6852372203715961	0.6199420988995853	0.6593358413302505	-0.015530552152562577	-0.37219469166424457	-0.8222205413144185	-0.977243367885303	-0.8222205413144185	-0.4933897772977511	0.0	0.9414348461955693	0.977243367885303	0.5257375666431563	0.49828184908101714	
-0.5152108809240016	0.16517087280574572	-0.45460725530197915	-0.5296532139026844	-0.4854917157117888	-0.946558126889837	-0.9992993274409818	-0.8130841650302735	-0.5292198042524057	-0.8130841650302735	-0.9852364080047407	-0.9414348461955693	0.0	0.5292198042524057	-0.6235525079747528	-0.6482201153183099	
-0.8907235323561181	-0.381805982718777	-0.8570991780564454	-0.8982944812490181	-0.8745981174962248	-0.973831146951688	-0.8280826246850647	-0.3818062559870455	-0.0	-0.3818062559870455	-0.7453559924999298	-0.977243367885303	-0.5292198042524057	0.0	-0.9428090415820634	-0.9529809045027354	
0.13164173958794756	0.7441155210123195	0.19998970284605183	0.11483307545170934	0.1655869068851215	-0.538885174170556	-0.8045720139423694	-0.9986528274828242	-0.9428090415820634	-0.9986528274828242	-0.8769913585546856	-0.5257375666431563	0.6235525079747528	0.9428090415820634	0.0	-0.03196054355266392	
0.16325689033889984	0.7650866476606758	0.2312024109918509	0.1465235290595731	0.19702164842501785	-0.5116869765160073	-0.7851810516695186	-0.9964842273565189	-0.9529809045027354	-0.9964842273565189	-0.861186093520638	-0.49828184908101714	0.6482201153183099	0.9529809045027354	0.03196054355266392	0.0	
