0.0	0.25173433423500235	0.14457050288163303	0.15197178356882746	0.22744095168510614	0.09164015666971387	-0.0808524144710207	-0.7950396973820919	-0.6361747151313645	-0.5859540460699527	-0.559456158235161	-0.41532190279571457	0.8615584351614397	0.7950396973820919	0.8908919721268567	0.5721191947770767	
-0.25173433423500235	0.0	-0.10917493098354969	-0.1017326564041533	-0.02502032029264406	-0.16198607198247356	-0.32915885093751257	-0.9221278610086688	-0.8099119578814271	-0.7710756805702451	-0.750092148560277	-0.6309433398551892	0.7060180788228727	0.9221278610086688	0.7478604480902056	0.3472298118330405	
-0.14457050288163303	0.10917493098354969	0.0	0.0074839520499501155	0.08426999034737792	-0.05328474618828466	-0.2241002108398914	-0.8743777178705354	-0.7410340358441818	-0.6969501874753072	-0.6734074916865215	-0.542470841021148	0.7791149029869662	0.8743777178705354	0.8158665811740321	0.44753633809513155	
-0.15197178356882746	0.1017326564041533	-0.0074839520499501155	0.0	0.07681029903385161	-0.060756573979711015	-0.23138754088621666	-0.8779847880071103	-0.7460385133841534	-0.7022975575323149	-0.6789213052561052	-0.5487427272989538	0.7744015353302642	0.8779847880071103	0.8115162108151002	0.4408311627980645	
-0.22744095168510614	0.02502032029264406	-0.08426999034737792	-0.07681029903385161	0.0	-0.1372454830401823	-0.30542975336660155	-0.9121591889911613	-0.794982703589193	-0.7549027632526856	-0.733310555152487	-0.6113343305998051	0.7235162907214114	0.9121591889911613	0.7642362140018939	0.37058466672468626	
-0.09164015666971387	0.16198607198247356	0.05328474618828466	0.060756573979711015	0.1372454830401823	0.0	-0.17185233723108456	-0.8472793349765687	-0.7042023188705688	-0.657748538593071	-0.6330589270390691	-0.4969370210716874	0.8114112628731175	0.8472793349765687	0.8455189094584085	0.4945512728838521	
0.0808524144710207	0.32915885093751257	0.2241002108398914	0.23138754088621666	0.30542975336660155	0.17185233723108456	0.0	-0.743395174103461	-0.5717106542571224	-0.5185173901257718	-0.49060921817860786	-0.3404127932414617	0.8997831737516946	0.743395174103461	0.9246996666015033	0.6365588888621969	
0.7950396973820919	0.9221278610086688	0.8743777178705354	0.8779847880071103	0.9121591889911613	0.8472793349765687	0.743395174103461	0.0	0.22753244519610225	0.28884111024568987	0.3196342863719752	0.47131077486591233	0.9261932343250171	0.0	0.9014962738519672	0.9990912267264174	
0.6361747151313645	0.8099119578814271	0.7410340358441818	0.7460385133841534	0.794982703589193	0.7042023188705688	0.5717106542571224	-0.22753244519610225	0.0	0.06343061147762608	0.09565412100308746	0.25827237372950174	0.9876905732136495	0.22753244519610225	0.9763235302454563	0.9631874463699279	
0.5859540460699527	0.7710756805702451	0.6969501874753072	0.7022975575323149	0.7549027632526856	0.657748538593071	0.5185173901257718	-0.28884111024568987	-0.06343061147762608	0.0	0.032321738862252924	0.19647373142565006	0.9956234520809211	0.28884111024568987	0.9880784797354628	0.9441957333419141	
0.559456158235161	0.750092148560277	0.6734074916865215	0.6789213052561052	0.733310555152487	0.6330589270390691	0.49060921817860786	-0.3196342863719752	-0.09565412100308746	-0.032321738862252924	0.0	0.16467931835061378	0.998123901061106	0.3196342863719752	0.9925381894466371	0.9330561133183046	
0.41532190279571457	0.6309433398551892	0.542470841021148	0.5487427272989538	0.6113343305998051	0.4969370210716874	0.3404127932414617	-0.47131077486591233	-0.25827237372950174	-0.19647373142565006	-0.16467931835061378	0.0	0.9945794061709142	0.47131077486591233	0.9990672618484857	0.8610770161676036	
-0.8615584351614397	-0.7060180788228727	-0.7791149029869662	-0.7744015353302642	-0.7235162907214114	-0.8114112628731175	-0.8997831737516946	-0.9261932343250171	-0.9876905732136495	-0.9956234520809211	-0.998123901061106	-0.9945794061709142	0.0	0.9261932343250171	0.06093582276975745	-0.4161836793074118	
-0.7950396973820919	-0.9221278610086688	-0.8743777178705354	-0.8779847880071103	-0.9121591889911613	-0.8472793349765687	-0.743395174103461	-0.0	-0.22753244519610225	-0.28884111024568987	-0.3196342863719752	-0.47131077486591233	-0.9261932343250171	0.0	-0.9014962738519672	-0.9990912267264174	
-0.8908919721268567	-0.7478604480902056	-0.8158665811740321	-0.8115162108151002	-0.7642362140018939	-0.8455189094584085	-0.9246996666015033	-0.9014962738519672	-0.9763235302454563	-0.9880784797354628	-0.9925381894466371	-0.9990672618484857	-0.06093582276975745	0.9014962738519672	0.0	-0.4708180387152671	
-0.5721191947770767	-0.3472298118330405	-0.44753633809513155	-0.4408311627980645	-0.37058466672468626	-0.4945512728838521	-0.6365588888621969	-0.9990912267264174	-0.9631874463699279	-0.9441957333419141	-0.9330561133183046	-0.8610770161676036	0.4161836793074118	0.9990912267264174	0.4708180387152671	0.0	
