0.0	0.34932990832689237	-0.3977271935844189	-0.9975284704363987	-0.85585885099549	-0.85585885099549	-0.9708604135592386	-0.9175037554556449	-0.9997865604473846	-0.9793618987731563	-0.9988874724209131	-0.5674802668119397	0.9175037554556449	0.9175037554556449	-0.7382659314774909	-0.9175037554556449	
-0.34932990832689237	0.0	-0.6931817897294622	-0.910138851713604	-0.9826163014282883	-0.9826163014282883	-0.9934114155163789	-0.7207628535022703	-0.9440169403837968	-0.9882665378862543	-0.9524308358741211	-0.8193625976319344	0.7207628535022703	0.7207628535022703	-0.9273814583116808	-0.7207628535022703	
0.3977271935844189	0.6931817897294622	0.0	-0.9431817640723723	-0.5795454134492011	-0.5795454134492011	-0.7954544344951889	-0.9999999999999963	-0.9090908661224881	-0.8181817541087085	-0.897727205602249	-0.19318185729895976	0.9999999999999963	0.9999999999999963	-0.40909086646997406	-0.9999999999999963	
0.9975284704363987	0.910138851713604	0.9431817640723723	0.0	0.5760667481335725	0.5760667481335725	0.30726939006512755	-0.332277153673333	0.09085732932183105	0.2704283020373228	0.11722608568453358	0.861225086002947	0.332277153673333	0.332277153673333	0.7247157900079543	-0.332277153673333	
0.85585885099549	0.9826163014282883	0.5795454134492011	-0.5760667481335725	0.0	0.0	-0.29703530574303816	-0.8149398958056263	-0.4994170672730054	-0.3335537563838016	-0.47627400026023314	0.41119688588256753	0.8149398958056263	0.8149398958056263	0.19544702202350445	-0.8149398958056263	
0.85585885099549	0.9826163014282883	0.5795454134492011	-0.5760667481335725	0.0	0.0	-0.29703530574303816	-0.8149398958056263	-0.4994170672730054	-0.3335537563838016	-0.47627400026023314	0.41119688588256753	0.8149398958056263	0.8149398958056263	0.19544702202350445	-0.8149398958056263	
0.9708604135592386	0.9934114155163789	0.7954544344951889	-0.30726939006512755	0.29703530574303816	0.29703530574303816	0.0	-0.6060133340238752	-0.21953661353434178	-0.03847489196793008	-0.1935958562489638	0.663399639528689	0.6060133340238752	0.6060133340238752	0.47793257361417646	-0.6060133340238752	
0.9175037554556449	0.7207628535022703	0.9999999999999963	0.332277153673333	0.8149398958056263	0.8149398958056263	0.6060133340238752	0.0	0.4165978072465001	0.5749595964817733	0.4405516965712663	0.9811629517643655	0.0	0.0	0.9124936162848807	0.0	
0.9997865604473846	0.9440169403837968	0.9090908661224881	-0.09085732932183105	0.4994170672730054	0.4994170672730054	0.21953661353434178	-0.4165978072465001	0.0	0.1818377928602692	0.02651033804827929	0.8114871394762142	0.4165978072465001	0.4165978072465001	0.659113254023704	-0.4165978072465001	
0.9793618987731563	0.9882665378862543	0.8181817541087085	-0.2704283020373228	0.3335537563838016	0.3335537563838016	0.03847489196793008	-0.5749595964817733	-0.1818377928602692	0.0	-0.1557055120075334	0.6916978622208398	0.5749595964817733	0.5749595964817733	0.511374908075009	-0.5749595964817733	
0.9988874724209131	0.9524308358741211	0.897727205602249	-0.11722608568453358	0.47627400026023314	0.47627400026023314	0.1935958562489638	-0.4405516965712663	-0.02651033804827929	0.1557055120075334	0.0	0.795710079948036	0.4405516965712663	0.4405516965712663	0.6389446690021627	-0.4405516965712663	
0.5674802668119397	0.8193625976319344	0.19318185729895976	-0.861225086002947	-0.41119688588256753	-0.41119688588256753	-0.663399639528689	-0.9811629517643655	-0.8114871394762142	-0.6916978622208398	-0.795710079948036	0.0	0.9811629517643655	0.9811629517643655	-0.22510759051816492	-0.9811629517643655	
-0.9175037554556449	-0.7207628535022703	-0.9999999999999963	-0.332277153673333	-0.8149398958056263	-0.8149398958056263	-0.6060133340238752	-0.0	-0.4165978072465001	-0.5749595964817733	-0.4405516965712663	-0.9811629517643655	0.0	0.0	-0.9124936162848807	-0.0	
-0.9175037554556449	-0.7207628535022703	-0.9999999999999963	-0.332277153673333	-0.8149398958056263	-0.8149398958056263	-0.6060133340238752	-0.0	-0.4165978072465001	-0.5749595964817733	-0.4405516965712663	-0.9811629517643655	0.0	0.0	-0.9124936162848807	-0.0	
0.7382659314774909	0.9273814583116808	0.40909086646997406	-0.7247157900079543	-0.19544702202350445	-0.19544702202350445	-0.47793257361417646	-0.9124936162848807	-0.659113254023704	-0.511374908075009	-0.6389446690021627	0.22510759051816492	0.9124936162848807	0.9124936162848807	0.0	-0.9124936162848807	
0.9175037554556449	0.7207628535022703	0.9999999999999963	0.332277153673333	0.8149398958056263	0.8149398958056263	0.6060133340238752	0.0	0.4165978072465001	0.5749595964817733	0.4405516965712663	0.9811629517643655	0.0	0.0	0.9124936162848807	0.0	
