0.0	0.524071148842503	-0.08293985851970936	-0.027891305427777235	0.17295498773618323	-0.34449403303205783	-0.6287595506388677	-0.9881041941575107	-0.951816924233032	-0.9659194740992727	-0.7154075336630495	-0.4429503204917422	0.26353908800308323	0.9518169177705116	0.17295498773618323	-0.24253006342068317	
-0.524071148842503	0.0	-0.5929032516165833	-0.5476215784083256	-0.368871904544487	-0.785388750159798	-0.943016080708295	-0.9221378828121212	-0.6499229538811371	-0.9583009897958239	-0.9754667449288714	-0.847103461806469	-0.2810950444125451	0.6499229378653324	-0.368871904544487	-0.7149810904778345	
0.08293985851970936	0.5929032516165833	0.0	0.055112384300029654	0.2540490131558774	-0.2654441116120273	-0.5620991775518223	-0.971944754525971	-0.9739723940255379	-0.9411230699679288	-0.654991941233345	-0.3670647477451362	0.3426389065985952	0.973972389248895	0.2540490131558774	-0.16123084225304965	
0.027891305427777235	0.5476215784083256	-0.055112384300029654	0.0	0.2003586775630981	-0.3181759747303509	-0.6068266660590375	-0.9834304945782719	-0.9599999692870438	-0.9583242323732271	-0.6956413507546035	-0.4177721532001139	0.29034187327150873	0.9599999633864825	0.2003586775630981	-0.21537713041750473	
-0.17295498773618323	0.368871904544487	-0.2540490131558774	-0.2003586775630981	0.0	-0.5016705695428052	-0.7537737356675949	-0.9998112343283834	-0.8844332285057458	-0.9961309511854173	-0.8254710821793397	-0.591337069157245	0.09272667549410357	0.884433218671479	0.0	-0.40666629447012004	
0.34449403303205783	0.785388750159798	0.2654441116120273	0.3181759747303509	0.5016705695428052	0.0	-0.32239375348782534	-0.8746425381893794	-0.9991996814140097	-0.8176243180546354	-0.43091583302784225	-0.10698186832950883	0.5797231943239491	0.9991996822569456	0.5016705695428052	0.10652434528693785	
0.6287595506388677	0.943016080708295	0.5620991775518223	0.6068266660590375	0.7537737356675949	0.32239375348782534	0.0	-0.6716552598998377	-0.9329523330749238	-0.5883489249601347	-0.11698178088010869	0.21927388497776976	0.8114600329230353	0.9329523406613547	0.7537737356675949	0.42139591120592773	
0.9881041941575107	0.9221378828121212	0.971944754525971	0.9834304945782719	0.9998112343283834	0.8746425381893794	0.6716552598998377	0.0	-0.4493947954356512	0.10721881674606976	0.5803761457910637	0.8177615076000071	0.9937020386268833	0.44939481426124195	0.9998112343283834	0.9213055443136473	
0.951816924233032	0.6499229538811371	0.9739723940255379	0.9599999692870438	0.8844332285057458	0.9991996814140097	0.9329523330749238	0.4493947954356512	0.0	0.5425863709671093	0.8844333071309625	0.9891859758969318	0.8373502798183633	2.1073424255447017e-08	0.8844332285057458	0.9977752989359625	
0.9659194740992727	0.9583009897958239	0.9411230699679288	0.9583242323732271	0.9961309511854173	0.8176243180546354	0.5883489249601347	-0.10721881674606976	-0.5425863709671093	0.0	0.4897170512308898	0.7513369141725015	0.9999881647970967	0.542586388668786	0.9961309511854173	0.8743037278163353	
0.7154075336630495	0.9754667449288714	0.654991941233345	0.6956413507546035	0.8254710821793397	0.43091583302784225	0.11698178088010869	-0.5803761457910637	-0.8844333071309625	-0.4897170512308898	0.0	0.33190319951268843	0.8742536768069017	0.8844333169652258	0.8254710821793397	0.5245906927891583	
0.4429503204917422	0.847103461806469	0.3670647477451362	0.4177721532001139	0.591337069157245	0.10698186832950883	-0.21927388497776976	-0.8177615076000071	-0.9891859758969318	-0.7513369141725015	-0.33190319951268843	0.0	0.6635664156441068	0.9891859789877	0.591337069157245	0.21228615065456197	
-0.26353908800308323	0.2810950444125451	-0.3426389065985952	-0.29034187327150873	-0.09272667549410357	-0.5797231943239491	-0.8114600329230353	-0.9937020386268833	-0.8373502798183633	-0.9999881647970967	-0.8742536768069017	-0.6635664156441068	0.0	0.8373502682982232	-0.09272667549410357	-0.48962715089226866	
-0.9518169177705116	-0.6499229378653324	-0.973972389248895	-0.9599999633864825	-0.884433218671479	-0.9991996822569456	-0.9329523406613547	-0.44939481426124195	-2.1073424255447017e-08	-0.542586388668786	-0.8844333169652258	-0.9891859789877	-0.8373502682982232	0.0	-0.884433218671479	-0.997775297531066	
-0.17295498773618323	0.368871904544487	-0.2540490131558774	-0.2003586775630981	0.0	-0.5016705695428052	-0.7537737356675949	-0.9998112343283834	-0.8844332285057458	-0.9961309511854173	-0.8254710821793397	-0.591337069157245	0.09272667549410357	0.884433218671479	0.0	-0.40666629447012004	
0.24253006342068317	0.7149810904778345	0.16123084225304965	0.21537713041750473	0.40666629447012004	-0.10652434528693785	-0.42139591120592773	-0.9213055443136473	-0.9977752989359625	-0.8743037278163353	-0.5245906927891583	-0.21228615065456197	0.48962715089226866	0.997775297531066	0.40666629447012004	0.0	
