0.0	-0.09978245957335352	-0.4746410068354184	-0.757967814863574	-0.7052429983217601	-0.724739712586159	-0.8528290408955246	-0.9972628135550393	-0.9361155851998302	-0.8991518905482325	-0.9955092317706161	-0.5333849554227607	0.4387192542029324	0.8991518905482325	0.06679442468214691	-0.5202980437955247	
0.09978245957335352	0.0	-0.38444573166826007	-0.6890977118394939	-0.6309809879246161	-0.6523703526082201	-0.7964673825225772	-0.9849079996547258	-0.9665364335369613	-0.9383329382077465	-0.9999867783187172	-0.4463197281961644	0.5261966586713067	0.9383329382077465	0.16602069345885279	-0.432488681887959	
0.4746410068354184	0.38444573166826007	0.0	-0.35754320691037184	-0.28423623781262314	-0.3108625709362197	-0.5027897282907177	-0.8426760868912931	-0.9908774077291927	-0.9991353642847073	-0.9211584549604128	-0.067988659952855	0.8126755697635377	0.9991353642847073	0.5323721008448822	-0.05261948148140302	
0.757967814863574	0.6890977118394939	0.35754320691037184	0.0	0.07734882292608397	0.049515185286353625	-0.16049013962819397	-0.5944636128451697	-0.8771922551298268	-0.9182240727143591	-0.7211153125924192	0.2932215073188785	0.9673012447591482	0.9182240727143591	0.7998445555690834	0.30790672450433143	
0.7052429983217601	0.6309809879246161	0.28423623781262314	-0.07734882292608397	0.0	-0.027887102259515795	-0.2363555103921668	-0.654880584318601	-0.9117024775975936	-0.9461080331848063	-0.7725433468218084	0.2183941234435583	0.9447852982660114	0.9461080331848063	0.7510229742281659	0.23339331415593137	
0.724739712586159	0.6523703526082201	0.3108625709362197	-0.049515185286353625	0.027887102259515795	0.0	-0.2091666196580006	-0.6335507016153962	-0.899890451996272	-0.9367088009370943	-0.7545356375825061	0.2455231111299212	0.953556176262732	0.9367088009370943	0.7691440720816156	0.2604194704671992	
0.8528290408955246	0.7964673825225772	0.5027897282907177	0.16049013962819397	0.2363555103921668	0.2091666196580006	0.0	-0.4577041106409293	-0.7887639777344783	-0.8427576082687666	-0.6005778291353723	0.44285632746621717	0.9954677014830681	0.8427576082687666	0.8858038632797522	0.4566084409581753	
0.9972628135550393	0.9849079996547258	0.8426760868912931	0.5944636128451697	0.654880584318601	0.6335507016153962	0.4577041106409293	0.0	-0.4199446959607263	-0.5029206166832207	-0.16801171302686385	0.8041197014826431	0.9286026586132445	0.5029206166832207	0.9999743551320356	0.8131772473394618	
0.9361155851998302	0.9665364335369613	0.9908774077291927	0.8771922551298268	0.9117024775975936	0.899890451996272	0.7887639777344783	0.4199446959607263	0.0	-0.09345355991411317	0.26149620246222727	0.9794220285596433	0.6869218304906551	0.09345355991411317	0.9105339153650467	0.9824133470719936	
0.8991518905482325	0.9383329382077465	0.9991353642847073	0.9182240727143591	0.9461080331848063	0.9367088009370943	0.8427576082687666	0.5029206166832207	0.09345355991411317	0.0	0.3505535979099973	0.9939967950797927	0.6159999849946958	0.0	0.8679121761084335	0.99556351529998	
0.9955092317706161	0.9999867783187172	0.9211584549604128	0.7211153125924192	0.7725433468218084	0.7545356375825061	0.6005778291353723	0.16801171302686385	-0.26149620246222727	-0.3505535979099973	0.0	0.8925666276122631	0.8530575233494035	0.3505535979099973	0.9869629579865979	0.8994034573669197	
0.5333849554227607	0.4463197281961644	0.067988659952855	-0.2932215073188785	-0.2183941234435583	-0.2455231111299212	-0.44285632746621717	-0.8041197014826431	-0.9794220285596433	-0.9939967950797927	-0.8925666276122631	0.0	0.8504132229406809	0.9939967950797927	0.5886933531385669	0.015396745928353134	
-0.4387192542029324	-0.5261966586713067	-0.8126755697635377	-0.9673012447591482	-0.9447852982660114	-0.953556176262732	-0.9954677014830681	-0.9286026586132445	-0.6869218304906551	-0.6159999849946958	-0.8530575233494035	-0.8504132229406809	0.0	0.6159999849946958	-0.37771640318403576	-0.8422119533699047	
-0.8991518905482325	-0.9383329382077465	-0.9991353642847073	-0.9182240727143591	-0.9461080331848063	-0.9367088009370943	-0.8427576082687666	-0.5029206166832207	-0.09345355991411317	-0.0	-0.3505535979099973	-0.9939967950797927	-0.6159999849946958	0.0	-0.8679121761084335	-0.99556351529998	
-0.06679442468214691	-0.16602069345885279	-0.5323721008448822	-0.7998445555690834	-0.7510229742281659	-0.7691440720816156	-0.8858038632797522	-0.9999743551320356	-0.9105339153650467	-0.8679121761084335	-0.9869629579865979	-0.5886933531385669	0.37771640318403576	0.8679121761084335	0.0	-0.5761775124986431	
0.5202980437955247	0.432488681887959	0.05261948148140302	-0.30790672450433143	-0.23339331415593137	-0.2604194704671992	-0.4566084409581753	-0.8131772473394618	-0.9824133470719936	-0.99556351529998	-0.8994034573669197	-0.015396745928353134	0.8422119533699047	0.99556351529998	0.5761775124986431	0.0	
