0.0	-0.9625268672168223	-0.8598890764907534	-0.7541137285654874	-0.6483345082475558	0.56670594665374	0.8148520652640203	0.5220482725804201	0.6629072445666252	0.9340882459009149	0.9625268752988045	0.8909808404726579	0.9131322190098946	0.8315199143472672	0.5019460251402554	0.5960212733154517	
0.9625268672168223	0.0	0.2581614370914831	0.42762825997312426	0.5570057694183149	0.9467281657412127	0.7789237027305682	0.9625268672168225	0.9004167288203456	0.5969747029057739	2.9802322387695312e-08	0.678648399588511	0.6400160792954047	0.7601756480364951	0.9686093779407435	0.9345117189338197	
0.8598890764907534	-0.2581614370914831	0.0	0.17976618788115079	0.32371897233467856	0.9977724907569523	0.9144174501105149	0.9999087859355269	0.9822017738075919	0.7838509402689475	0.25816146588356004	0.8452535378404367	0.8166819940846521	0.9021390899245779	0.9999510283316625	0.9947214566472184	
0.7541137285654874	-0.42762825997312426	-0.17976618788115079	0.0	0.14835901711399457	0.9935101215970696	0.9722854087643152	0.9860476122097472	0.9999663603512061	0.8827071526639397	0.42762828691307303	0.927544665907279	0.9071186307397254	0.9650019527211557	0.9818821344554229	0.9969629830104413	
0.6483345082475558	-0.5570057694183149	-0.32371897233467856	-0.14835901711399457	0.0	0.9656406000564846	0.9962115864041393	0.9504392178885139	0.9901171898360529	0.9426561205308153	0.5570057941694004	0.9727236474052101	0.959520669735995	0.9932288928136537	0.9429032555685049	0.9743764206719296	
-0.56670594665374	-0.9467281657412127	-0.9977724907569523	-0.9935101215970696	-0.9656406000564846	0.0	0.34287116340466767	-0.05322645806810261	0.1218890079976297	0.5672761521166452	0.9467281561438565	0.476789364232897	0.5213226661845367	0.3703037028714402	-0.07657994523790093	0.03602681615687742	
-0.8148520652640203	-0.7789237027305682	-0.9144174501105149	-0.9722854087643152	-0.9962115864041393	-0.34287116340466767	0.0	-0.39238513230635846	-0.22581423228346764	0.2505253762924601	0.7789236840409741	0.14649777594039054	0.19712894419910637	0.029360088298978626	-0.41380215881937843	-0.3088056211137814	
-0.5220482725804201	-0.9625268672168225	-0.9999087859355269	-0.9860476122097472	-0.9504392178885139	0.05322645806810261	0.39238513230635846	0.0	0.17454581394768517	0.610305478852226	0.9625268591348394	0.5229004920050024	0.5660049854751302	0.4192214139816063	-0.02340123505757688	0.08916765167450663	
-0.6629072445666252	-0.9004167288203456	-0.9822017738075919	-0.9999663603512061	-0.9901171898360529	-0.1218890079976297	0.22581423228346764	-0.17454581394768517	0.0	0.4626674252866059	0.9004167158554883	0.3660917167311093	0.4134203870775303	0.25431861212023366	-0.1975400191588588	-0.086051689785138	
-0.9340882459009149	-0.5969747029057739	-0.7838509402689475	-0.8827071526639397	-0.9426561205308153	-0.5672761521166452	-0.2505253762924601	-0.610305478852226	-0.4626674252866059	0.0	0.5969746789965608	-0.10599649120881233	-0.054766950924424185	-0.22199357867396885	-0.6286760153726663	-0.5372388110525772	
-0.9625268752988045	-2.9802322387695312e-08	-0.25816146588356004	-0.42762828691307303	-0.5570057941694004	-0.9467281561438565	-0.7789236840409741	-0.9625268591348394	-0.9004167158554883	-0.5969746789965608	0.0	-0.6786483776997984	-0.6400160563964468	-0.7601756286734008	-0.9686093705322506	-0.9345117083262082	
-0.8909808404726579	-0.678648399588511	-0.8452535378404367	-0.927544665907279	-0.9727236474052101	-0.476789364232897	-0.14649777594039054	-0.5229004920050024	-0.3660917167311093	0.10599649120881233	0.6786483776997984	0.0	0.05137898637586352	-0.11739129840954571	-0.5427043636886063	-0.44481163912749255	
-0.9131322190098946	-0.6400160792954047	-0.8166819940846521	-0.9071186307397254	-0.959520669735995	-0.5213226661845367	-0.19712894419910637	-0.5660049854751302	-0.4134203870775303	0.054766950924424185	0.6400160563964468	-0.05137898637586352	0.0	-0.16825998983338314	-0.5851420077583913	-0.49024040486392406	
-0.8315199143472672	-0.7601756480364951	-0.9021390899245779	-0.9650019527211557	-0.9932288928136537	-0.3703037028714402	-0.029360088298978626	-0.4192214139816063	-0.25431861212023366	0.22199357867396885	0.7601756286734008	0.11739129840954571	0.16825998983338314	0.0	-0.4403522192232294	-0.33659761387759246	
-0.5019460251402554	-0.9686093779407435	-0.9999510283316625	-0.9818821344554229	-0.9429032555685049	0.07657994523790093	0.41380215881937843	0.02340123505757688	0.1975400191588588	0.6286760153726663	0.9686093705322506	0.5427043636886063	0.5851420077583913	0.4403522192232294	0.0	0.11245125274547718	
-0.5960212733154517	-0.9345117189338197	-0.9947214566472184	-0.9969629830104413	-0.9743764206719296	-0.03602681615687742	0.3088056211137814	-0.08916765167450663	0.086051689785138	0.5372388110525772	0.9345117083262082	0.44481163912749255	0.49024040486392406	0.33659761387759246	-0.11245125274547718	0.0	
