0.0	-0.469760961510516	-0.8885530884966717	-0.5817427122606951	-0.0926347546276799	0.730765759615891	0.8526785836946473	0.9774605460763084	0.9997534866107725	0.8041751078270326	0.9700596110039937	0.8885531021691963	0.6478858309010175	0.11999473337580402	0.28338858463147176	0.4034328746078015	
0.469760961510516	0.0	-0.5688950033332284	-0.13146795689528462	0.3859636893219589	0.9657875061227859	0.9981592184883175	0.9620710426451762	0.8721460090577391	0.989143056793221	0.9704518783070724	0.568895027842961	0.929784020527331	0.5722973063339344	0.7006768339767848	0.7859836043343891	
0.8885530884966717	0.5688950033332284	0.0	0.4558366502070083	0.8422340501966685	0.9418076817660468	0.8553986039920953	0.6360229992647339	0.43893231614530914	0.8970837339821448	0.6608381145027283	2.9802322387695312e-08	0.9740772193437865	0.9371833143007775	0.9821382636524038	0.9981187263553235	
0.5817427122606951	0.13146795689528462	-0.4558366502070083	0.0	0.5038947140851311	0.9914990815668356	0.9974688791465697	0.9178563399798939	0.8002560180908493	0.9998776925828972	0.9303062376112953	0.455836676732966	0.9701079671731321	0.6751398067461203	0.7883948517051361	0.8604413119156069	
0.0926347546276799	-0.3859636893219589	-0.8422340501966685	-0.5038947140851311	0.0	0.7908586870843237	0.8974079176291743	0.992814498677026	0.99339794893304	0.8557786805928945	0.9883864262736924	0.8422340662634594	0.715663385631802	0.21144419966245476	0.3710072664710529	0.48645983325536574	
-0.730765759615891	-0.9657875061227859	-0.9418076817660468	-0.9914990815668356	-0.7908586870843237	0.0	0.2002842957661075	0.5129643086359482	0.6986851029744074	0.11459103462943826	0.48471130454963063	0.9418076717479306	-0.11438644239062976	-0.6435738306610895	-0.5073590696958589	-0.3932627249774246	
-0.8526785836946473	-0.9981592184883175	-0.8553986039920953	-0.9974688791465697	-0.8974079176291743	-0.2002842957661075	0.0	0.3306445052797213	0.5412389617914122	-0.08669580258541087	0.29970649245827385	0.8553985885553772	-0.31103841973908847	-0.7838280263732209	-0.6696708071423512	-0.569440983047831	
-0.9774605460763084	-0.9620710426451762	-0.6360229992647339	-0.9178563399798939	-0.992814498677026	-0.5129643086359482	-0.3306445052797213	0.0	0.2327685225871572	-0.4112192025558861	-0.03259564497438827	0.6360229762671725	-0.607787838882182	-0.9450648642425344	-0.8775612352849756	-0.8092134254113396	
-0.9997534866107725	-0.8721460090577391	-0.43893231614530914	-0.8002560180908493	-0.99339794893304	-0.6986851029744074	-0.5412389617914122	-0.2327685225871572	0.0	-0.6121009033750875	-0.2643451474574113	0.43893228936732237	-0.7759345804294591	-0.9951940196571311	-0.9650607900645656	-0.9237410361750718	
-0.8041751078270326	-0.989143056793221	-0.8970837339821448	-0.9998776925828972	-0.8557786805928945	-0.11459103462943826	0.08669580258541087	0.4112192025558861	0.6121009033750875	0.0	0.3812885695006553	0.8970837208136728	-0.2274718473611985	-0.7270405986090782	-0.602764045658502	-0.4960301984570804	
-0.9700596110039937	-0.9704518783070724	-0.6608381145027283	-0.9303062376112953	-0.9883864262736924	-0.48471130454963063	-0.29970649245827385	0.03259564497438827	0.2643451474574113	-0.3812885695006553	0.0	0.6608380921352366	-0.5815806891776498	-0.9339077188507575	-0.8614664604299525	-0.7896330026007667	
-0.8885531021691963	-0.568895027842961	-2.9802322387695312e-08	-0.455836676732966	-0.8422340662634594	-0.9418076717479306	-0.8553985885553772	-0.6360229762671725	-0.43893228936732237	-0.8970837208136728	-0.6608380921352366	0.0	-0.9740772126020311	-0.9371833246969377	-0.9821382692600277	-0.9981187281825258	
-0.6478858309010175	-0.929784020527331	-0.9740772193437865	-0.9701079671731321	-0.715663385631802	0.11438644239062976	0.31103841973908847	0.607787838882182	0.7759345804294591	0.2274718473611985	0.5815806891776498	0.9740772126020311	0.0	-0.5518000673423612	-0.4054581601917131	-0.2855115928998277	
-0.11999473337580402	-0.5722973063339344	-0.9371833143007775	-0.6751398067461203	-0.21144419966245476	0.6435738306610895	0.7838280263732209	0.9450648642425344	0.9951940196571311	0.7270405986090782	0.9339077188507575	0.9371833246969377	0.5518000673423612	0.0	0.16626539911614646	0.29072159156351063	
-0.28338858463147176	-0.7006768339767848	-0.9821382636524038	-0.7883948517051361	-0.3710072664710529	0.5073590696958589	0.6696708071423512	0.8775612352849756	0.9650607900645656	0.602764045658502	0.8614664604299525	0.9821382692600277	0.4054581601917131	-0.16626539911614646	0.0	0.12759103679827724	
-0.4034328746078015	-0.7859836043343891	-0.9981187263553235	-0.8604413119156069	-0.48645983325536574	0.3932627249774246	0.569440983047831	0.8092134254113396	0.9237410361750718	0.4960301984570804	0.7896330026007667	0.9981187281825258	0.2855115928998277	-0.29072159156351063	-0.12759103679827724	0.0	
