0.0	-0.01853558748178441	0.08313270599476758	0.30076781854205603	0.6950229193500281	0.9417562381262969	0.9998446784065775	0.7848109467885674	0.9140657552062853	0.9427082130229623	0.3909995873612859	-0.13959806837172795	-0.2839739300103766	-0.7848109467885672	-0.27600537674090536	-0.17467208569546233	
0.01853558748178441	0.0	0.10158985017702665	0.3183934884817725	0.7082303724802147	0.9478278946912246	0.9999995847222538	0.7731889603341681	0.9063913154329349	0.9487300696349843	0.4079923992946022	-0.12121999394496885	-0.266152629197711	-0.7731889603341678	-0.25814236654413747	-0.15639144362731228	
-0.08313270599476758	-0.10158985017702665	0.0	0.22044326133015751	0.6328457042936605	0.9105391155317653	0.9949185385216313	0.8336145805394826	0.9446175039484006	0.9117104160255017	0.313131554441324	-0.22143353900193913	-0.3627012490278348	-0.8336145805394823	-0.35495348690300493	-0.25592213451048856	
-0.30076781854205603	-0.3183934884817725	-0.22044326133015751	0.0	0.4465932206720761	0.7970033715646294	0.948248415390385	0.9348685733978435	0.993723335272102	0.7987166929551532	0.09607133839520421	-0.430957089411494	-0.5592110064512711	-0.9348685733978432	-0.5523104294136535	-0.46272832598182234	
-0.6950229193500281	-0.7082303724802147	-0.6328457042936605	-0.4465932206720761	0.0	0.44337741720587587	0.7066265528754234	0.9949995255383741	0.9390796041696219	0.44592307552543087	-0.35856889027091926	-0.7885867064945717	-0.8705839458338717	-0.9949995255383739	-0.8664699507423338	-0.8099251570810262	
-0.9417562381262969	-0.9478278946912246	-0.9105391155317653	-0.7970033715646294	-0.44337741720587587	0.0	0.31964616833776455	0.8475685378510281	0.6893412408216211	0.002842072364315551	-0.7352921208143628	-0.9794811080183994	-0.9984853949979653	-0.8475685378510279	-0.9979943263380852	-0.9860198733068328	
-0.9998446784065775	-0.9999995847222538	-0.9949185385216313	-0.948248415390385	-0.7066265528754234	-0.31964616833776455	0.0	0.633470802733021	0.4216128748679254	-0.31695190872119683	-0.9133567680991085	-0.9925147803101114	-0.9636879409744465	-0.6334708027330209	-0.9658712290167526	-0.9875522163476442	
-0.7848109467885674	-0.7731889603341681	-0.8336145805394826	-0.9348685733978435	-0.9949995255383741	-0.8475685378510281	-0.633470802733021	0.0	-0.24818611686108052	-0.8460568669172895	-0.9646490432281289	-0.6906124310286326	-0.5765131969143303	-0.0	-0.5832755614473921	-0.6644953340484935	
-0.9140657552062853	-0.9063913154329349	-0.9446175039484006	-0.993723335272102	-0.9390796041696219	-0.6893412408216211	-0.4216128748679254	0.24818611686108052	0.0	-0.6872795550191425	-0.9998739061131671	-0.8484992195361449	-0.7612653214735283	-0.24818611686108047	-0.7666214668842715	-0.8291724506184619	
-0.9427082130229623	-0.9487300696349843	-0.9117104160255017	-0.7987166929551532	-0.44592307552543087	-0.002842072364315551	0.31695190872119683	0.8460568669172895	0.6872795550191425	0.0	-0.7372153666492224	-0.9800499320863199	-0.9986377258944847	-0.8460568669172893	-0.9981702086793374	-0.9864894592161428	
-0.3909995873612859	-0.4079923992946022	-0.313131554441324	-0.09607133839520421	0.35856889027091926	0.7352921208143628	0.9133567680991085	0.9646490432281289	0.9998739061131671	0.7372153666492224	0.0	-0.5156558025930271	-0.6362699246632815	-0.9646490432281287	-0.6298444593127674	-0.5457552083261661	
0.13959806837172795	0.12121999394496885	0.22143353900193913	0.430957089411494	0.7885867064945717	0.9794811080183994	0.9925147803101114	0.6906124310286326	0.8484992195361449	0.9800499320863199	0.5156558025930271	0.0	-0.14734223311531314	-0.6906124310286325	-0.13912726746271453	-0.03550976037455422	
0.2839739300103766	0.266152629197711	0.3627012490278348	0.5592110064512711	0.8705839458338717	0.9984853949979653	0.9636879409744465	0.5765131969143303	0.7612653214735283	0.9986377258944847	0.6362699246632815	0.14734223311531314	0.0	-0.5765131969143302	0.008300484823049126	0.11212711711962292	
0.7848109467885672	0.7731889603341678	0.8336145805394823	0.9348685733978432	0.9949995255383739	0.8475685378510279	0.6334708027330209	0.0	0.24818611686108047	0.8460568669172893	0.9646490432281287	0.6906124310286325	0.5765131969143302	0.0	0.583275561447392	0.6644953340484934	
0.27600537674090536	0.25814236654413747	0.35495348690300493	0.5523104294136535	0.8664699507423338	0.9979943263380852	0.9658712290167526	0.5832755614473921	0.7666214668842715	0.9981702086793374	0.6298444593127674	0.13912726746271453	-0.008300484823049126	-0.583275561447392	0.0	0.10387511348689565	
0.17467208569546233	0.15639144362731228	0.25592213451048856	0.46272832598182234	0.8099251570810262	0.9860198733068328	0.9875522163476442	0.6644953340484935	0.8291724506184619	0.9864894592161428	0.5457552083261661	0.03550976037455422	-0.11212711711962292	-0.6644953340484934	-0.10387511348689565	0.0	
