0.0	0.6067864311083858	0.39970258332058517	-0.40786228727838647	0.6719174723903124	0.9164550413929811	0.9164550413929811	0.6564277480377172	0.4078623144892017	0.9751965522994652	0.6806402846429362	0.07383919161082964	0.616545269761469	0.7379307403998564	0.6540480238050069	0.6355974772384327	
-0.6067864311083858	0.0	-0.2384981198714446	-0.8782178015520604	0.08468179894591976	0.9712560654391801	0.9712560654391801	0.9795243316012118	0.8782178158053454	0.6408430164256975	0.09647455488699164	-0.5464378192902233	0.01233543648906077	0.17704938006527582	0.060874391593494726	0.03676249191400821	
-0.39970258332058517	0.2384981198714446	0.0	-0.7388107078498086	0.31987957825330965	0.9999998873283551	0.9999998873283551	0.903242329436528	0.7388107279339808	0.805438500831517	0.3310762184351736	-0.33092714228227577	0.25045944617977345	0.40667057817584973	0.2971735462701989	0.27403853774381587	
0.40786228727838647	0.8782178015520604	0.7388107078498086	0.0	0.9155632768572441	0.6735622128923505	0.6735622128923505	0.29166027840220293	2.980232238769532e-08	0.980673336232742	0.9202613195989088	0.4741672796314973	0.8840505399014356	0.949019486749436	0.9057029307323693	0.8952062162992632	
-0.6719174723903124	-0.08468179894591976	-0.31987957825330965	-0.9155632768572441	0.0	0.9476099488993538	0.9476099488993538	0.9930545568590847	0.9155632888429612	0.5735332953729118	0.011841226109648717	-0.6153960187477866	-0.07238422782165377	0.09306943341501683	-0.02386901746233283	-0.04799411397386244	
-0.9164550413929811	-0.9712560654391801	-0.9999998873283551	-0.6735622128923505	-0.9476099488993538	0.0	0.0	0.4287020386788128	0.6735621908645436	-0.5930616355643871	-0.9437610719200216	-0.9434991088539918	-0.9682458766295903	-0.9137678137236098	-0.9549644445461056	-0.9618486900420764	
-0.9164550413929811	-0.9712560654391801	-0.9999998873283551	-0.6735622128923505	-0.9476099488993538	0.0	0.0	0.4287020386788128	0.6735621908645436	-0.5930616355643871	-0.9437610719200216	-0.9434991088539918	-0.9682458766295903	-0.9137678137236098	-0.9549644445461056	-0.9618486900420764	
-0.6564277480377172	-0.9795243316012118	-0.903242329436528	-0.29166027840220293	-0.9930545568590847	-0.4287020386788128	-0.4287020386788128	0.0	0.2916602498956266	-0.8809715998040115	-0.9943781108720033	-0.7103392723870969	-0.9819332468938937	-0.9996943872037262	-0.9899633260891277	-0.9862634422903371	
-0.4078623144892017	-0.8782178158053454	-0.7388107279339808	-2.980232238769532e-08	-0.9155632888429612	-0.6735621908645436	-0.6735621908645436	-0.2916602498956266	0.0	-0.9806733304018496	-0.9202613312606869	-0.47416730587049793	-0.8840505538307816	-0.9490194961436461	-0.9057029433659595	-0.8952062295807314	
-0.9751965522994652	-0.6408430164256975	-0.805438500831517	-0.980673336232742	-0.5735332953729118	0.5930616355643871	0.5930616355643871	0.8809715998040115	0.9806733304018496	0.0	-0.563792962832252	-0.9561908077613976	-0.6313246896472995	-0.49480311551503375	-0.5929229679707506	-0.6121882925084899	
-0.6806402846429362	-0.09647455488699164	-0.3310762184351736	-0.9202613195989088	-0.011841226109648717	0.9437610719200216	0.9437610719200216	0.9943781108720033	0.9202613312606869	0.563792962832252	0.0	-0.6246863419685237	-0.08418931743660524	0.08127307763935743	-0.03570519648909681	-0.05981832961728667	
-0.07383919161082964	0.5464378192902233	0.33092714228227577	-0.4741672796314973	0.6153960187477866	0.9434991088539918	0.9434991088539918	0.7103392723870969	0.47416730587049793	0.9561908077613976	0.6246863419685237	0.0	0.5567271679816737	0.6860839767133392	0.5964066978938605	0.5768570194519453	
-0.616545269761469	-0.01233543648906077	-0.25045944617977345	-0.8840505399014356	0.07238422782165377	0.9682458766295903	0.9682458766295903	0.9819332468938937	0.8840505538307816	0.6313246896472995	0.08418931743660524	-0.5567271679816737	0.0	0.16489534848225046	0.04855720038813993	0.024432596744233925	
-0.7379307403998564	-0.17704938006527582	-0.40667057817584973	-0.949019486749436	-0.09306943341501683	0.9137678137236098	0.9137678137236098	0.9996943872037262	0.9490194961436461	0.49480311551503375	-0.08127307763935743	-0.6860839767133392	-0.16489534848225046	0.0	-0.1168083342901195	-0.14074798324522014	
-0.6540480238050069	-0.060874391593494726	-0.2971735462701989	-0.9057029307323693	0.02386901746233283	0.9549644445461056	0.9549644445461056	0.9899633260891277	0.9057029433659595	0.5929229679707506	0.03570519648909681	-0.5964066978938605	-0.04855720038813993	0.1168083342901195	0.0	-0.02413892893417191	
-0.6355974772384327	-0.03676249191400821	-0.27403853774381587	-0.8952062162992632	0.04799411397386244	0.9618486900420764	0.9618486900420764	0.9862634422903371	0.8952062295807314	0.6121882925084899	0.05981832961728667	-0.5768570194519453	-0.024432596744233925	0.14074798324522014	0.02413892893417191	0.0	
