0.0	0.2624998720988392	0.0	-0.7874031771536155	0.2624998720988392	0.9931851645036831	0.9674259556289958	0.9355968140992728	0.7874031955249096	0.6757008795941937	0.08963396132430013	-0.16098735678528986	0.31871587653916533	0.5458005257830625	0.49877231186671056	0.5225224170315627	
-0.2624998720988392	0.0	-0.2624998720988392	-0.9216055314154621	0.0	0.9889497758350346	0.9999532188390908	0.9954682259575363	0.9216055429825736	0.4584968376219048	-0.17495257111436519	-0.4144178033195119	0.058728574497930286	0.30670779005995613	0.25376406309586697	0.2803845180500574	
0.0	0.2624998720988392	0.0	-0.7874031771536155	0.2624998720988392	0.9931851645036831	0.9674259556289958	0.9355968140992728	0.7874031955249096	0.6757008795941937	0.08963396132430013	-0.16098735678528986	0.31871587653916533	0.5458005257830625	0.49877231186671056	0.5225224170315627	
0.7874031771536155	0.9216055314154621	0.7874031771536155	0.0	0.9216055314154621	0.5204678565979081	0.3970240807753449	0.2987291176454751	2.9802322387695312e-08	0.9969825869453677	0.8394875134370554	0.6778938788759701	0.9428090255444493	0.996229419729766	0.9899307375902193	0.9934629202004773	
-0.2624998720988392	0.0	-0.2624998720988392	-0.9216055314154621	0.0	0.9889497758350346	0.9999532188390908	0.9954682259575363	0.9216055429825736	0.4584968376219048	-0.17495257111436519	-0.4144178033195119	0.058728574497930286	0.30670779005995613	0.25376406309586697	0.2803845180500574	
-0.9931851645036831	-0.9889497758350346	-0.9931851645036831	-0.5204678565979081	-0.9889497758350346	0.0	0.13867823973145937	0.2416230288923531	0.5204678311502632	-0.8109031619951975	-0.9996339502315372	-0.9614679113558825	-0.9785362700594487	-0.8958163629504676	-0.918956879230344	-0.9077135223082875	
-0.9674259556289958	-0.9999532188390908	-0.9674259556289958	-0.3970240807753449	-0.9999532188390908	-0.13867823973145937	0.0	0.10471911388495464	0.39702405342252906	-0.8842195860041395	-0.986223057457794	-0.9140526883984768	-0.9976592264222663	-0.9487925221138893	-0.9647663271194258	-0.9571307997191658	
-0.9355968140992728	-0.9954682259575363	-0.9355968140992728	-0.2987291176454751	-0.9954682259575363	-0.2416230288923531	-0.10471911388495464	0.0	0.2987290892039879	-0.9282693107072589	-0.9634779118021612	-0.8665534813878288	-0.9993348145606534	-0.9766566659198227	-0.9870143456213101	-0.9822008659797745	
-0.7874031955249096	-0.9216055429825736	-0.7874031955249096	-2.9802322387695312e-08	-0.9216055429825736	-0.5204678311502632	-0.39702405342252906	-0.2987290892039879	0.0	-0.9969825846319464	-0.8394875296310106	-0.6778939007854382	-0.9428090354785578	-0.9962294223153542	-0.9899307418088147	-0.9934629236025692	
-0.6757008795941937	-0.4584968376219048	-0.6757008795941937	-0.9969825869453677	-0.4584968376219048	0.8109031619951975	0.8842195860041395	0.9282693107072589	0.9969825846319464	0.0	-0.6069050347573959	-0.7855633551001449	-0.4055136149074216	-0.1638289999082768	-0.2179693520743337	-0.19092889426489515	
-0.08963396132430013	0.17495257111436519	-0.08963396132430013	-0.8394875134370554	0.17495257111436519	0.9996339502315372	0.986223057457794	0.9634779118021612	0.8394875296310106	0.6069050347573959	0.0	-0.24880416443305176	0.23247339643539655	0.4684979025327253	0.4190759244916815	0.443994941557578	
0.16098735678528986	0.4144178033195119	0.16098735678528986	-0.6778938788759701	0.4144178033195119	0.9614679113558825	0.9140526883984768	0.8665534813878288	0.6778939007854382	0.7855633551001449	0.24880416443305176	0.0	0.4671506103288732	0.6735751035027773	0.6317996224129624	0.6529688126571241	
-0.31871587653916533	-0.058728574497930286	-0.31871587653916533	-0.9428090255444493	-0.058728574497930286	0.9785362700594487	0.9976592264222663	0.9993348145606534	0.9428090354785578	0.4055136149074216	-0.23247339643539655	-0.4671506103288732	0.0	0.2502803326553683	0.1965199011957857	0.22352773078977128	
-0.5458005257830625	-0.30670779005995613	-0.5458005257830625	-0.996229419729766	-0.30670779005995613	0.8958163629504676	0.9487925221138893	0.9766566659198227	0.9962294223153542	0.1638289999082768	-0.4684979025327253	-0.6735751035027773	-0.2502803326553683	0.0	-0.055134481923534595	-0.027534026411502613	
-0.49877231186671056	-0.25376406309586697	-0.49877231186671056	-0.9899307375902193	-0.25376406309586697	0.918956879230344	0.9647663271194258	0.9870143456213101	0.9899307418088147	0.2179693520743337	-0.4190759244916815	-0.6317996224129624	-0.1965199011957857	0.055134481923534595	0.0	0.027621433172081974	
-0.5225224170315627	-0.2803845180500574	-0.5225224170315627	-0.9934629202004773	-0.2803845180500574	0.9077135223082875	0.9571307997191658	0.9822008659797745	0.9934629236025692	0.19092889426489515	-0.443994941557578	-0.6529688126571241	-0.22352773078977128	0.027534026411502613	-0.027621433172081974	0.0	
