0.0	-0.8186011177269261	-0.9995231334753656	-0.2178893241295887	0.06184637804552385	0.4887327264546336	0.5808417566002977	0.42594717777620705	0.7470497293089394	0.9995231334753656	0.3585181859925739	-0.5043392109373326	-0.43419905696483	-0.1470031267872442	-0.047493695002003886	-0.12807285833667229	
0.8186011177269261	0.0	-0.5993660348845553	0.6737855418797709	0.8525562900737147	0.9948848101704035	0.999968499830771	0.985275809847617	0.9732572597158433	0.5993660348845553	0.9701021395695187	0.4171931691309187	0.48802213394277794	0.7252747833408275	0.7903987628254018	0.738299503476533	
0.9995231334753656	0.5993660348845553	0.0	0.9822362551739345	0.9956999794977006	0.8569260062617436	0.7956925707446874	0.8911638134676114	0.6413830868558537	0.0	0.9220069340451172	0.878667279086845	0.9137949649086319	0.9932036344529044	0.999861761785062	0.9952465697799465	
0.2178893241295887	-0.6737855418797709	-0.9822362551739345	0.0	0.27783263942129693	0.6670841414433542	0.7442516570073516	0.6128480885441254	0.8739466117317379	0.9822362551739345	0.5533088826068809	-0.3040730405675357	-0.2274883700046243	0.07205102660228474	0.1712908572510246	0.09109923984751221	
-0.06184637804552385	-0.8525562900737147	-0.9956999794977006	-0.27783263942129693	0.0	0.4338402798769406	0.5293858679990974	0.36917638993270846	0.7045061346870134	0.9956999794977006	0.30009686718892004	-0.5567784397083605	-0.48908012691402686	-0.20789619651743751	-0.10917936363608671	-0.18916474435738295	
-0.4887327264546336	-0.9948848101704035	-0.8569260062617436	-0.6670841414433542	-0.4338402798769406	0.0	0.10890934245343731	-0.0705693585082458	0.32685730358108567	0.8569260062617436	-0.14345981657528128	-0.8620259120851567	-0.8190685548029653	-0.6116736092048333	-0.5296163035817061	-0.5964429562278247	
-0.5808417566002977	-0.999968499830771	-0.7956925707446874	-0.7442516570073516	-0.5293858679990974	-0.10890934245343731	0.0	-0.1787874076767001	0.22198569831335074	0.7956925707446874	-0.2503892723593833	-0.9121005593539366	-0.8766772944959538	-0.6941944776662596	-0.6188469497372142	-0.6803118056603648	
-0.42594717777620705	-0.985275809847617	-0.8911638134676114	-0.6128480885441254	-0.36917638993270846	0.0705693585082458	0.1787874076767001	0.0	0.3927356523869123	0.8911638134676114	-0.07326275417494715	-0.8241076916023188	-0.7765411802716301	-0.5543204889967911	-0.468436339561606	-0.5383130679080838	
-0.7470497293089394	-0.9732572597158433	-0.6413830868558537	-0.8739466117317379	-0.7045061346870134	-0.32685730358108567	-0.22198569831335074	-0.3927356523869123	0.0	0.6413830868558537	-0.45905643832184545	-0.9803502891631994	-0.9615967659527481	-0.8366567991230717	-0.7777790079669283	-0.8260363548579496	
-0.9995231334753656	-0.5993660348845553	-0.0	-0.9822362551739345	-0.9956999794977006	-0.8569260062617436	-0.7956925707446874	-0.8911638134676114	-0.6413830868558537	0.0	-0.9220069340451172	-0.878667279086845	-0.9137949649086319	-0.9932036344529044	-0.999861761785062	-0.9952465697799465	
-0.3585181859925739	-0.9701021395695187	-0.9220069340451172	-0.5533088826068809	-0.30009686718892004	0.14345981657528128	0.2503892723593833	0.07326275417494715	0.45905643832184545	0.9220069340451172	0.0	-0.7803945926415465	-0.7282939534721191	-0.4918540162848127	-0.40245005615340784	-0.47512462929296706	
0.5043392109373326	-0.4171931691309187	-0.878667279086845	0.3040730405675357	0.5567784397083605	0.8620259120851567	0.9121005593539366	0.8241076916023188	0.9803502891631994	0.878667279086845	0.7803945926415465	0.0	0.07938398315932649	0.3719220570474414	0.46275901050498086	0.38959422417504636	
0.43419905696483	-0.48802213394277794	-0.9137949649086319	0.2274883700046243	0.48908012691402686	0.8190685548029653	0.8766772944959538	0.7765411802716301	0.9615967659527481	0.9137949649086319	0.7282939534721191	-0.07938398315932649	0.0	0.29705902187285566	0.3909259542057015	0.31525312261738975	
0.1470031267872442	-0.7252747833408275	-0.9932036344529044	-0.07205102660228474	0.20789619651743751	0.6116736092048333	0.6941944776662596	0.5543204889967911	0.8366567991230717	0.9932036344529044	0.4918540162848127	-0.3719220570474414	-0.29705902187285566	0.0	0.09985951450745369	0.019111042723702287	
0.047493695002003886	-0.7903987628254018	-0.999861761785062	-0.1712908572510246	0.10917936363608671	0.5296163035817061	0.6188469497372142	0.468436339561606	0.7777790079669283	0.999861761785062	0.40245005615340784	-0.46275901050498086	-0.3909259542057015	-0.09985951450745369	0.0	-0.08082575983562822	
0.12807285833667229	-0.738299503476533	-0.9952465697799465	-0.09109923984751221	0.18916474435738295	0.5964429562278247	0.6803118056603648	0.5383130679080838	0.8260363548579496	0.9952465697799465	0.47512462929296706	-0.38959422417504636	-0.31525312261738975	-0.019111042723702287	0.08082575983562822	0.0	
