0.0	0.4841544376928656	0.9983004133083295	0.8837236510211589	0.960642241022905	0.8856794484388189	0.6427541947759586	0.23622598323895733	0.9140406506285756	0.9123138988895717	0.3813605557082652	0.43747137085273236	0.6132767394998024	0.38627327082383445	-0.07961877370306364	-0.23622596276195001	
-0.4841544376928656	0.0	0.9017108354831848	0.9998314605438381	0.9750377720516783	0.9997456338733091	0.9332961017933937	0.677145584535685	0.996153607567623	0.6000015876832703	-0.11388129740858732	-0.05258750745749352	0.15418829798263545	-0.10859411957683496	-0.5522824728527532	-0.6771455690288251	
-0.9983004133083295	-0.9017108354831848	0.0	0.4157123284052689	0.22133246074922786	0.4118927940166385	0.7273122680763882	0.9562799639076203	0.3516650600597474	-0.4619631208723106	-0.9450800322300871	-0.9231988203417197	-0.824265995485015	-0.9433278157940158	-0.9904911999590668	-0.9562799700706016	
-0.8837236510211589	-0.9998314605438381	-0.4157123284052689	0.0	-0.20410097978628394	-0.004195592747102406	0.37618156325293456	0.7481567247934761	-0.0693210534572054	-0.7888485875193711	-0.9954176597721798	-0.9994134641417773	-0.9850442243312423	-0.9959123015920548	-0.8436558600032938	-0.7481567387761575	
-0.960642241022905	-0.9750377720516783	-0.22133246074922786	0.20410097978628394	0.0	0.1999919085335321	0.5573718212714471	0.8678334075203433	0.13574816072418788	-0.6468052695498921	-0.9939806265798269	-0.985365112131961	-0.9291419402517798	-0.9933837022567755	-0.9354753884572163	-0.8678334179907854	
-0.8856794484388189	-0.9997456338733091	-0.4118927940166385	0.004195592747102406	-0.1999919085335321	0.0	0.38006566182129	0.7509340081777945	-0.0651349434863811	-0.7862630852028647	-0.9958100920744208	-0.9995483463095123	-0.9843126466607373	-0.9962825048494005	-0.8459009825589449	-0.7509340220942045	
-0.6427541947759586	-0.9332961017933937	-0.7273122680763882	-0.37618156325293456	-0.5573718212714471	-0.38006566182129	0.0	0.44359683380893317	-0.4395057643611655	-0.962100998825104	-0.8863287584041655	-0.913120136171578	-0.9775054778744989	-0.888779757598455	-0.5797199470858903	-0.44359685269549326	
-0.23622598323895733	-0.677145584535685	-0.9562799639076203	-0.7481567247934761	-0.8678334075203433	-0.7509340081777945	-0.44359683380893317	0.0	-0.7923530084380376	-0.9832262730392972	-0.5889408743738143	-0.6375121629779116	-0.7825072424435325	-0.593232179802357	-0.15811064230019542	-2.1073424255447017e-08	
-0.9140406506285756	-0.996153607567623	-0.3516650600597474	0.0693210534572054	-0.13574816072418788	0.0651349434863811	0.4395057643611655	0.7923530084380376	0.0	-0.7443470759992299	-0.9996517450854823	-0.9993831846705705	-0.9707304688195828	-0.999777992859423	-0.8788437511598218	-0.7923530212941512	
-0.9123138988895717	-0.6000015876832703	0.4619631208723106	0.7888485875193711	0.6468052695498921	0.7862630852028647	0.962100998825104	0.9832262730392972	0.7443470759992299	0.0	-0.6872030977132723	-0.6412413206795676	-0.46947600269153766	-0.6833284477946	-0.9420208717672918	-0.9832262691957161	
-0.3813605557082652	0.11388129740858732	0.9450800322300871	0.9954176597721798	0.9939806265798269	0.9958100920744208	0.8863287584041655	0.5889408743738143	0.9996517450854823	0.6872030977132723	0.0	0.061478329861766656	0.26570465073114186	0.0053201772960704274	-0.4537515778009026	-0.5889408573427758	
-0.43747137085273236	0.05258750745749352	0.9231988203417197	0.9994134641417773	0.985365112131961	0.9995483463095123	0.913120136171578	0.6375121629779116	0.9993831846705705	0.6412413206795676	-0.061478329861766656	0.0	0.20593358944510098	-0.056167346058688006	-0.507678344381143	-0.6375121467420963	
-0.6132767394998024	-0.15418829798263545	0.824265995485015	0.9850442243312423	0.9291419402517798	0.9843126466607373	0.9775054778744989	0.7825072424435325	0.9707304688195828	0.46947600269153766	-0.26570465073114186	-0.20593358944510098	0.0	-0.26057194966263275	-0.6742181535809041	-0.7825072293223443	
-0.38627327082383445	0.10859411957683496	0.9433278157940158	0.9959123015920548	0.9933837022567755	0.9962825048494005	0.888779757598455	0.593232179802357	0.999777992859423	0.6833284477946	-0.0053201772960704274	0.056167346058688006	0.26057194966263275	0.0	-0.45848611632554503	-0.5932321628375883	
0.07961877370306364	0.5522824728527532	0.9904911999590668	0.8436558600032938	0.9354753884572163	0.8459009825589449	0.5797199470858903	0.15811064230019542	0.8788437511598218	0.9420208717672918	0.4537515778009026	0.507678344381143	0.6742181535809041	0.45848611632554503	0.0	-0.15811062149184527	
0.23622596276195001	0.6771455690288251	0.9562799700706016	0.7481567387761575	0.8678334179907854	0.7509340220942045	0.44359685269549326	2.1073424255447017e-08	0.7923530212941512	0.9832262691957161	0.5889408573427758	0.6375121467420963	0.7825072293223443	0.5932321628375883	0.15811062149184527	0.0	
