0.0	0.06770074951766747	0.6636923223661884	0.7424703508037258	0.5447832011683305	0.5447832011683305	0.9090593384397373	0.9972370231832933	0.06770074951766747	-0.34980110541917425	-0.9090593296591429	-0.46510807584462427	-0.3777157064835813	-0.5272283668175767	-0.6667825884330447	-0.7521600707864999	
-0.06770074951766747	0.0	0.6115290493215764	0.6954155749905628	0.48676100343691775	0.48676100343691775	0.9351823046964359	0.9999782114200286	0.0	-0.41242223328077243	-0.93518229723293	-0.5239733184349411	-0.4395346904915683	-0.5835456588720683	-0.7157069094572232	-0.7950478391883803	
-0.6636923223661884	-0.6115290493215764	0.0	0.11077854015025324	-0.14905613837933332	-0.14905613837933332	0.9565200250831631	0.7952416051662476	-0.6115290493215764	-0.8834161036479194	-0.9565200312295777	-0.9354397044072134	-0.8970605647027867	-0.958324864501822	-0.9933753901055635	-0.9999802696389789	
-0.7424703508037258	-0.6954155749905628	-0.11077854015025324	0.0	-0.2576797189186142	-0.2576797189186142	0.9183223484928259	0.7231827697483163	-0.6954155749905628	-0.9298884253769265	-0.91832235683439	-0.9688408772612234	-0.9404931420414957	-0.9840737756318222	-0.9999913367403108	-0.9931296246499971	
-0.5447832011683305	-0.48676100343691775	0.14905613837933332	0.2576797189186142	0.0	0.0	0.9893091929269637	0.876729393244759	-0.48676100343691775	-0.8037011080403388	-0.9893091960001679	-0.8723003579690862	-0.8211702204890291	-0.9050367039095653	-0.9651494241642401	-0.9897455580798802	
-0.5447832011683305	-0.48676100343691775	0.14905613837933332	0.2576797189186142	0.0	0.0	0.9893091929269637	0.876729393244759	-0.48676100343691775	-0.8037011080403388	-0.9893091960001679	-0.8723003579690862	-0.8211702204890291	-0.9050367039095653	-0.9651494241642401	-0.9897455580798802	
-0.9090593384397373	-0.9351823046964359	-0.9565200250831631	-0.9183223484928259	-0.9893091929269637	-0.9893091929269637	0.0	-0.3479856059108222	-0.9351823046964359	-0.7058781318266281	-2.1073424255447027e-08	-0.6109532938693224	-0.6843361466497674	-0.5527707106412107	-0.3996524711827825	-0.2856522912900913	
-0.9972370231832933	-0.9999782114200286	-0.7952416051662476	-0.7231827697483163	-0.876729393244759	-0.876729393244759	0.3479856059108222	0.0	-0.9999782114200286	-0.908250453647665	-0.34798562566715463	-0.8482572336725381	-0.8953045596796501	-0.8082104980343341	-0.6936609713499207	-0.6012851917283504	
-0.06770074951766747	0.0	0.6115290493215764	0.6954155749905628	0.48676100343691775	0.48676100343691775	0.9351823046964359	0.9999782114200286	0.0	-0.41242223328077243	-0.93518229723293	-0.5239733184349411	-0.4395346904915683	-0.5835456588720683	-0.7157069094572232	-0.7950478391883803	
0.34980110541917425	0.41242223328077243	0.8834161036479194	0.9298884253769265	0.8037011080403388	0.8037011080403388	0.7058781318266281	0.908250453647665	0.41242223328077243	0.0	-0.7058781168996194	-0.1260616081634402	-0.029964728952206143	-0.19668591634121368	-0.36396784859202314	-0.4741295096119155	
0.9090593296591429	0.93518229723293	0.9565200312295777	0.91832235683439	0.9893091960001679	0.9893091960001679	2.1073424255447027e-08	0.34798562566715463	0.93518229723293	0.7058781168996194	0.0	0.6109532771861951	0.6843361312837283	0.5527706930800224	0.39965245186547527	0.2856522710947263	
0.46510807584462427	0.5239733184349411	0.9354397044072134	0.9688408772612234	0.8723003579690862	0.8723003579690862	0.6109532938693224	0.8482572336725381	0.5239733184349411	0.1260616081634402	-0.6109532771861951	0.0	0.09627931827541292	-0.07151764793542414	-0.24364903087587753	-0.35935551331791105	
0.3777157064835813	0.4395346904915683	0.8970605647027867	0.9404931420414957	0.8211702204890291	0.8211702204890291	0.6843361466497674	0.8953045596796501	0.4395346904915683	0.029964728952206143	-0.6843361312837283	-0.09627931827541292	0.0	-0.16721818151059165	-0.33589491775619185	-0.4475340060758076	
0.5272283668175767	0.5835456588720683	0.958324864501822	0.9840737756318222	0.9050367039095653	0.9050367039095653	0.5527707106412107	0.8082104980343341	0.5835456588720683	0.19668591634121368	-0.5527706930800224	0.07151764793542414	0.16721818151059165	0.0	-0.1736627730440266	-0.291695002314309	
0.6667825884330447	0.7157069094572232	0.9933753901055635	0.9999913367403108	0.9651494241642401	0.9651494241642401	0.3996524711827825	0.6936609713499207	0.7157069094572232	0.36396784859202314	-0.39965245186547527	0.24364903087587753	0.33589491775619185	0.1736627730440266	0.0	-0.12115232986400382	
0.7521600707864999	0.7950478391883803	0.9999802696389789	0.9931296246499971	0.9897455580798802	0.9897455580798802	0.2856522912900913	0.6012851917283504	0.7950478391883803	0.4741295096119155	-0.2856522710947263	0.35935551331791105	0.4475340060758076	0.291695002314309	0.12115232986400382	0.0	
