0.0	-0.8997765228637629	0.0	0.8538154937752407	0.669204726332523	-0.3955137610876042	-0.9604155159136273	-0.6251867477330901	0.2751396845288272	0.7099917247173805	0.9604155159136273	0.8785507294891354	0.29226329515773275	0.1349365119648255	-0.2996638105304203	-0.25501980279591535	
0.8997765228637629	0.0	0.8997765228637629	0.840965088461788	0.9606123738592972	0.6538259594625175	-0.16842626099325017	0.4294523850210539	0.9851064642672152	0.9434372524639594	0.16842626099325017	0.81313390522024	0.9880197700773252	0.950427072600532	0.7276685614120916	0.7587480093687052	
0.0	-0.8997765228637629	0.0	0.8538154937752407	0.669204726332523	-0.3955137610876042	-0.9604155159136273	-0.6251867477330901	0.2751396845288272	0.7099917247173805	0.9604155159136273	0.8785507294891354	0.29226329515773275	0.1349365119648255	-0.2996638105304203	-0.25501980279591535	
-0.8538154937752407	-0.840965088461788	-0.8538154937752407	0.0	-0.286079831928422	-0.990090291161485	-0.7378176149704074	-0.9918388689913917	-0.6776308089588582	-0.23166095655725794	0.7378176149704074	0.04952803726213423	-0.6643909290710952	-0.7757620329400869	-0.9705759961582414	-0.9583419164387983	
-0.669204726332523	-0.9606123738592972	-0.669204726332523	0.286079831928422	0.0	-0.908535413439957	-0.9000850301808976	-0.9868602581560888	-0.43892600695251105	0.0563186151966768	0.9000850301808976	0.3331867876943502	-0.42281138974539706	-0.5628159804926496	-0.8611249406995545	-0.8365776534311932	
0.3955137610876042	-0.6538259594625175	0.3955137610876042	0.990090291161485	0.908535413439957	0.0	-0.7719244528804445	-0.2655203721161031	0.6329534239954209	0.9306237887057547	0.7719244528804445	0.9958305201322821	0.6466769579766819	0.5158302853339958	0.10210863339781495	0.14821092601274716	
0.9604155159136273	0.16842626099325017	0.9604155159136273	0.7378176149704074	0.9000850301808976	0.7719244528804445	0.0	0.5754213264152277	0.9999936227822985	0.8741176325914191	0.0	0.7034806849745423	0.9998979527930152	0.989221248244305	0.8328017156975853	0.857618945507066	
0.6251867477330901	-0.4294523850210539	0.6251867477330901	0.9918388689913917	0.9868602581560888	0.2655203721161031	-0.5754213264152277	0.0	0.8157969025071471	0.9943937014888629	0.5754213264152277	0.9843069087848868	0.8259940296561507	0.7247835443524535	0.36257603405979516	0.4054788367078939	
-0.2751396845288272	-0.9851064642672152	-0.2751396845288272	0.6776308089588582	0.43892600695251105	-0.6329534239954209	-0.9999936227822985	-0.8157969025071471	0.0	0.4888329472964483	0.9999936227822985	0.7132222061117303	0.017856671153702378	-0.14289478715395948	-0.5505936670943155	-0.5112195445164276	
-0.7099917247173805	-0.9434372524639594	-0.7099917247173805	0.23166095655725794	-0.0563186151966768	-0.9306237887057547	-0.8741176325914191	-0.9943937014888629	-0.4888329472964483	0.0	0.8741176325914191	0.27955735251388203	-0.4731772496989894	-0.6084746717396564	-0.8883902154561081	-0.8661039381100197	
-0.9604155159136273	-0.16842626099325017	-0.9604155159136273	-0.7378176149704074	-0.9000850301808976	-0.7719244528804445	-0.0	-0.5754213264152277	-0.9999936227822985	-0.8741176325914191	0.0	-0.7034806849745423	-0.9998979527930152	-0.989221248244305	-0.8328017156975853	-0.857618945507066	
-0.8785507294891354	-0.81313390522024	-0.8785507294891354	-0.04952803726213423	-0.3331867876943502	-0.9958305201322821	-0.7034806849745423	-0.9843069087848868	-0.7132222061117303	-0.27955735251388203	0.7034806849745423	0.0	-0.700592068351205	-0.8060634241936988	-0.9813109450271492	-0.971312145935566	
-0.29226329515773275	-0.9880197700773252	-0.29226329515773275	0.6643909290710952	0.42281138974539706	-0.6466769579766819	-0.9998979527930152	-0.8259940296561507	-0.017856671153702378	0.4731772496989894	0.9998979527930152	0.700592068351205	0.0	-0.1605454275013334	-0.5654121526782445	-0.5264849529840201	
-0.1349365119648255	-0.950427072600532	-0.1349365119648255	0.7757620329400869	0.5628159804926496	-0.5158302853339958	-0.989221248244305	-0.7247835443524535	0.14289478715395948	0.6084746717396564	0.989221248244305	0.8060634241936988	0.1605454275013334	0.0	-0.42565864525023667	-0.38316240278604785	
0.2996638105304203	-0.7276685614120916	0.2996638105304203	0.9705759961582414	0.8611249406995545	-0.10210863339781495	-0.8328017156975853	-0.36257603405979516	0.5505936670943155	0.8883902154561081	0.8328017156975853	0.9813109450271492	0.5654121526782445	0.42565864525023667	0.0	0.04645534266070994	
0.25501980279591535	-0.7587480093687052	0.25501980279591535	0.9583419164387983	0.8365776534311932	-0.14821092601274716	-0.857618945507066	-0.4054788367078939	0.5112195445164276	0.8661039381100197	0.857618945507066	0.971312145935566	0.5264849529840201	0.38316240278604785	-0.04645534266070994	0.0	
