0.0	0.02545154165440633	0.22093610405403188	0.22093610405403188	0.9787684906803715	0.6307330363745525	-0.1252687319753192	-0.3779163648316224	0.16796900336612405	0.7924187787033763	-0.07555237728995426	-0.5826767915214945	-0.5605252542902253	-0.9787684906803715	-0.6802147504061583	-0.5605252542902253	
-0.02545154165440633	0.0	0.1960419429608785	0.1960419429608785	0.9732346515425433	0.6107783212025274	-0.15047920803475331	-0.4013579901544296	0.14282465778337858	0.7766372139609726	-0.10090669956790793	-0.6031726066401163	-0.5814210478627773	-0.9732346515425433	-0.6986507076702891	-0.5814210478627773	
-0.22093610405403188	-0.1960419429608785	0.0	0.0	0.9092964164832658	0.4437001475198126	-0.34136888341077287	-0.5731288279288683	-0.05397890399890348	0.6380707118150927	-0.29398998056185877	-0.7478334991861937	-0.7296391492616513	-0.9092964164832658	-0.8253544886290582	-0.7296391492616513	
-0.22093610405403188	-0.1960419429608785	0.0	0.0	0.9092964164832658	0.4437001475198126	-0.34136888341077287	-0.5731288279288683	-0.05397890399890348	0.6380707118150927	-0.29398998056185877	-0.7478334991861937	-0.7296391492616513	-0.9092964164832658	-0.8253544886290582	-0.7296391492616513	
-0.9787684906803715	-0.9732346515425433	-0.9092964164832658	-0.9092964164832658	0.0	-0.6302436019977588	-0.9967347738004376	-0.9836438572865573	-0.9304340008928399	-0.43460551044629125	-0.9914568945669692	-0.9148796555713552	-0.9254449591437536	-0.0	-0.8568727729627019	-0.9254449591437536	
-0.6307330363745525	-0.6107783212025274	-0.4437001475198126	-0.4437001475198126	0.6302436019977588	0.0	-0.7229731789845211	-0.8772207687704291	-0.49142782731948265	0.23018396515315748	-0.6875589338594543	-0.964756376973718	-0.9573011118303617	-0.6302436019977588	-0.9901820190714756	-0.9573011118303617	
0.1252687319753192	0.15047920803475331	0.34136888341077287	0.34136888341077287	0.9967347738004376	0.7229731789845211	0.0	-0.25896069000151656	0.2901348344967544	0.8625878758748576	0.04995345351628269	-0.47628056079783826	-0.45237019807588164	-0.9967347738004376	-0.583033000226551	-0.45237019807588164	
0.3779163648316224	0.4013579901544296	0.5731288279288683	0.5731288279288683	0.9836438572865573	0.8772207687704291	0.25896069000151656	0.0	0.5280594120367739	0.964173252101475	0.30688682412379376	-0.2323311950035837	-0.20598990501324707	-0.9836438572865573	-0.3527522807272508	-0.20598990501324707	
-0.16796900336612405	-0.14282465778337858	0.05397890399890348	0.05397890399890348	0.9304340008928399	0.49142782731948265	-0.2901348344967544	-0.5280594120367739	0.0	0.6787030094754491	-0.24196787023161687	-0.7109073585167516	-0.6916628690587727	-0.9304340008928399	-0.7936738920077469	-0.6916628690587727	
-0.7924187787033763	-0.7766372139609726	-0.6380707118150927	-0.6380707118150927	0.43460551044629125	-0.23018396515315748	-0.8625878758748576	-0.964173252101475	-0.6787030094754491	0.0	-0.83623916055816	-0.9994215925901406	-0.9981393330935941	-0.43460551044629125	-0.99576883026869	-0.9981393330935941	
0.07555237728995426	0.10090669956790793	0.29398998056185877	0.29398998056185877	0.9914568945669692	0.6875589338594543	-0.04995345351628269	-0.30688682412379376	0.24196787023161687	0.83623916055816	0.0	-0.519609687263214	-0.4963554363023336	-0.9914568945669692	-0.6228897178945472	-0.4963554363023336	
0.5826767915214945	0.6031726066401163	0.7478334991861937	0.7478334991861937	0.9148796555713552	0.964756376973718	0.47628056079783826	0.2323311950035837	0.7109073585167516	0.9994215925901406	0.519609687263214	0.0	0.02699529887927682	-0.9148796555713552	-0.12570363640188614	0.02699529887927682	
0.5605252542902253	0.5814210478627773	0.7296391492616513	0.7296391492616513	0.9254449591437536	0.9573011118303617	0.45237019807588164	0.20598990501324707	0.6916628690587727	0.9981393330935941	0.4963554363023336	-0.02699529887927682	0.0	-0.9254449591437536	-0.15243899283639745	0.0	
0.9787684906803715	0.9732346515425433	0.9092964164832658	0.9092964164832658	0.0	0.6302436019977588	0.9967347738004376	0.9836438572865573	0.9304340008928399	0.43460551044629125	0.9914568945669692	0.9148796555713552	0.9254449591437536	0.0	0.8568727729627019	0.9254449591437536	
0.6802147504061583	0.6986507076702891	0.8253544886290582	0.8253544886290582	0.8568727729627019	0.9901820190714756	0.583033000226551	0.3527522807272508	0.7936738920077469	0.99576883026869	0.6228897178945472	0.12570363640188614	0.15243899283639745	-0.8568727729627019	0.0	0.15243899283639745	
0.5605252542902253	0.5814210478627773	0.7296391492616513	0.7296391492616513	0.9254449591437536	0.9573011118303617	0.45237019807588164	0.20598990501324707	0.6916628690587727	0.9981393330935941	0.4963554363023336	-0.02699529887927682	0.0	-0.9254449591437536	-0.15243899283639745	0.0	
