0.0	-0.3612851072573013	-0.7144558534447698	-0.3612851072573013	0.03516836030795473	0.7221493993716415	0.9980065858328193	0.7144558681894342	0.9539906458202505	0.9656144960667337	0.622970882561223	0.1768501490775391	0.0480580346889552	-0.2809088992608871	-0.5784806967288044	-0.5161829503228683	
0.3612851072573013	0.0	-0.4134140653544287	0.0	0.39385454441686113	0.9232864264501632	0.9077959761513901	0.4134140845426905	0.7812273139272209	0.9943186886172304	0.8635060407520299	0.5204953314048308	0.40567963252939815	0.08480273938614513	-0.24470860570436298	-0.17188470686727816	
0.7144558534447698	0.4134140653544287	0.0	0.4134140653544287	0.7386205091139854	0.9994895043895733	0.6531965593236081	2.1073424255447017e-08	0.4532688251413707	0.8613645750594449	0.9947601296700588	0.8269330540420078	0.7472556027557947	0.48914140115498034	0.17802715788149137	0.25075281322386705	
0.3612851072573013	0.0	-0.4134140653544287	0.0	0.39385454441686113	0.9232864264501632	0.9077959761513901	0.4134140845426905	0.7812273139272209	0.9943186886172304	0.8635060407520299	0.5204953314048308	0.40567963252939815	0.08480273938614513	-0.24470860570436298	-0.17188470686727816	
-0.03516836030795473	-0.39385454441686113	-0.7386205091139854	-0.39385454441686113	0.0	0.6973754187939691	0.999608691192488	0.7386205233200328	0.9639452624346607	0.955874163067865	0.5950752390514231	0.14212672072576027	0.01290058122511073	-0.31448741603941655	-0.6068095430572802	-0.5459845796858338	
-0.7221493993716415	-0.9232864264501632	-0.9994895043895733	-0.9232864264501632	-0.6973754187939691	0.0	0.7359329513913123	0.9994895037163009	0.8764373962846209	0.480208317885189	-0.13396569016595822	-0.588432914948132	-0.6880714617477658	-0.8873867608417142	-0.9892110010727228	-0.9755682332117631	
-0.9980065858328193	-0.9077959761513901	-0.6531965593236081	-0.9077959761513901	-0.999608691192488	-0.7359329513913123	0.0	0.6531965433670558	0.23903245247343163	-0.3203997155946308	-0.8200012930989785	-0.9934367836183211	-0.999886370165067	-0.9400931674061487	-0.7775622161714868	-0.8221947980601754	
-0.7144558681894342	-0.4134140845426905	-2.1073424255447017e-08	-0.4134140845426905	-0.7386205233200328	-0.9994895037163009	-0.6531965433670558	0.0	-0.4532688063570709	-0.8613645643544133	-0.9947601318245299	-0.8269330658916022	-0.7472556167598591	-0.4891414195353157	-0.17802717861827974	-0.25075283362401957	
-0.9539906458202505	-0.7812273139272209	-0.4532688251413707	-0.7812273139272209	-0.9639452624346607	-0.8764373962846209	-0.23903245247343163	0.4532688063570709	0.0	-0.5375430787280813	-0.933043763712266	-0.9919797501273911	-0.967297899249641	-0.8313509715977372	-0.6047168723036196	-0.6623019118648927	
-0.9656144960667337	-0.9943186886172304	-0.8613645750594449	-0.9943186886172304	-0.955874163067865	-0.480208317885189	0.3203997155946308	0.8613645643544133	0.5375430787280813	0.0	-0.5933883104782349	-0.9044170995797932	-0.9520047325255983	-0.9997636645846725	-0.938040301063382	-0.9612242040219451	
-0.622970882561223	-0.8635060407520299	-0.9947601296700588	-0.8635060407520299	-0.5950752390514231	0.13396569016595822	0.8200012930989785	0.9947601318245299	0.933043763712266	0.5933883104782349	0.0	-0.47481133457223323	-0.5846579092531903	-0.8176261984732167	-0.9606685497019701	-0.9373426177789748	
-0.1768501490775391	-0.5204953314048308	-0.8269330540420078	-0.5204953314048308	-0.14212672072576027	0.588432914948132	0.9934367836183211	0.8269330658916022	0.9919797501273911	0.9044170995797932	0.47481133457223323	0.0	-0.12934527291536557	-0.44621033217174555	-0.7136185338859491	-0.6595150892574805	
-0.0480580346889552	-0.40567963252939815	-0.7472556027557947	-0.40567963252939815	-0.01290058122511073	0.6880714617477658	0.999886370165067	0.7472556167598591	0.967297899249641	0.9520047325255983	0.5846579092531903	0.12934527291536557	0.0	-0.3267072725847788	-0.6170130385526996	-0.5567471904025689	
0.2809088992608871	-0.08480273938614513	-0.48914140115498034	-0.08480273938614513	0.31448741603941655	0.8873867608417142	0.9400931674061487	0.4891414195353157	0.8313509715977372	0.9997636645846725	0.8176261984732167	0.44621033217174555	0.3267072725847788	0.0	-0.32605156001848146	-0.25480616324466177	
0.5784806967288044	0.24470860570436298	-0.17802715788149137	0.24470860570436298	0.6068095430572802	0.9892110010727228	0.7775622161714868	0.17802717861827974	0.6047168723036196	0.938040301063382	0.9606685497019701	0.7136185338859491	0.6170130385526996	0.32605156001848146	0.0	0.07440778636114379	
0.5161829503228683	0.17188470686727816	-0.25075281322386705	0.17188470686727816	0.5459845796858338	0.9755682332117631	0.8221947980601754	0.25075283362401957	0.6623019118648927	0.9612242040219451	0.9373426177789748	0.6595150892574805	0.5567471904025689	0.25480616324466177	-0.07440778636114379	0.0	
