0.0	0.6214678984799396	-0.3913872963533704	-0.9704380612012078	-0.9427704307880258	-0.6214679149896949	-0.9132605563018326	-0.6744835276281615	-0.16681786913921615	0.08674326673166771	-0.33646202212086646	-0.6839441359612659	-0.866030280838395	-0.4433060106607613	0.08674326673166771	0.042114538684887015	
-0.6214678984799396	0.0	-0.8785192677783248	-0.9102711003291069	-0.5313798930403766	-2.1073424255447027e-08	-0.9686555799315398	-0.9872405944796921	-0.7434514502481272	-0.5511672862792756	-0.8488321595278117	-0.9892111407507408	-0.9892111407507408	-0.9043688857523032	-0.5511672862792756	-0.5879223269435783	
0.3913872963533704	0.8785192677783248	0.0	-0.7985609413746813	-0.9980670769680272	-0.8785192778452446	-0.68096438725348	-0.33172002641000065	0.2323929219631995	0.46973545359800684	0.058947139113940006	-0.3438527205469204	-0.6012532830881196	-0.057113776710807806	0.46973545359800684	0.4297949489423549	
0.9704380612012078	0.9102711003291069	0.7985609413746813	0.0	-0.5511232439607815	-0.9102710916044408	0.17491740402736622	0.5536778109371051	0.9165784750481275	0.9877157018886338	0.8326534344705013	0.5428978088311877	0.2761941611328993	0.7628798513215359	0.9877157018886338	0.9797414348413486	
0.9427704307880258	0.5313798930403766	0.9980670769680272	0.5511232439607815	0.0	-0.5313798751883696	0.6885818924811823	0.9209393714146474	0.9851842453287267	0.9102929517410738	0.9999948652184336	0.9158395033521944	0.760148571566976	0.9928885224677972	0.9102929517410738	0.9278912167704342	
0.6214679149896949	2.1073424255447027e-08	0.8785192778452446	0.9102710916044408	0.5313798751883696	0.0	0.9686555746967391	0.987240597835333	0.7434514643418202	0.5511673038628301	0.8488321706685388	0.9892111438379299	0.9892111376635504	0.9043688947454198	0.5511673038628301	0.5879223439902372	
0.9132605563018326	0.9686555799315398	0.68096438725348	-0.17491740402736622	-0.6885818924811823	-0.9686555746967391	0.0	0.3994826804676245	0.8325061141991038	0.9451553221986134	0.7229482265355196	0.38763259314098253	0.10382266394775783	0.6380274698505264	0.9451553221986134	0.9296067514881735	
0.6744835276281615	0.9872405944796921	0.33172002641000065	-0.5536778109371051	-0.9209393714146474	-0.987240597835333	-0.3994826804676245	0.0	0.5418725332530824	0.7359828736076429	0.38675262740359195	-0.012890119689618368	-0.30214534003920945	0.2772986782740079	0.7359828736076429	0.7049778569856573	
0.16681786913921615	0.7434514502481272	-0.2323929219631995	-0.9165784750481275	-0.9851842453287267	-0.7434514643418202	-0.8325061141991038	-0.5418725332530824	0.0	0.25171687881207777	-0.1746555316137709	-0.5526611527005207	-0.770487703050268	-0.28756369641869284	0.25171687881207777	0.20819428481885427	
-0.08674326673166771	0.5511672862792756	-0.46973545359800684	-0.9877157018886338	-0.9102929517410738	-0.5511673038628301	-0.9451553221986134	-0.7359828736076429	-0.25171687881207777	0.0	-0.41687967266920195	-0.7446483404088677	-0.9061368526658236	-0.5193891481077615	0.0	-0.04471051085933725	
0.33646202212086646	0.8488321595278117	-0.058947139113940006	-0.8326534344705013	-0.9999948652184336	-0.8488321706685388	-0.7229482265355196	-0.38675262740359195	0.1746555316137709	0.41687967266920195	0.0	-0.39860755126501124	-0.6473099797479469	-0.11586538016451176	0.41687967266920195	0.37582264564931644	
0.6839441359612659	0.9892111407507408	0.3438527205469204	-0.5428978088311877	-0.9158395033521944	-0.9892111438379299	-0.38763259314098253	0.012890119689618368	0.5526611527005207	0.7446483404088677	0.39860755126501124	0.0	-0.2898325778843485	0.2896602577365961	0.7446483404088677	0.7140613374461452	
0.866030280838395	0.9892111407507408	0.6012532830881196	-0.2761941611328993	-0.760148571566976	-0.9892111376635504	-0.10382266394775783	0.30214534003920945	0.770487703050268	0.9061368526658236	0.6473099797479469	0.2898325778843485	0.0	0.5546345940719702	0.9061368526658236	0.8863188430424745	
0.4433060106607613	0.9043688857523032	0.057113776710807806	-0.7628798513215359	-0.9928885224677972	-0.9043688947454198	-0.6380274698505264	-0.2772986782740079	0.28756369641869284	0.5193891481077615	0.11586538016451176	-0.2896602577365961	-0.5546345940719702	0.0	0.5193891481077615	0.4806629280302486	
-0.08674326673166771	0.5511672862792756	-0.46973545359800684	-0.9877157018886338	-0.9102929517410738	-0.5511673038628301	-0.9451553221986134	-0.7359828736076429	-0.25171687881207777	0.0	-0.41687967266920195	-0.7446483404088677	-0.9061368526658236	-0.5193891481077615	0.0	-0.04471051085933725	
-0.042114538684887015	0.5879223269435783	-0.4297949489423549	-0.9797414348413486	-0.9278912167704342	-0.5879223439902372	-0.9296067514881735	-0.7049778569856573	-0.20819428481885427	0.04471051085933725	-0.37582264564931644	-0.7140613374461452	-0.8863188430424745	-0.4806629280302486	0.04471051085933725	0.0	
