0.0	-0.5653825285283463	0.354039785408407	0.41083409402301163	0.32063824014730086	0.5475500985471624	0.565496824690398	0.8059837432317989	0.95821078949165	0.9999999710424683	0.8403032716200364	0.9844953251225921	0.9389957678695839	0.5583483683771762	-0.8403032716200364	-0.5128180595815344	
0.5653825285283463	0.0	0.8207851283916712	0.8543327787652173	0.8000029736377755	0.9247318855231568	0.9327375908007827	0.9994698435992785	0.9520949477016266	0.824964867088493	0.3866031071718781	0.9112143371439536	0.9689620550113938	0.9295869039848516	-0.3866031071718781	0.06239226264704173	
-0.354039785408407	-0.8207851283916712	0.0	0.06144286247997527	-0.03547648007170082	0.2158345783050788	0.23687532000276942	0.5442109822900598	0.7948701140027259	0.9351451334841997	0.9778079790018142	0.8586275113803746	0.7564129103496127	0.22847060654086362	-0.9778079790018142	-0.7835452243404272	
-0.41083409402301163	-0.8543327787652173	-0.06144286247997527	0.0	-0.09681363580377034	0.15543213022625701	0.17673356621560118	0.49163536061133783	0.7560860118529421	0.9116112264669899	0.9888329821977854	0.8255096091258768	0.7147943121826719	0.1682211861197564	-0.9888329821977854	-0.8202413819702451	
-0.32063824014730086	-0.8000029736377755	0.03547648007170082	0.09681363580377034	0.0	0.2503390103680051	0.27119303120410204	0.5736313437229136	0.815896157388611	0.9471245400859787	0.9697600270062503	0.8762722602364545	0.7791417247844834	0.26286494288514095	-0.9697600270062503	-0.7610092215164116	
-0.5475500985471624	-0.9247318855231568	-0.2158345783050788	-0.15543213022625701	-0.2503390103680051	0.0	0.021600216800979663	0.3503098260527898	0.6451709581554163	0.836641106870067	0.9999790068106552	0.7277527999664033	0.5974080222986955	0.01295961267536755	-0.9999790068106552	-0.8991825446948501	
-0.565496824690398	-0.9327375908007827	-0.23687532000276942	-0.17673356621560118	-0.27119303120410204	-0.021600216800979663	0.0	0.3299965997234915	0.6285170404286752	0.8246143583263392	0.999605737840579	0.7127687240197484	0.5799466173704756	-0.008641813786240994	-0.999605737840579	-0.9084244417001182	
-0.8059837432317989	-0.9994698435992785	-0.5442109822900598	-0.49163536061133783	-0.5736313437229136	-0.3503098260527898	-0.3299965997234915	0.0	0.33663887446811536	0.5917436888565225	0.9343443303308938	0.44138160218054967	0.27862602955803917	-0.3381419949688732	-0.9343443303308938	-0.9954912060456207	
-0.95821078949165	-0.9520949477016266	-0.7948701140027259	-0.7560860118529421	-0.815896157388611	-0.6451709581554163	-0.6285170404286752	-0.33663887446811536	0.0	0.28583246807469354	0.7598417164069748	0.1135472223759269	-0.06094417050305334	-0.6352151374643354	-0.7598417164069748	-0.969319699873687	
-0.9999999710424683	-0.824964867088493	-0.9351451334841997	-0.9116112264669899	-0.9471245400859787	-0.836641106870067	-0.8246143583263392	-0.5917436888565225	-0.28583246807469354	0.0	0.542318811314082	-0.17517388798028294	-0.34370271154516746	-0.8294721996090878	-0.542318811314082	-0.8586207013986931	
-0.8403032716200364	-0.3866031071718781	-0.9778079790018142	-0.9888329821977854	-0.9697600270062503	-0.9999790068106552	-0.999605737840579	-0.9343443303308938	-0.7598417164069748	-0.542318811314082	0.0	-0.6811095453602396	-0.798049604745615	-0.999811055438912	-0.0	-0.44339091681286685	
-0.9844953251225921	-0.9112143371439536	-0.8586275113803746	-0.8255096091258768	-0.8762722602364545	-0.7277527999664033	-0.7127687240197484	-0.44138160218054967	-0.1135472223759269	0.17517388798028294	0.6811095453602396	0.0	-0.17388617832874442	-0.7188034691129975	-0.6811095453602396	-0.9351404269832547	
-0.9389957678695839	-0.9689620550113938	-0.7564129103496127	-0.7147943121826719	-0.7791417247844834	-0.5974080222986955	-0.5799466173704756	-0.27862602955803917	0.06094417050305334	0.34370271154516746	0.798049604745615	0.17388617832874442	0.0	-0.5869650537974117	-0.798049604745615	-0.9824981908768137	
-0.5583483683771762	-0.9295869039848516	-0.22847060654086362	-0.1682211861197564	-0.26286494288514095	-0.01295961267536755	0.008641813786240994	0.3381419949688732	0.6352151374643354	0.8294721996090878	0.999811055438912	0.7188034691129975	0.5869650537974117	0.0	-0.999811055438912	-0.9047778177613188	
0.8403032716200364	0.3866031071718781	0.9778079790018142	0.9888329821977854	0.9697600270062503	0.9999790068106552	0.999605737840579	0.9343443303308938	0.7598417164069748	0.542318811314082	0.0	0.6811095453602396	0.798049604745615	0.999811055438912	0.0	0.44339091681286685	
0.5128180595815344	-0.06239226264704173	0.7835452243404272	0.8202413819702451	0.7610092215164116	0.8991825446948501	0.9084244417001182	0.9954912060456207	0.969319699873687	0.8586207013986931	0.44339091681286685	0.9351404269832547	0.9824981908768137	0.9047778177613188	-0.44339091681286685	0.0	
