0.0	-0.3492932591231971	-0.5610133367808379	-0.22553508346469414	0.26860552096561796	0.7422765986229187	0.996589632493622	0.9113861250807175	0.9727775384425549	0.9654135070636294	0.28612683371470476	-0.23885421081473485	-0.2703236999323177	-0.9113861250807175	-0.7208962554351227	-0.7361400503353213	
0.3492932591231971	0.0	-0.23652972429982472	0.12896432630133253	0.5881438124552449	0.9295823441874744	0.9049951612169875	0.7102286048040096	0.8305600981964477	0.995674420345773	0.6027946138619509	0.11537350928086071	0.0829919494444677	-0.7102286048040096	-0.43341424722499267	-0.45336124090740937	
0.5610133367808379	0.23652972429982472	0.0	0.3598593870702549	0.7627497123245179	0.9903930421304358	0.7786903326844394	0.5235652443489243	0.6752620697731232	0.9454452086289632	0.7744160803500736	0.34704992118635924	0.3163507391406989	-0.5235652443489243	-0.20795643374149086	-0.2296714788543902	
0.22553508346469414	-0.12896432630133253	-0.3598593870702549	0.0	0.4789316412902302	0.8742814957862342	0.9523020015004909	0.7950848120631787	0.8954482595530896	0.9993419767482448	0.49486064612317093	-0.01369307369026046	-0.04622052438322327	-0.7950848120631787	-0.5460168879776537	-0.5645246961181287	
-0.26860552096561796	-0.5881438124552449	-0.7627497123245179	-0.4789316412902302	0.0	0.5350072865378906	0.9821298298720454	0.9884381585043648	0.9992751166664035	0.8599030367921813	0.0182361536293201	-0.49090723412760096	-0.518994577068966	-0.9884381585043648	-0.8805586834358307	-0.8908871708168388	
-0.7422765986229187	-0.9295823441874744	-0.9903930421304358	-0.8742814957862342	-0.5350072865378906	0.0	0.729059007228626	0.9161996953424676	0.8238678886605036	0.4533884488177221	-0.5195115510723534	-0.8808464097495787	-0.8957834497140469	-0.9161996953424676	-0.997497571791343	-0.9956772560277535	
-0.996589632493622	-0.9049951612169875	-0.7786903326844394	-0.9523020015004909	-0.9821298298720454	-0.729059007228626	0.0	0.3349436781114621	0.15067963904524267	-0.339497683085153	-0.9785343798207062	-0.9480341792698459	-0.9371797143166564	-0.3349436781114621	-0.6311930499380612	-0.6137767204751935	
-0.9113861250807175	-0.7102286048040096	-0.5235652443489243	-0.7950848120631787	-0.9884381585043648	-0.9161996953424676	-0.3349436781114621	0.0	-0.18914340286734319	-0.6349380007415306	-0.9910388374225509	-0.7867054438689868	-0.7662024057872873	-0.0	-0.3349432241167185	-0.31389262006613333	
-0.9727775384425549	-0.8305600981964477	-0.6752620697731232	-0.8954482595530896	-0.9992751166664035	-0.8238678886605036	-0.15067963904524267	0.18914340286734319	0.0	-0.4773518243832621	-0.9984147144085973	-0.8892686218117964	-0.8739154709655798	-0.18914340286734319	-0.5071154840114183	-0.4878105033157076	
-0.9654135070636294	-0.995674420345773	-0.9454452086289632	-0.9993419767482448	-0.8599030367921813	-0.4533884488177221	0.339497683085153	0.6349380007415306	0.4773518243832621	0.0	-0.85045126163886	-0.9997449506863127	-0.9999504229879085	-0.6349380007415306	-0.8570276838047934	-0.8453491289840311	
-0.28612683371470476	-0.6027946138619509	-0.7744160803500736	-0.49486064612317093	-0.0182361536293201	0.5195115510723534	0.9785343798207062	0.9910388374225509	0.9984147144085973	0.85045126163886	0.0	-0.506713153087304	-0.5344961265655096	-0.9910388374225509	-0.889055043500518	-0.8990223338081471	
0.23885421081473485	-0.11537350928086071	-0.34704992118635924	0.01369307369026046	0.49090723412760096	0.8808464097495787	0.9480341792698459	0.7867054438689868	0.8892686218117964	0.9997449506863127	0.506713153087304	0.0	-0.032537751638758605	-0.7867054438689868	-0.5344939929914931	-0.5531692848162145	
0.2703236999323177	-0.0829919494444677	-0.3163507391406989	0.04622052438322327	0.518994577068966	0.8957834497140469	0.9371797143166564	0.7662024057872873	0.8739154709655798	0.9999504229879085	0.5344961265655096	0.032537751638758605	0.0	-0.7662024057872873	-0.5067109767400141	-0.5257701976570387	
0.9113861250807175	0.7102286048040096	0.5235652443489243	0.7950848120631787	0.9884381585043648	0.9161996953424676	0.3349436781114621	0.0	0.18914340286734319	0.6349380007415306	0.9910388374225509	0.7867054438689868	0.7662024057872873	0.0	0.3349432241167185	0.31389262006613333	
0.7208962554351227	0.43341424722499267	0.20795643374149086	0.5460168879776537	0.8805586834358307	0.997497571791343	0.6311930499380612	0.3349432241167185	0.5071154840114183	0.8570276838047934	0.889055043500518	0.5344939929914931	0.5067109767400141	-0.3349432241167185	0.0	-0.0222530351167729	
0.7361400503353213	0.45336124090740937	0.2296714788543902	0.5645246961181287	0.8908871708168388	0.9956772560277535	0.6137767204751935	0.31389262006613333	0.4878105033157076	0.8453491289840311	0.8990223338081471	0.5531692848162145	0.5257701976570387	-0.31389262006613333	0.0222530351167729	0.0	
