0.0	0.31309998948151474	0.816446507788898	0.4707493077362027	-0.5031362409375384	0.2999989349549971	0.9996626154130187	0.4444142798863067	0.33931774443970203	0.2999989349549971	-0.42623771102672087	-0.9996626154130189	-0.7952371786854732	-0.3619968946596621	-0.3748559034129023	-0.3619968946596621	
-0.31309998948151474	0.0	0.5946051810763409	0.17084231766227703	-0.7484218710051596	-0.013763420039428431	0.9412672472439675	0.14158753916614225	0.027732568914044742	-0.013763420039428431	-0.6880403058845141	-0.9412672472439677	-0.9450848298220552	-0.6356610806138776	-0.6462779164209452	-0.6356610806138776	
-0.816446507788898	-0.5946051810763409	0.0	-0.44850325278726966	-0.9961003441830981	-0.6056148950437557	0.5560197774001467	-0.47477606662412475	-0.5720790030357787	-0.6056148950437557	-0.9846852889434882	-0.5560197774001469	-0.9541969731021227	-0.9700991712242413	-0.9733634488499238	-0.9700991712242413	
-0.4707493077362027	-0.17084231766227703	0.44850325278726966	0.0	-0.8507254075918246	-0.18438721091997468	0.8697420507369346	-0.02961523424772261	-0.14345175271439453	-0.18438721091997468	-0.8019005675427998	-0.8697420507369348	-0.9870261164960159	-0.7582006808008568	-0.7671467214983394	-0.7582006808008568	
0.5031362409375384	0.7484218710051596	0.9961003441830981	0.8507254075918246	0.0	0.739222763957714	0.876984061737184	0.8347861814594609	0.7665268883633358	0.739222763957714	0.08678501708566111	-0.8769840617371842	-0.3821988902620172	0.15617290020383356	0.14249596415907695	0.15617290020383356	
-0.2999989349549971	0.013763420039428431	0.6056148950437557	0.18438721091997468	-0.739222763957714	0.0	0.9458254810076862	0.1551988916984805	0.04148806840538549	0.0	-0.6779873994135113	-0.9458254810076864	-0.9404970795354968	-0.624975947187722	-0.6357138056560065	-0.624975947187722	
-0.9996626154130187	-0.9412672472439675	-0.5560197774001467	-0.8697420507369346	-0.876984061737184	-0.9458254810076862	0.0	-0.883975871765769	-0.9315409667053802	-0.9458254810076862	-0.9153771459239113	-0.0	-0.626749502626012	-0.9412673513774407	-0.9365068596137303	-0.9412673513774407	
-0.4444142798863067	-0.14158753916614225	0.47477606662412475	0.02961523424772261	-0.8347861814594609	-0.1551988916984805	0.883975871765769	0.0	-0.11407989775547267	-0.1551988916984805	-0.783854987905797	-0.8839758717657692	-0.9818381642312035	-0.7385583508803459	-0.7478128961749029	-0.7385583508803459	
-0.33931774443970203	-0.027732568914044742	0.5720790030357787	0.14345175271439453	-0.7665268883633358	-0.04148806840538549	0.9315409667053802	0.11407989775547267	0.0	-0.04148806840538549	-0.7079004325377293	-0.9315409667053804	-0.9537850301209447	-0.6568252544969404	-0.6671921262368609	-0.6568252544969404	
-0.2999989349549971	0.013763420039428431	0.6056148950437557	0.18438721091997468	-0.739222763957714	0.0	0.9458254810076862	0.1551988916984805	0.04148806840538549	0.0	-0.6779873994135113	-0.9458254810076864	-0.9404970795354968	-0.624975947187722	-0.6357138056560065	-0.624975947187722	
0.42623771102672087	0.6880403058845141	0.9846852889434882	0.8019005675427998	-0.08678501708566111	0.6779873994135113	0.9153771459239113	0.783854987905797	0.7079004325377293	0.6779873994135113	0.0	-0.9153771459239115	-0.4609531840708702	0.06986352792593853	0.056058926621551985	0.06986352792593853	
0.9996626154130189	0.9412672472439677	0.5560197774001469	0.8697420507369348	0.8769840617371842	0.9458254810076864	0.0	0.8839758717657692	0.9315409667053804	0.9458254810076864	0.9153771459239115	0.0	0.6267495026260121	0.9412673513774409	0.9365068596137305	0.9412673513774409	
0.7952371786854732	0.9450848298220552	0.9541969731021227	0.9870261164960159	0.3821988902620172	0.9404970795354968	0.626749502626012	0.9818381642312035	0.9537850301209447	0.9404970795354968	0.4609531840708702	-0.6267495026260121	0.0	0.5218254750904294	0.5099763800086938	0.5218254750904294	
0.3619968946596621	0.6356610806138776	0.9700991712242413	0.7582006808008568	-0.15617290020383356	0.624975947187722	0.9412673513774407	0.7385583508803459	0.6568252544969404	0.624975947187722	-0.06986352792593853	-0.9412673513774409	-0.5218254750904294	0.0	-0.013831714953454533	0.0	
0.3748559034129023	0.6462779164209452	0.9733634488499238	0.7671467214983394	-0.14249596415907695	0.6357138056560065	0.9365068596137303	0.7478128961749029	0.6671921262368609	0.6357138056560065	-0.056058926621551985	-0.9365068596137305	-0.5099763800086938	0.013831714953454533	0.0	0.013831714953454533	
0.3619968946596621	0.6356610806138776	0.9700991712242413	0.7582006808008568	-0.15617290020383356	0.624975947187722	0.9412673513774407	0.7385583508803459	0.6568252544969404	0.624975947187722	-0.06986352792593853	-0.9412673513774409	-0.5218254750904294	0.0	-0.013831714953454533	0.0	
