0.0	0.3177467526445591	0.8067435333958044	0.6856006474063187	0.14505972140119872	0.5411764592764329	0.6550339198952803	0.7887931675102309	0.903516876380244	0.7198615942990627	0.9738107660208463	0.536121348090553	0.0711030681028263	-0.7198615942990627	-0.3847390607303819	-0.27382813124379496	
-0.3177467526445591	0.0	0.5771774373971074	0.4187572187430413	-0.1768438229371453	0.24593420161419718	0.380997912443598	0.5526086370597703	0.7205215034851618	0.9031088345864505	0.9955865414963746	0.24011415267806782	-0.24952433180254818	-0.9031088345864505	-0.6580885140196395	-0.5652391973506476	
-0.8067435333958044	-0.5771774373971074	0.0	-0.18216880576200922	-0.7124944848662749	-0.3586158291259227	-0.22251430299039793	-0.02977268700475444	0.18815773177064518	0.9853423815391182	0.7588477296452287	-0.36421019227346474	-0.7626867174197882	-0.9853423815391182	-0.9719877398525321	-0.9377142196610879	
-0.6856006474063187	-0.4187572187430413	0.18216880576200922	0.0	-0.5727487172298497	-0.1825633168772195	-0.041189302288647964	0.15281354077194892	0.363924395943594	0.999930793683502	0.864790866156842	-0.18845909709312758	-0.6321039154567485	-0.999930793683502	-0.9129083140426216	-0.8587368736857117	
-0.14505972140119872	0.1768438229371453	0.7124944848662749	0.5727487172298497	0.0	0.41347034900519863	0.5384985122812448	0.6912878018637302	0.8317945812717547	0.8129360571325713	0.9964914586394442	0.4079998922649404	-0.07434156752707377	-0.8129360571325713	-0.5145634423421532	-0.4104471657512071	
-0.5411764592764329	-0.24593420161419718	0.3586158291259227	0.1825633168772195	-0.41347034900519863	0.0	0.1419113075207919	0.33066448926624037	0.5278529931625259	0.9809782551099042	0.9419281980843112	-0.005999900004115183	-0.48001551362832184	-0.9809782551099042	-0.823050168099313	-0.750756514878928	
-0.6550339198952803	-0.380997912443598	0.22251430299039793	0.041189302288647964	-0.5384985122812448	-0.1419113075207919	0.0	0.19338939271180158	0.4019804450406872	0.9985976337888818	0.884739445997689	-0.1478479304569034	-0.5996505710902603	-0.9985976337888818	-0.8953215654757373	-0.8369020250674548	
-0.7887931675102309	-0.5526086370597703	0.02977268700475444	-0.15281354077194892	-0.6912878018637302	-0.33066448926624037	-0.19338939271180158	0.0	0.2173152323402333	0.9899844486987475	0.777901329833789	-0.3363209333300129	-0.7430925906978576	-0.9899844486987475	-0.9645593320811175	-0.9269552687242666	
-0.903516876380244	-0.7205215034851618	-0.18815773177064518	-0.363924395943594	-0.8317945812717547	-0.5278529931625259	-0.4019804450406872	-0.2173152323402333	0.0	0.935645486718578	0.622752689834691	-0.5329394216146361	-0.8707586531732884	-0.935645486718578	-0.9988498999291101	-0.9863329666446825	
-0.7198615942990627	-0.9031088345864505	-0.9853423815391182	-0.999930793683502	-0.8129360571325713	-0.9809782551099042	-0.9985976337888818	-0.9899844486987475	-0.935645486718578	0.0	-0.512271454011167	-0.9797959114270892	-0.7673934989051431	-0.0	-0.3973963575867886	-0.5022785723293316	
-0.9738107660208463	-0.9955865414963746	-0.7588477296452287	-0.864790866156842	-0.9964914586394442	-0.9419281980843112	-0.884739445997689	-0.777901329833789	-0.622752689834691	0.512271454011167	0.0	-0.9439260962376599	-0.9875120225280651	-0.512271454011167	-0.8113777621647575	-0.8743328178664058	
-0.536121348090553	-0.24011415267806782	0.36421019227346474	0.18845909709312758	-0.4079998922649404	0.005999900004115183	0.1478479304569034	0.3363209333300129	0.5329394216146361	0.9797959114270892	0.9439260962376599	0.0	-0.47474340128486203	-0.9797959114270892	-0.8196275982748307	-0.7467795934634295	
-0.0711030681028263	0.24952433180254818	0.7626867174197882	0.6321039154567485	0.07434156752707377	0.48001551362832184	0.5996505710902603	0.7430925906978576	0.8707586531732884	0.7673934989051431	0.9875120225280651	0.47474340128486203	0.0	-0.7673934989051431	-0.4493952126612234	-0.341520477291388	
0.7198615942990627	0.9031088345864505	0.9853423815391182	0.999930793683502	0.8129360571325713	0.9809782551099042	0.9985976337888818	0.9899844486987475	0.935645486718578	0.0	0.512271454011167	0.9797959114270892	0.7673934989051431	0.0	0.3973963575867886	0.5022785723293316	
0.3847390607303819	0.6580885140196395	0.9719877398525321	0.9129083140426216	0.5145634423421532	0.823050168099313	0.8953215654757373	0.9645593320811175	0.9988498999291101	0.3973963575867886	0.8113777621647575	0.8196275982748307	0.4493952126612234	-0.3973963575867886	0.0	0.11728349567545882	
0.27382813124379496	0.5652391973506476	0.9377142196610879	0.8587368736857117	0.4104471657512071	0.750756514878928	0.8369020250674548	0.9269552687242666	0.9863329666446825	0.5022785723293316	0.8743328178664058	0.7467795934634295	0.341520477291388	-0.5022785723293316	-0.11728349567545882	0.0	
