0.0	0.026775485615726458	0.2728096945876523	0.34818685973544883	0.764162356716427	0.755654217149366	0.957622268982269	0.958650095910766	0.9566571548512758	0.9689289850021268	0.9405646970517032	0.8390985210026695	0.7368692529065762	0.40539487468028634	-0.3204360885528232	-0.755654217149366	
-0.026775485615726458	0.0	0.24695204641911833	0.32296201153785936	0.746617554008903	0.772920454586502	0.9649909995073467	0.9506864273182587	0.9485167019080067	0.9619589731707081	0.9311341338441363	0.8242323663577654	0.7185038919512992	0.38077294225836	-0.3456848213128864	-0.772920454586502	
-0.2728096945876523	-0.24695204641911833	0.0	0.07924077320545458	0.5592073776087408	0.9056731292961986	0.9998743334842625	0.844648393117827	0.8409225501991255	0.8646990881046622	0.8122370686299436	0.6588669755477226	0.5244893622552759	0.14063073322616543	-0.5667057893577839	-0.9056731292961986	
-0.34818685973544883	-0.32296201153785936	-0.07924077320545458	0.0	0.4917561487415072	0.936421481574082	0.9979864377054519	0.7995731129589763	0.7953966948263822	0.8221781798830387	0.7634596738127871	0.5971855503368286	0.45537316716124054	0.0617352330039968	-0.6302118626333812	-0.936421481574082	
-0.764162356716427	-0.746617554008903	-0.5592073776087408	-0.4917561487415072	0.0	0.9879190699363067	0.8377887364441134	0.40088128344682517	0.3945300371521405	0.43597518190927576	0.34716608957101125	0.12555000057335405	-0.04130240108124471	-0.4370632517929518	-0.9305571313122639	-0.9879190699363067	
-0.755654217149366	-0.772920454586502	-0.9056731292961986	-0.936421481574082	-0.9879190699363067	0.0	-0.40956572487274157	-0.842937463579753	-0.8466414952477952	-0.8215229805521373	-0.8726735558607479	-0.9606453872078661	-0.9934767315858327	-0.9562968006818914	-0.5059324037612393	-0.0	
-0.957622268982269	-0.9649909995073467	-0.9998743334842625	-0.9979864377054519	-0.8377887364441134	0.40956572487274157	0.0	-0.54864441386481	-0.554418620454236	-0.5159351853226609	-0.5961305561237425	-0.7626099455451533	-0.859624729720522	-0.9921671174014711	-0.814832712305642	-0.40956572487274157	
-0.958650095910766	-0.9506864273182587	-0.844648393117827	-0.7995731129589763	-0.40088128344682517	0.842937463579753	0.54864441386481	0.0	-0.0069222071112213235	0.03863335404587842	-0.05789866180370373	-0.2826891040208663	-0.4383775772926272	-0.7609717238803658	-0.9992926843746441	-0.842937463579753	
-0.9566571548512758	-0.9485167019080067	-0.8409225501991255	-0.7953966948263822	-0.3945300371521405	0.8466414952477952	0.554418620454236	0.0069222071112213235	0.0	0.045549467798944254	-0.05098667975398835	-0.27604246986440684	-0.43214545748025657	-0.7564624674828168	-0.9995290516902066	-0.8466414952477952	
-0.9689289850021268	-0.9619589731707081	-0.8646990881046622	-0.8221781798830387	-0.43597518190927576	0.8215229805521373	0.5159351853226609	-0.03863335404587842	-0.045549467798944254	0.0	-0.09642398300797872	-0.3195356242888033	-0.47277361539959195	-0.785468365328073	-0.9970938610556523	-0.8215229805521373	
-0.9405646970517032	-0.9311341338441363	-0.8122370686299436	-0.7634596738127871	-0.34716608957101125	0.8726735558607479	0.5961305561237425	0.05789866180370373	0.05098667975398835	0.09642398300797872	0.0	-0.22667781594412872	-0.38560339282261213	-0.7221313815576134	-0.9997936116149493	-0.8726735558607479	
-0.8390985210026695	-0.8242323663577654	-0.6588669755477226	-0.5971855503368286	-0.12555000057335405	0.9606453872078661	0.7626099455451533	0.2826891040208663	0.27604246986440684	0.3195356242888033	0.22667781594412872	0.0	-0.16641845501587682	-0.5465284323964792	-0.9691636273126523	-0.9606453872078661	
-0.7368692529065762	-0.7185038919512992	-0.5244893622552759	-0.45537316716124054	0.04130240108124471	0.9934767315858327	0.859624729720522	0.4383775772926272	0.43214545748025657	0.47277361539959195	0.38560339282261213	0.16641845501587682	0.0	-0.39954165162386335	-0.9146403402943807	-0.9934767315858327	
-0.40539487468028634	-0.38077294225836	-0.14063073322616543	-0.0617352330039968	0.4370632517929518	0.9562968006818914	0.9921671174014711	0.7609717238803658	0.7564624674828168	0.785468365328073	0.7221313815576134	0.5465284323964792	0.39954165162386335	0.0	-0.6769424402278634	-0.9562968006818914	
0.3204360885528232	0.3456848213128864	0.5667057893577839	0.6302118626333812	0.9305571313122639	0.5059324037612393	0.814832712305642	0.9992926843746441	0.9995290516902066	0.9970938610556523	0.9997936116149493	0.9691636273126523	0.9146403402943807	0.6769424402278634	0.0	-0.5059324037612393	
0.755654217149366	0.772920454586502	0.9056731292961986	0.936421481574082	0.9879190699363067	0.0	0.40956572487274157	0.842937463579753	0.8466414952477952	0.8215229805521373	0.8726735558607479	0.9606453872078661	0.9934767315858327	0.9562968006818914	0.5059324037612393	0.0	
