0.0	-0.7913130697477917	-0.9999573957973841	-0.4193302578587688	-0.04924416330993382	-0.3760783846546865	0.33793273572227034	0.5400991194941487	0.38698951273714455	0.9999573957973839	0.43601804207371625	-0.46878942080864716	-0.02461927987185899	0.018460696622948275	-0.34519763423651617	-0.3760783846546865	
0.7913130697477917	0.0	-0.6040807204569483	0.4619975131102219	0.7602445933909064	0.5032825507572583	0.9513761821039097	0.9961928365111821	0.9662669253467143	0.6040807204569482	0.9787189448796385	0.41235162219149646	0.7760207195865355	0.8024652957956177	0.5316133776544083	0.5032825507572583	
0.9999573957973841	0.6040807204569483	0.0	0.9039243526955335	0.9982896575669518	0.9230768936860712	0.944249536099959	0.8465510742809407	0.9256170315558625	0.0	0.9039243526955335	0.8789450496069727	0.9994270540947234	0.9999573957973841	0.9353036017917327	0.9230768936860712	
0.4193302578587688	-0.4619975131102219	-0.9039243526955335	0.0	0.3741159999951925	0.0471296693630649	0.7014479154773181	0.8432291523546791	0.7379799143674695	0.9039243526955333	0.7732031000472342	-0.0551842705414336	0.3968529452858594	0.43601804207371586	0.08017196809906307	0.0471296693630649	
0.04924416330993382	-0.7602445933909064	-0.9982896575669518	-0.3741159999951925	0.0	-0.3299930716266415	0.3838698878563645	0.5808878126661844	0.43192726633352885	0.9982896575669515	0.47980574209980076	-0.42472281178349924	0.02463982635553804	0.06767407101162616	-0.29856170474725463	-0.3299930716266415	
0.3760783846546865	-0.5032825507572583	-0.9230768936860712	-0.0471296693630649	0.3299930716266415	0.0	0.6670781605458715	0.8169573838664175	0.7053556864594666	0.9230768936860709	0.742456222035575	-0.10218080122807388	0.35315246947459583	0.3931197531825962	0.0331049182133642	0.0	
-0.33793273572227034	-0.9513761821039097	-0.944249536099959	-0.7014479154773181	-0.3838698878563645	-0.6670781605458715	0.0	0.22392056252697679	0.05262061403210028	0.9442495360999588	0.10624873120940709	-0.7397100130456373	-0.36100124231326935	-0.32050048881299	-0.6420497648932799	-0.6670781605458715	
-0.5400991194941487	-0.9961928365111821	-0.8465510742809407	-0.8432291523546791	-0.5808878126661844	-0.8169573838664175	-0.22392056252697679	0.0	-0.17232589779648722	0.8465510742809405	-0.11910227931443901	-0.8716087693701791	-0.5606550359994877	-0.5244705310924704	-0.7974180532498929	-0.8169573838664175	
-0.38698951273714455	-0.9662669253467143	-0.9256170315558625	-0.7379799143674695	-0.43192726633352885	-0.7053556864594666	-0.05262061403210028	0.17232589779648722	0.0	0.9256170315558623	0.0537787722098968	-0.7740949682826925	-0.4095732629767519	-0.36990124949672837	-0.6815025294926391	-0.7053556864594666	
-0.9999573957973839	-0.6040807204569482	-0.0	-0.9039243526955333	-0.9982896575669515	-0.9230768936860709	-0.9442495360999588	-0.8465510742809405	-0.9256170315558623	0.0	-0.9039243526955333	-0.8789450496069725	-0.9994270540947232	-0.9999573957973839	-0.9353036017917324	-0.9230768936860709	
-0.43601804207371625	-0.9787189448796385	-0.9039243526955335	-0.7732031000472342	-0.47980574209980076	-0.742456222035575	-0.10624873120940709	0.11910227931443901	-0.0537787722098968	0.9039243526955333	0.0	-0.8070204558380039	-0.4580417084456369	-0.4193302578587692	-0.7198724628692641	-0.742456222035575	
0.46878942080864716	-0.41235162219149646	-0.8789450496069727	0.0551842705414336	0.42472281178349924	0.10218080122807388	0.7397100130456373	0.8716087693701791	0.7740949682826925	0.8789450496069725	0.8070204558380039	0.0	0.44690087551674856	0.4850160500402833	0.13505643598772704	0.10218080122807388	
0.02461927987185899	-0.7760207195865355	-0.9994270540947234	-0.3968529452858594	-0.02463982635553804	-0.35315246947459583	0.36100124231326935	0.5606550359994877	0.4095732629767519	0.9994270540947232	0.4580417084456369	-0.44690087551674856	0.0	0.043070185600394696	-0.321987071530236	-0.35315246947459583	
-0.018460696622948275	-0.8024652957956177	-0.9999573957973841	-0.43601804207371586	-0.06767407101162616	-0.3931197531825962	0.32050048881299	0.5244705310924704	0.36990124949672837	0.9999573957973839	0.4193302578587692	-0.4850160500402833	-0.043070185600394696	0.0	-0.3624647259302173	-0.3931197531825962	
0.34519763423651617	-0.5316133776544083	-0.9353036017917327	-0.08017196809906307	0.29856170474725463	-0.0331049182133642	0.6420497648932799	0.7974180532498929	0.6815025294926391	0.9353036017917324	0.7198724628692641	-0.13505643598772704	0.321987071530236	0.3624647259302173	0.0	-0.0331049182133642	
0.3760783846546865	-0.5032825507572583	-0.9230768936860712	-0.0471296693630649	0.3299930716266415	0.0	0.6670781605458715	0.8169573838664175	0.7053556864594666	0.9230768936860709	0.742456222035575	-0.10218080122807388	0.35315246947459583	0.3931197531825962	0.0331049182133642	0.0	
