0.0	0.8283924446593043	0.9887145552904152	0.8409091386523849	0.625014384691333	0.88662495737665	0.9162955014882408	0.88662495737665	0.541176401545982	0.8094649998176382	0.9960578665072422	0.9566250051613255	0.3845001368321183	-0.04346458263677244	-0.5411763838251479	-0.5411763838251479	
-0.8283924446593043	0.0	0.42972380323372883	0.022727320810913304	-0.29655344850226606	0.1135188439939123	0.1814876794758554	0.1135188439939123	0.9997417030094351	0.9398259711597949	0.631423228124147	0.2945226591399393	-0.5493326782943652	-0.8519561935455853	-0.9997417025304942	-0.9997417025304942	
-0.9887145552904152	-0.42972380323372883	0.0	-0.40909093574190264	-0.6781692337285317	-0.3244429824318957	-0.25871128939371923	-0.3244429824318957	0.9124935852287446	0.7018089585045859	0.23692582280751973	-0.14472089443213162	-0.8551044621864259	-0.9942916893821364	-0.9124935938496929	-0.9124935938496929	
-0.8409091386523849	-0.022727320810913304	0.40909093574190264	0.0	-0.31818180993327816	0.09090911435031994	0.15909090824499653	0.09090911435031994	0.9999999999999963	0.9318183454371429	0.61363649497999	0.27272734520876796	-0.5681818205057664	-0.8636364563473552	-0.9999999999999979	-0.9999999999999979	
-0.625014384691333	0.29655344850226606	0.6781692337285317	0.31818180993327816	0.0	0.40304882211385173	0.4649523346250676	0.40304882211385173	0.9480297394626831	0.9988676183055849	0.8329783788771195	0.564673598606365	-0.2768204682047145	-0.6583527547572077	-0.9480297327575042	-0.9480297327575042	
-0.88662495737665	-0.1135188439939123	0.3244429824318957	-0.09090911435031994	-0.40304882211385173	0.0	0.06868085333310768	0.0	0.9958591856271694	0.8949666735469834	0.5393147391017019	0.18413516005394803	-0.640638476302483	-0.9058889653709429	-0.9958591875429372	-0.9958591875429372	
-0.9162955014882408	-0.1814876794758554	0.25871128939371923	-0.15909090824499653	-0.4649523346250676	-0.06868085333310768	0.0	-0.06868085333310768	0.9872639243473794	0.8622125777782321	0.4802048053599427	0.11619388366169908	-0.6918618140815348	-0.932837263727754	-0.9872639276999712	-0.9872639276999712	
-0.88662495737665	-0.1135188439939123	0.3244429824318957	-0.09090911435031994	-0.40304882211385173	0.0	0.06868085333310768	0.0	0.9958591856271694	0.8949666735469834	0.5393147391017019	0.18413516005394803	-0.640638476302483	-0.9058889653709429	-0.9958591875429372	-0.9958591875429372	
-0.541176401545982	-0.9997417030094351	-0.9124935852287446	-0.9999999999999963	-0.9480297394626831	-0.9958591856271694	-0.9872639243473794	-0.9958591856271694	0.0	-0.36292494243612866	-0.7895886080638154	-0.9620913422044396	-0.8229030915114435	-0.504115210036326	-2.1073424255447017e-08	-2.1073424255447017e-08	
-0.8094649998176382	-0.9398259711597949	-0.7018089585045859	-0.9318183454371429	-0.9988676183055849	-0.8949666735469834	-0.8622125777782321	-0.8949666735469834	0.36292494243612866	0.0	-0.5130491607247224	-0.7975148065916936	-0.9730035516876168	-0.783179012131356	-0.36292496207273256	-0.36292496207273256	
-0.9960578665072422	-0.631423228124147	-0.23692582280751973	-0.61363649497999	-0.8329783788771195	-0.5393147391017019	-0.4802048053599427	-0.5393147391017019	0.7895886080638154	0.5130491607247224	0.0	-0.375031954196597	-0.9535932615635963	-0.9912609979932705	-0.7895886209952387	-0.7895886209952387	
-0.9566250051613255	-0.2945226591399393	0.14472089443213162	-0.27272734520876796	-0.564673598606365	-0.18413516005394803	-0.11619388366169908	-0.18413516005394803	0.9620913422044396	0.7975148065916936	0.375031954196597	0.0	-0.7710709858185614	-0.9683831603764841	-0.9620913479517401	-0.9620913479517401	
-0.3845001368321183	0.5493326782943652	0.8551044621864259	0.5681818205057664	0.2768204682047145	0.640638476302483	0.6918618140815348	0.640638476302483	0.8229030915114435	0.9730035516876168	0.9535932615635963	0.7710709858185614	0.0	-0.4242600120871416	-0.8229030795379082	-0.8229030795379082	
0.04346458263677244	0.8519561935455853	0.9942916893821364	0.8636364563473552	0.6583527547572077	0.9058889653709429	0.932837263727754	0.9058889653709429	0.504115210036326	0.783179012131356	0.9912609979932705	0.9683831603764841	0.4242600120871416	0.0	-0.5041151918365493	-0.5041151918365493	
0.5411763838251479	0.9997417025304942	0.9124935938496929	0.9999999999999979	0.9480297327575042	0.9958591875429372	0.9872639276999712	0.9958591875429372	2.1073424255447017e-08	0.36292496207273256	0.7895886209952387	0.9620913479517401	0.8229030795379082	0.5041151918365493	0.0	0.0	
0.5411763838251479	0.9997417025304942	0.9124935938496929	0.9999999999999979	0.9480297327575042	0.9958591875429372	0.9872639276999712	0.9958591875429372	2.1073424255447017e-08	0.36292496207273256	0.7895886209952387	0.9620913479517401	0.8229030795379082	0.5041151918365493	0.0	0.0	
