0.0	0.43728749652510446	0.43728749652510446	0.2803634518277828	0.2803634518277828	0.37771550381590335	0.449080824159237	0.9219539935255023	0.9730085143063656	0.780672987240446	0.23076930901583326	-0.37285913264493864	-0.41687593914553833	-0.43169948811920067	-0.7003290188691321	-0.9730085143063658	
-0.43728749652510446	0.0	0.0	-0.16761265292916508	-0.16761265292916508	-0.06520620771286778	0.01315565867584026	0.6597721071251277	0.975960231751365	0.42879787510100353	-0.21794858431232136	-0.7410741382977833	-0.7723839342508341	-0.782677717565528	-0.9419657769612184	-0.9759602317513653	
-0.43728749652510446	0.0	0.0	-0.16761265292916508	-0.16761265292916508	-0.06520620771286778	0.01315565867584026	0.6597721071251277	0.975960231751365	0.42879787510100353	-0.21794858431232136	-0.7410741382977833	-0.7723839342508341	-0.782677717565528	-0.9419657769612184	-0.9759602317513653	
-0.2803634518277828	0.16761265292916508	0.16761265292916508	0.0	0.0	0.10297221057061637	0.1805676924719462	0.7763934317917257	0.998684209579131	0.5741529882659917	-0.0512819632351858	-0.6180510854131772	-0.6549967934630039	-0.6672784503465261	-0.8723706589825182	-0.9986842095791312	
-0.2803634518277828	0.16761265292916508	0.16761265292916508	0.0	0.0	0.10297221057061637	0.1805676924719462	0.7763934317917257	0.998684209579131	0.5741529882659917	-0.0512819632351858	-0.6180510854131772	-0.6549967934630039	-0.6672784503465261	-0.8723706589825182	-0.9986842095791312	
-0.37771550381590335	0.06520620771286778	0.06520620771286778	-0.10297221057061637	-0.10297221057061637	0.0	0.0783282257483933	0.707368218638791	0.9880948103113595	0.4867926297512354	-0.15384608150621507	-0.6957160311705909	-0.7293240453422725	-0.7404259154000209	-0.9180707902333706	-0.9880948103113597	
-0.449080824159237	-0.01315565867584026	-0.01315565867584026	-0.1805676924719462	-0.1805676924719462	-0.0783282257483933	0.0	0.6498289839738554	0.9730085143063658	0.41687593914553844	-0.23076912313177633	-0.749843020695182	-0.7806729872404459	-0.7907984245767568	-0.9463007316760892	-0.973008514306366	
-0.9219539935255023	-0.6597721071251277	-0.6597721071251277	-0.7763934317917257	-0.7763934317917257	-0.707368218638791	-0.6498289839738554	0.0	0.5896042249080021	-0.27381150696999945	-0.8076922476992975	-0.9998781331974619	-0.9994782366538251	-0.9988155844896078	-0.9293463924831351	-0.5896042249080022	
-0.9730085143063656	-0.975960231751365	-0.975960231751365	-0.998684209579131	-0.998684209579131	-0.9880948103113595	-0.9730085143063658	-0.5896042249080021	0.0	-0.7882269877333987	-0.9999999999999954	-0.8167984761227303	-0.7882269877333984	-0.7780477452042545	-0.5329387450193722	-0.0	
-0.780672987240446	-0.42879787510100353	-0.42879787510100353	-0.5741529882659917	-0.5741529882659917	-0.4867926297512354	-0.41687593914553844	0.27381150696999945	0.7882269877333987	0.0	-0.6153845327452516	-0.9573915578383847	-0.9701255117808524	-0.9739668570794813	-0.9949235806493055	-0.7882269877333989	
-0.23076930901583326	0.21794858431232136	0.21794858431232136	0.0512819632351858	0.0512819632351858	0.15384608150621507	0.23076912313177633	0.8076922476992975	0.9999999999999954	0.6153845327452516	0.0	-0.5769231659654476	-0.6153846833285488	-0.6282052208937311	-0.8461538750171536	-0.9999999999999957	
0.37285913264493864	0.7410741382977833	0.7410741382977833	0.6180510854131772	0.6180510854131772	0.6957160311705909	0.749843020695182	0.9998781331974619	0.8167984761227303	0.9573915578383847	0.5769231659654476	0.0	-0.04789886230946744	-0.06424329868282663	-0.38367248763712736	-0.8167984761227305	
0.41687593914553833	0.7723839342508341	0.7723839342508341	0.6549967934630039	0.6549967934630039	0.7293240453422725	0.7806729872404459	0.9994782366538251	0.7882269877333984	0.9701255117808524	0.6153846833285488	0.04789886230946744	0.0	-0.01636964364644844	-0.33899897922645444	-0.7882269877333986	
0.43169948811920067	0.782677717565528	0.782677717565528	0.6672784503465261	0.6672784503465261	0.7404259154000209	0.7907984245767568	0.9988155844896078	0.7780477452042545	0.9739668570794813	0.6282052208937311	0.06424329868282663	0.01636964364644844	0.0	-0.3235532125152178	-0.7780477452042547	
0.7003290188691321	0.9419657769612184	0.9419657769612184	0.8723706589825182	0.8723706589825182	0.9180707902333706	0.9463007316760892	0.9293463924831351	0.5329387450193722	0.9949235806493055	0.8461538750171536	0.38367248763712736	0.33899897922645444	0.3235532125152178	0.0	-0.5329387450193723	
0.9730085143063658	0.9759602317513653	0.9759602317513653	0.9986842095791312	0.9986842095791312	0.9880948103113597	0.973008514306366	0.5896042249080022	0.0	0.7882269877333989	0.9999999999999957	0.8167984761227305	0.7882269877333986	0.7780477452042547	0.5329387450193723	0.0	
