0.0	0.30857669688182393	0.5978795364826043	0.7970612968678759	0.6458777414496047	0.8395899666605149	0.9267773648885123	0.9267773648885123	0.8098896624033931	0.37830331759320807	-0.334431440255966	-0.14581989249528232	-0.18742944757284552	-0.6458777414496046	-0.47451099044374934	-0.334431440255966	
-0.30857669688182393	0.0	0.3213519457568859	0.5718153026560204	0.8499386202092032	0.9662427647054044	0.7656452938863748	0.7656452938863748	0.5893610007382452	0.0741981135738004	-0.6089198831490095	-0.44398217173754567	-0.4813909117834882	-0.849938620209203	-0.7229791075053362	-0.6089198831490095	
-0.5978795364826043	-0.3213519457568859	0.0	0.2778546479239762	0.9741721989738357	0.9977840516756062	0.5183215244207614	0.5183215244207614	0.2984906637841884	-0.25020351252590933	-0.8315292309383482	-0.708376073340619	-0.7375247704512689	-0.9741721989738354	-0.9066445601591069	-0.8315292309383482	
-0.7970612968678759	-0.5718153026560204	-0.2778546479239762	0.0	0.9985537008786277	0.9400072110546875	0.2602942876083308	0.2602942876083308	0.02154907098880194	-0.5093682802471915	-0.9531291879644687	-0.876602032377316	-0.896124175773193	-0.9985537008786275	-0.9881693028140751	-0.9531291879644687	
-0.6458777414496047	-0.8499386202092032	-0.9741721989738357	-0.9985537008786277	0.0	-0.2901231497700102	-0.9501385702495099	-0.9501385702495099	-0.9971632765496269	-0.8866894115003544	-0.3533695287692672	-0.5276491897947738	-0.4913402416077855	-0.0	-0.20627253199003337	-0.3533695287692672	
-0.8395899666605149	-0.9662427647054044	-0.9977840516756062	-0.9400072110546875	0.2901231497700102	0.0	-0.818803944372983	-0.818803944372983	-0.9324373695540007	-0.9826952418993544	-0.6095763771387568	-0.7514033400328359	-0.7228952614345008	-0.29012314977001014	-0.48128453955828776	-0.6095763771387568	
-0.9267773648885123	-0.7656452938863748	-0.5183215244207614	-0.2602942876083308	0.9501385702495099	0.818803944372983	0.0	0.0	-0.23942758510513845	-0.715805907676198	-0.9990297695470451	-0.9716427577523662	-0.9807536644609584	-0.9501385702495097	-0.9940269906709605	-0.9990297695470451	
-0.9267773648885123	-0.7656452938863748	-0.5183215244207614	-0.2602942876083308	0.9501385702495099	0.818803944372983	0.0	0.0	-0.23942758510513845	-0.715805907676198	-0.9990297695470451	-0.9716427577523662	-0.9807536644609584	-0.9501385702495097	-0.9940269906709605	-0.9990297695470451	
-0.8098896624033931	-0.5893610007382452	-0.2984906637841884	-0.02154907098880194	0.9971632765496269	0.9324373695540007	0.23942758510513845	0.23942758510513845	0.0	-0.5277940244089463	-0.9594278287321787	-0.8867682368052503	-0.9054796394623671	-0.9971632765496267	-0.9912447576367717	-0.9594278287321787	
-0.37830331759320807	-0.0741981135738004	0.25020351252590933	0.5093682802471915	0.8866894115003544	0.9826952418993544	0.715805907676198	0.715805907676198	0.5277940244089463	0.0	-0.6660977061261817	-0.5092424968047633	-0.5450990604557735	-0.8866894115003542	-0.7722474735353868	-0.6660977061261817	
0.334431440255966	0.6089198831490095	0.8315292309383482	0.9531291879644687	0.3533695287692672	0.6095763771387568	0.9990297695470451	0.9990297695470451	0.9594278287321787	0.6660977061261817	0.0	0.19343315890762086	0.15186739346390515	-0.35336952876926714	-0.1528055525009526	0.0	
0.14581989249528232	0.44398217173754567	0.708376073340619	0.876602032377316	0.5276491897947738	0.7514033400328359	0.9716427577523662	0.9716427577523662	0.8867682368052503	0.5092424968047633	-0.19343315890762086	0.0	-0.04219036080184663	-0.5276491897947737	-0.3410811165630369	-0.19343315890762086	
0.18742944757284552	0.4813909117834882	0.7375247704512689	0.896124175773193	0.4913402416077855	0.7228952614345008	0.9807536644609584	0.9807536644609584	0.9054796394623671	0.5450990604557735	-0.15186739346390515	0.04219036080184663	0.0	-0.4913402416077854	-0.3011170465997739	-0.15186739346390515	
0.6458777414496046	0.849938620209203	0.9741721989738354	0.9985537008786275	0.0	0.29012314977001014	0.9501385702495097	0.9501385702495097	0.9971632765496267	0.8866894115003542	0.35336952876926714	0.5276491897947737	0.4913402416077854	0.0	0.20627253199003331	0.35336952876926714	
0.47451099044374934	0.7229791075053362	0.9066445601591069	0.9881693028140751	0.20627253199003337	0.48128453955828776	0.9940269906709605	0.9940269906709605	0.9912447576367717	0.7722474735353868	0.1528055525009526	0.3410811165630369	0.3011170465997739	-0.20627253199003331	0.0	0.1528055525009526	
0.334431440255966	0.6089198831490095	0.8315292309383482	0.9531291879644687	0.3533695287692672	0.6095763771387568	0.9990297695470451	0.9990297695470451	0.9594278287321787	0.6660977061261817	0.0	0.19343315890762086	0.15186739346390515	-0.35336952876926714	-0.1528055525009526	0.0	
