0.0	0.7154829959453666	0.829064354621489	0.9996579788591115	0.8692367183647876	0.660377172567256	0.0	0.46948772794452714	0.9219547401795803	0.9706866264487384	0.5819836527026483	0.6631987397684403	0.564177087075465	0.6400075461428724	0.7545097152535408	0.7969956687232902	
-0.7154829959453666	0.0	0.17914474865167823	0.6796799141966327	0.9610069964611465	0.9986399653475629	0.7154829959453667	0.9597261196306786	0.9212102470751127	0.506185568984452	-0.17523979402332424	-0.0721678492667755	-0.19659014042344664	-0.10262611826495305	0.057559701740323155	0.12466418991205741	
-0.829064354621489	-0.17914474865167823	0.0	0.5372802906997576	0.8959226920977361	0.9918246831814619	0.8290643546214892	0.9945288134026586	0.8366086016809313	0.3434980310459644	-0.348777515794109	-0.24967799924115575	-0.36905872236053217	-0.2791647720875199	-0.12221919572422063	-0.05509977570322261	
-0.9996579788591115	-0.6796799141966327	-0.5372802906997576	0.0	0.5169592788272453	0.7679474040516626	0.9996579788591117	0.8949150405965568	0.4112760983343389	-0.21488108177149523	-0.7977023362906075	-0.73084340486226	-0.8106170794571567	-0.7513683694189902	-0.6363324998618872	-0.5829354407762694	
-0.8692367183647876	-0.9610069964611465	-0.8959226920977361	-0.5169592788272453	0.0	0.32625155942085043	0.8692367183647878	0.5353700837338331	-0.1191575259295457	-0.6888235769595843	-0.9945941826566522	-0.9784573181991307	-0.9966155736587057	-0.9843114705470248	-0.9434970681781125	-0.9190375259536716	
-0.660377172567256	-0.9986399653475629	-0.9918246831814619	-0.7679474040516626	-0.32625155942085043	0.0	0.6603771725672561	0.23051842446248294	-0.43656471677401293	-0.8876424286235668	-0.9740503945106024	-0.992273430358598	-0.9689027296286736	-0.9880165755436598	-0.9999852503283517	-0.9973491274919983	
-0.0	-0.7154829959453667	-0.8290643546214892	-0.9996579788591117	-0.8692367183647878	-0.6603771725672561	0.0	-0.46948772794452726	-0.9219547401795806	-0.9706866264487386	-0.5819836527026484	-0.6631987397684405	-0.5641770870754651	-0.6400075461428725	-0.754509715253541	-0.7969956687232904	
-0.46948772794452714	-0.9597261196306786	-0.9945288134026586	-0.8949150405965568	-0.5353700837338331	-0.23051842446248294	0.46948772794452726	0.0	-0.6321983079576738	-0.9698978181323719	-0.8956437107098079	-0.9369489931190647	-0.8857682831299146	-0.9258272602422709	-0.9743056251555274	-0.9872621113728631	
-0.9219547401795803	-0.9212102470751127	-0.8366086016809313	-0.4112760983343389	0.1191575259295457	0.43656471677401293	0.9219547401795806	0.6321983079576738	0.0	-0.597535210019557	-0.9751349329356463	-0.9468861866478084	-0.9797198949342997	-0.9562745023853234	-0.8972884680483664	-0.865521388476987	
-0.9706866264487384	-0.506185568984452	-0.3434980310459644	0.21488108177149523	0.6888235769595843	0.8876424286235668	0.9706866264487386	0.9698978181323719	0.597535210019557	0.0	-0.6494838500655237	-0.5671050184025194	-0.6658519108487407	-0.5920201972978173	-0.45570544466593776	-0.3947233487121302	
-0.5819836527026483	0.17523979402332424	0.348777515794109	0.7977023362906075	0.9945941826566522	0.9740503945106024	0.5819836527026484	0.8956437107098079	0.9751349329356463	0.6494838500655237	0.0	0.10373174827378395	-0.021727939818666997	0.07327646874353133	0.2316182683530747	0.29660785599856726	
-0.6631987397684403	0.0721678492667755	0.24967799924115575	0.73084340486226	0.9784573181991307	0.992273430358598	0.6631987397684405	0.9369489931190647	0.9468861866478084	0.5671050184025194	-0.10373174827378395	0.0	-0.12531798366700309	-0.03057171771371686	0.12945781462490202	0.19594399548990876	
-0.564177087075465	0.19659014042344664	0.36905872236053217	0.8106170794571567	0.9966155736587057	0.9689027296286736	0.5641770870754651	0.8857682831299146	0.9797198949342997	0.6658519108487407	0.021727939818666997	0.12531798366700309	0.0	0.09492869752686012	0.2527006745903746	0.31728800159456483	
-0.6400075461428724	0.10262611826495305	0.2791647720875199	0.7513683694189902	0.9843114705470248	0.9880165755436598	0.6400075461428725	0.9258272602422709	0.9562745023853234	0.5920201972978173	-0.07327646874353133	0.03057171771371686	-0.09492869752686012	0.0	0.1597117574907837	0.22583149417696935	
-0.7545097152535408	-0.057559701740323155	0.12221919572422063	0.6363324998618872	0.9434970681781125	0.9999852503283517	0.754509715253541	0.9743056251555274	0.8972884680483664	0.45570544466593776	-0.2316182683530747	-0.12945781462490202	-0.2527006745903746	-0.1597117574907837	0.0	0.06734682686504706	
-0.7969956687232902	-0.12466418991205741	0.05509977570322261	0.5829354407762694	0.9190375259536716	0.9973491274919983	0.7969956687232904	0.9872621113728631	0.865521388476987	0.3947233487121302	-0.29660785599856726	-0.19594399548990876	-0.31728800159456483	-0.22583149417696935	-0.06734682686504706	0.0	
