0.0	0.5699836656692817	0.6807841827297328	0.9102710850690297	0.8951028095293095	0.6294140746396958	0.7837954659101285	0.8714717067246261	0.7197170845601947	0.0	0.6214681442546601	0.9951146405142354	0.838704995302398	0.9500486325649421	0.9214339723682643	0.7761297317305206	
-0.5699836656692817	0.0	0.14186647547169995	0.5119492189087196	0.9895994176699496	0.960079123271377	0.9979809835704936	0.9955960613235882	0.9870809945125232	0.5699836656692817	0.9571807241406927	0.8739142299486163	0.3787218765517546	0.6027201966950615	0.5356431786183957	0.27829520935644864	
-0.6807841827297328	-0.14186647547169995	0.0	0.38490573194539585	0.9591828379389666	0.9900528013344794	0.996897634554631	0.9722268633437009	0.999827602681862	0.6807841827297328	0.988568683110941	0.796116810713486	0.2435924920814445	0.483421441857478	0.41042722386792607	0.13921835289218093	
-0.9102710850690297	-0.5119492189087196	-0.38490573194539585	0.0	0.776437252820077	0.9679298805213907	0.8897970008325755	0.8072390055818239	0.9299436467669377	0.9102710850690297	0.9704379943824998	0.5018576998707747	-0.14848634939806588	0.10923490587858214	0.027813244371282964	-0.252665008516977	
-0.8951028095293095	-0.9895994176699496	-0.9591828379389666	-0.776437252820077	0.0	0.4149271867224993	0.2064130126880287	0.0504451967457164	0.3005478471950786	0.8951028095293095	0.42417117597029225	-0.35531156145549436	-0.8614053152556926	-0.7029517795955051	-0.7586091223906983	-0.9104729451746478	
-0.6294140746396958	-0.960079123271377	-0.9900528013344794	-0.9679298805213907	-0.4149271867224993	0.0	-0.2181858778479434	-0.3685011187968805	-0.12228890228039596	0.6294140746396958	0.010183500020213121	-0.7111341950227621	-0.9945026695317951	-0.9346957034690948	-0.9605681666223398	-0.9999988860060693	
-0.7837954659101285	-0.9979809835704936	-0.996897634554631	-0.8897970008325755	-0.2064130126880287	0.2181858778479434	0.0	-0.1567913567883577	0.09720566988186757	0.7837954659101285	0.22811271551857826	-0.5406040475140834	-0.947695835846203	-0.8346223585658651	-0.8767600150536952	-0.9762318173087638	
-0.8714717067246261	-0.9955960613235882	-0.9722268633437009	-0.8072390055818239	-0.0504451967457164	0.3685011187968805	0.1567913567883577	0.0	0.25205224809232074	0.8714717067246261	0.37794887051689363	-0.40201273292295725	-0.8859306331349657	-0.7379353190102091	-0.7905106509754813	-0.9301763100409869	
-0.7197170845601947	-0.9870809945125232	-0.999827602681862	-0.9299436467669377	-0.3005478471950786	0.12228890228039596	-0.09720566988186757	-0.25205224809232074	0.0	0.7197170845601947	0.13238962944386684	-0.6198208274330862	-0.9742334552038097	-0.8842129286367559	-0.9193568982854888	-0.9926759744559136	
-0.0	-0.5699836656692817	-0.6807841827297328	-0.9102710850690297	-0.8951028095293095	-0.6294140746396958	-0.7837954659101285	-0.8714717067246261	-0.7197170845601947	0.0	-0.6214681442546601	-0.9951146405142354	-0.838704995302398	-0.9500486325649421	-0.9214339723682643	-0.7761297317305206	
-0.6214681442546601	-0.9571807241406927	-0.988568683110941	-0.9704379943824998	-0.42417117597029225	-0.010183500020213121	-0.22811271551857826	-0.37794887051689363	-0.13238962944386684	0.6214681442546601	0.0	-0.718256894266957	-0.9955174281501953	-0.9382669507108377	-0.9633498252548973	-0.9999318325411849	
-0.9951146405142354	-0.8739142299486163	-0.796116810713486	-0.5018576998707747	0.35531156145549436	0.7111341950227621	0.5406040475140834	0.40201273292295725	0.6198208274330862	0.9951146405142354	0.718256894266957	0.0	-0.6247276326172582	-0.40437181126272004	-0.477606478347596	-0.7041169840519468	
-0.838704995302398	-0.3787218765517546	-0.2435924920814445	0.14848634939806588	0.8614053152556926	0.9945026695317951	0.947695835846203	0.8859306331349657	0.9742334552038097	0.838704995302398	0.9955174281501953	0.6247276326172582	0.0	0.25562177931236973	0.1759338249725229	-0.106195545308369	
-0.9500486325649421	-0.6027201966950615	-0.483421441857478	-0.10923490587858214	0.7029517795955051	0.9346957034690948	0.8346223585658651	0.7379353190102091	0.8842129286367559	0.9500486325649421	0.9382669507108377	0.40437181126272004	-0.25562177931236973	0.0	-0.0815458380260583	-0.35684370223523393	
-0.9214339723682643	-0.5356431786183957	-0.41042722386792607	-0.027813244371282964	0.7586091223906983	0.9605681666223398	0.8767600150536952	0.7905106509754813	0.9193568982854888	0.9214339723682643	0.9633498252548973	0.477606478347596	-0.1759338249725229	0.0815458380260583	0.0	-0.27947807256714785	
-0.7761297317305206	-0.27829520935644864	-0.13921835289218093	0.252665008516977	0.9104729451746478	0.9999988860060693	0.9762318173087638	0.9301763100409869	0.9926759744559136	0.7761297317305206	0.9999318325411849	0.7041169840519468	0.106195545308369	0.35684370223523393	0.27947807256714785	0.0	
