0.0	0.33901602776303214	0.4120285701111872	0.7842400197772489	0.9848126393579826	0.9862022311983314	0.8925871998453142	0.9828536135386927	0.8585164612269548	0.0	0.49164781839883226	0.998476323721847	0.4770624099248563	0.5842486808850562	0.5766967707723513	0.36063959111371713	
-0.33901602776303214	0.0	0.07872693630292871	0.5274527350410672	0.8676325035425326	0.8716775037117643	0.6868749335840549	0.8621392698858892	0.9815183036246209	0.33901602776303214	0.7577458965130179	0.958054666954866	0.15086023950816468	0.27451299524421374	0.2655831810489828	0.023080700783206343	
-0.4120285701111872	-0.07872693630292871	0.0	0.45893046167642126	0.8257960537584124	0.8303895160138735	0.6275262043112808	0.819574692715811	0.9935377234076288	0.4120285701111872	0.8067672598550343	0.9325190748713152	0.07256608772992978	0.19795845248123317	0.1888591781838908	-0.055696900531952254	
-0.7842400197772489	-0.5274527350410672	-0.45893046167642126	0.0	0.47487433755707176	0.4820695932269291	0.20021841482032393	0.4652148528219855	0.934820339868684	0.7842400197772489	0.9879582171559591	0.6627879649884606	-0.3932475893967223	-0.27396783706770966	-0.28287550446405885	-0.5077032215675569	
-0.9848126393579826	-0.8676325035425326	-0.8257960537584124	-0.47487433755707176	0.0	0.008194043992109323	-0.28905580431304434	-0.010943705182303198	0.6540541638901629	0.9848126393579826	0.9429291909245852	0.22769965551092375	-0.7826939162014999	-0.6978114865665376	-0.7044244813082922	-0.8559255070407327	
-0.9862022311983314	-0.8716775037117643	-0.8303895160138735	-0.4820695932269291	-0.008194043992109323	0.0	-0.29689035888825266	-0.019136891081932117	0.647833840270079	0.9862022311983314	0.9401689733621651	0.21971321319288484	-0.7877676685617534	-0.7036573016091752	-0.7102167924477011	-0.860133905277898	
-0.8925871998453142	-0.6868749335840549	-0.6275262043112808	-0.20021841482032393	0.28905580431304434	0.29689035888825266	0.0	0.27856195143641316	0.8447896662376352	0.8925871998453142	0.9989313118555652	0.4994423864013757	-0.5693721729195697	-0.4609781701605828	-0.46918846071507186	-0.669917462634582	
-0.9828536135386927	-0.8621392698858892	-0.819574692715811	-0.4652148528219855	0.010943705182303198	0.019136891081932117	-0.27856195143641316	0.0	0.6622933372387471	0.9828536135386927	0.9465169049791077	0.23834224943718085	-0.7758356086531526	-0.6899309256092818	-0.6966146859440128	-0.8502152700828047	
-0.8585164612269548	-0.9815183036246209	-0.9935377234076288	-0.934820339868684	-0.6540541638901629	-0.647833840270079	-0.8447896662376352	-0.6622933372387471	0.0	0.8585164612269548	0.4954809776883114	-0.46463020103243396	-0.9991547909554462	-0.9963447779980782	-0.997094165810308	-0.9856737462700407	
-0.0	-0.33901602776303214	-0.4120285701111872	-0.7842400197772489	-0.9848126393579826	-0.9862022311983314	-0.8925871998453142	-0.9828536135386927	-0.8585164612269548	0.0	-0.49164781839883226	-0.998476323721847	-0.4770624099248563	-0.5842486808850562	-0.5766967707723513	-0.36063959111371713	
-0.49164781839883226	-0.7577458965130179	-0.8067672598550343	-0.9879582171559591	-0.9429291909245852	-0.9401689733621651	-0.9989313118555652	-0.9465169049791077	-0.4954809776883114	0.49164781839883226	0.0	-0.8423373137687178	-0.8475173806964991	-0.9077692499687962	-0.9038399217900228	-0.7726053420767904	
-0.998476323721847	-0.958054666954866	-0.9325190748713152	-0.6627879649884606	-0.22769965551092375	-0.21971321319288484	-0.4994423864013757	-0.23834224943718085	0.46463020103243396	0.998476323721847	0.8423373137687178	0.0	-0.9038554694278911	-0.8425780071923347	-0.8475366675021884	-0.9511848516898196	
-0.4770624099248563	-0.15086023950816468	-0.07256608772992978	0.3932475893967223	0.7826939162014999	0.7877676685617534	0.5693721729195697	0.7758356086531526	0.9991547909554462	0.4770624099248563	0.8475173806964991	0.9038554694278911	0.0	0.12630652131343179	0.11710106948744115	-0.12800350661734405	
-0.5842486808850562	-0.27451299524421374	-0.19795845248123317	0.27396783706770966	0.6978114865665376	0.7036573016091752	0.4609781701605828	0.6899309256092818	0.9963447779980782	0.5842486808850562	0.9077692499687962	0.8425780071923347	-0.12630652131343179	0.0	-0.00927429514175171	-0.25224584789707405	
-0.5766967707723513	-0.2655831810489828	-0.1888591781838908	0.28287550446405885	0.7044244813082922	0.7102167924477011	0.46918846071507186	0.6966146859440128	0.997094165810308	0.5766967707723513	0.9038399217900228	0.8475366675021884	-0.11710106948744115	0.00927429514175171	0.0	-0.24326060556934026	
-0.36063959111371713	-0.023080700783206343	0.055696900531952254	0.5077032215675569	0.8559255070407327	0.860133905277898	0.669917462634582	0.8502152700828047	0.9856737462700407	0.36063959111371713	0.7726053420767904	0.9511848516898196	0.12800350661734405	0.25224584789707405	0.24326060556934026	0.0	
