0.0	-0.5410403732471977	-0.8310413780161776	-0.9993465717973367	-0.8823632597597616	0.24962137409160784	0.9993465725590266	0.6939482823199749	0.5297963224031936	0.3592671197190612	0.20658413030098796	0.13469835600673283	0.24962137409160784	0.2734994338434911	-0.4868180631142159	-0.8979312095128259	
0.5410403732471977	0.0	-0.39797060091382663	-0.8208914210164615	-0.4874677523956286	0.7338436704591688	0.8208914330511634	0.9731706721546204	0.9044267322148771	0.807060121795329	0.7031060606753841	0.6493905449853182	0.7338436704591688	0.7504237739528365	0.06318825495699937	-0.5170258618773518	
0.8310413780161776	0.39797060091382663	0.0	-0.5258095256670262	-0.09971757866170722	0.9435755853757984	0.5258095435921303	0.9843518300084011	0.9995052195831421	0.9753848886881625	0.9280191348135285	0.898388459951568	0.9435755853757984	0.9514788518940654	0.45514409601122574	-0.13366777281594006	
0.9993465717973367	0.8208914210164615	0.5258095256670262	0.0	0.43836876999606034	0.9767332309098434	2.1073424255447027e-08	0.7446368207013276	0.8667199741851815	0.9456105215388035	0.9852564012262617	0.9951077898058182	0.9767332309098434	0.9711291670278821	0.8553367927018012	0.4073928949727609	
0.8823632597597616	0.4874677523956286	0.09971757866170722	-0.43836876999606034	0.0	0.9718947957361137	0.4383687889367532	0.9618739429744012	0.9976599230516463	0.992512002953591	0.960541726039555	0.9377068299570803	0.9718947957361137	0.9774209823108109	0.5416658648140671	-0.03417881044275756	
-0.24962137409160784	-0.7338436704591688	-0.9435755853757984	-0.9767332309098434	-0.9718947957361137	0.0	0.9767332263904811	0.4922467293877043	0.3013147303389579	0.1149386410104862	-0.04419234818971696	-0.11691220713326722	0.0	0.024737552790685874	-0.6894522326893809	-0.9793731756944354	
-0.9993465725590266	-0.8208914330511634	-0.5258095435921303	-2.1073424255447027e-08	-0.4383687889367532	-0.9767332263904811	0.0	-0.7446368066354524	-0.8667199636738623	-0.9456105146835978	-0.9852563976209308	-0.9951077877238658	-0.9767332263904811	-0.971129162000727	-0.85533680361936	-0.40739291421812873	
-0.6939482823199749	-0.9731706721546204	-0.9843518300084011	-0.7446368207013276	-0.9618739429744012	-0.4922467293877043	0.7446368066354524	0.0	-0.2070883055439341	-0.38893541272311105	-0.5302333066776224	-0.5906379253664219	-0.4922467293877043	-0.4705631477208513	-0.956687279327281	-0.9519642810650137	
-0.5297963224031936	-0.9044267322148771	-0.9995052195831421	-0.8667199741851815	-0.9976599230516463	-0.3013147303389579	0.8667199636738623	0.2070883055439341	0.0	-0.18972095703249608	-0.34315885558657233	-0.4107270724456842	-0.3013147303389579	-0.27763465334188664	-0.8756614081448562	-0.9947401635359608	
-0.3592671197190612	-0.807060121795329	-0.9753848886881625	-0.9456105215388035	-0.992512002953591	-0.1149386410104862	0.9456105146835978	0.38893541272311105	0.18972095703249608	0.0	-0.1587258181838616	-0.23028780332501325	-0.1149386410104862	-0.09032986051436998	-0.7681365905714368	-0.9961069556819775	
-0.20658413030098796	-0.7031060606753841	-0.9280191348135285	-0.9852564012262617	-0.960541726039555	0.04419234818971696	0.9852563976209308	0.5302333066776224	0.34315885558657233	0.1587258181838616	0.0	-0.07290870042356216	0.04419234818971696	0.0688922096584148	-0.6567687715885739	-0.9694868689944136	
-0.13469835600673283	-0.6493905449853182	-0.898388459951568	-0.9951077898058182	-0.9377068299570803	0.11691220713326722	0.9951077877238658	0.5906379253664219	0.4107270724456842	0.23028780332501325	0.07290870042356216	0.0	0.11691220713326722	0.14144433857622823	-0.6000409903379819	-0.9490336198301004	
-0.24962137409160784	-0.7338436704591688	-0.9435755853757984	-0.9767332309098434	-0.9718947957361137	0.0	0.9767332263904811	0.4922467293877043	0.3013147303389579	0.1149386410104862	-0.04419234818971696	-0.11691220713326722	0.0	0.024737552790685874	-0.6894522326893809	-0.9793731756944354	
-0.2734994338434911	-0.7504237739528365	-0.9514788518940654	-0.9711291670278821	-0.9774209823108109	-0.024737552790685874	0.971129162000727	0.4705631477208513	0.27763465334188664	0.09032986051436998	-0.0688922096584148	-0.14144433857622823	-0.024737552790685874	0.0	-0.7071594265887979	-0.9840719340245814	
0.4868180631142159	-0.06318825495699937	-0.45514409601122574	-0.8553367927018012	-0.5416658648140671	0.6894522326893809	0.85533680361936	0.956687279327281	0.8756614081448562	0.7681365905714368	0.6567687715885739	0.6000409903379819	0.6894522326893809	0.7071594265887979	0.0	-0.5700798870303738	
0.8979312095128259	0.5170258618773518	0.13366777281594006	-0.4073928949727609	0.03417881044275756	0.9793731756944354	0.40739291421812873	0.9519642810650137	0.9947401635359608	0.9961069556819775	0.9694868689944136	0.9490336198301004	0.9793731756944354	0.9840719340245814	0.5700798870303738	0.0	
