0.0	0.09042283558888164	0.2223670979207027	-0.04886034468488637	-0.2111056061321181	-0.6642739166322468	0.06661512682447196	0.7940909239149699	0.6642739166322468	0.999992598602288	0.0943342326011633	-0.26478709299474545	0.033910098833941305	0.021342002645138858	-0.2168382292261989	-0.04886034468488637	
-0.09042283558888164	0.0	0.13329724313979824	-0.13897502292364544	-0.2986258041232462	-0.7291427916569022	-0.02387974785487562	0.735878994763147	0.7291427916569022	0.9962439893243253	0.0039281866120500775	-0.350897747477023	-0.056599647346956605	-0.06914766592234256	-0.30422139861586844	-0.13897502292364544	
-0.2223670979207027	-0.13329724313979824	0.0	-0.2697385359217552	-0.4231758257651902	-0.8138595112011615	-0.15692587933419888	0.6390547824535313	0.8138595112011615	0.975811337904507	-0.12940308281893503	-0.47258774821512695	-0.18917811968223391	-0.20150878698014774	-0.4284856930231467	-0.2697385359217552	
0.04886034468488637	0.13897502292364544	0.2697385359217552	0.0	-0.16309427407595417	-0.6269579393024524	0.11528737647718429	0.8228397455077738	0.6269579393024524	0.9986102406270794	0.14286401772571988	-0.21735446914439877	0.0827018417693251	0.07016572812217614	-0.16888140458207224	0.0	
0.2111056061321181	0.2986258041232462	0.4231758257651902	0.16309427407595417	0.0	-0.4915041784895376	0.2757505258216157	0.9045044754354951	0.4915041784895376	0.9766438099179706	0.30237244467145086	-0.05524906250667316	0.24413007232591372	0.23191854681496998	-0.005868515521714357	0.16309427407595417	
0.6642739166322468	0.7291427916569022	0.8138595112011615	0.6269579393024524	0.4915041784895376	0.0	0.7125924856867197	0.9973194324945733	0.0	0.7449279579946158	0.7318254661072755	0.44263841774513085	0.6892393182145623	0.6800755346362916	0.4863849701189949	0.6269579393024524	
-0.06661512682447196	0.02387974785487562	0.15692587933419888	-0.11528737647718429	-0.2757505258216157	-0.7125924856867197	0.0	0.7518384394583821	0.7125924856867197	0.9980276577327185	0.027806630057286452	-0.32843635983248354	-0.03274203974104872	-0.04530535750697895	-0.2813867661308136	-0.11528737647718429	
-0.7940909239149699	-0.735878994763147	-0.6390547824535313	-0.8228397455077738	-0.9045044754354951	-0.9973194324945733	-0.7518384394583821	0.0	0.9973194324945733	0.6108496967334834	-0.7332134907122483	-0.9266846823457168	-0.7730237084695085	-0.7809384091053283	-0.906991611336589	-0.8228397455077738	
-0.6642739166322468	-0.7291427916569022	-0.8138595112011615	-0.6269579393024524	-0.4915041784895376	-0.0	-0.7125924856867197	-0.9973194324945733	0.0	-0.7449279579946158	-0.7318254661072755	-0.44263841774513085	-0.6892393182145623	-0.6800755346362916	-0.4863849701189949	-0.6269579393024524	
-0.999992598602288	-0.9962439893243253	-0.975811337904507	-0.9986102406270794	-0.9766438099179706	-0.7449279579946158	-0.9980276577327185	-0.6108496967334834	0.7449279579946158	0.0	-0.9958961593273208	-0.9632810111439531	-0.9995479569131915	-0.9998469457359764	-0.9753660549970453	-0.9986102406270794	
-0.0943342326011633	-0.0039281866120500775	0.12940308281893503	-0.14286401772571988	-0.30237244467145086	-0.7318254661072755	-0.027806630057286452	0.7332134907122483	0.7318254661072755	0.9958961593273208	0.0	-0.3545734482575592	-0.06052110021306728	-0.07306591666788143	-0.30796104732727	-0.14286401772571988	
0.26478709299474545	0.350897747477023	0.47258774821512695	0.21735446914439877	0.05524906250667316	-0.44263841774513085	0.32843635983248354	0.9266846823457168	0.44263841774513085	0.9632810111439531	0.3545734482575592	0.0	0.2973345528039102	0.28530702375970335	0.049388559149112166	0.21735446914439877	
-0.033910098833941305	0.056599647346956605	0.18917811968223391	-0.0827018417693251	-0.24413007232591372	-0.6892393182145623	0.03274203974104872	0.7730237084695085	0.6892393182145623	0.9995479569131915	0.06052110021306728	-0.2973345528039102	0.0	-0.012572646663495057	-0.24981681732156275	-0.0827018417693251	
-0.021342002645138858	0.06914766592234256	0.20150878698014774	-0.07016572812217614	-0.23191854681496998	-0.6800755346362916	0.04530535750697895	0.7809384091053283	0.6800755346362916	0.9998469457359764	0.07306591666788143	-0.28530702375970335	0.012572646663495057	0.0	-0.23762306487914675	-0.07016572812217614	
0.2168382292261989	0.30422139861586844	0.4284856930231467	0.16888140458207224	0.005868515521714357	-0.4863849701189949	0.2813867661308136	0.906991611336589	0.4863849701189949	0.9753660549970453	0.30796104732727	-0.049388559149112166	0.24981681732156275	0.23762306487914675	0.0	0.16888140458207224	
0.04886034468488637	0.13897502292364544	0.2697385359217552	0.0	-0.16309427407595417	-0.6269579393024524	0.11528737647718429	0.8228397455077738	0.6269579393024524	0.9986102406270794	0.14286401772571988	-0.21735446914439877	0.0827018417693251	0.07016572812217614	-0.16888140458207224	0.0	
