0.0	-0.10523235091204902	-0.6303159932401922	-0.6045983021803074	-0.34154005010197963	-0.35164231862825723	-0.37168835546515766	0.3431815926288864	0.8907235446786225	-0.1391247324601395	-0.9435300865508875	-0.9811508496845079	-0.9483547398536979	-0.9575680732424016	-0.9841466224893826	-0.890723551451877	
0.10523235091204902	0.0	-0.5451203211792254	-0.5174205872521626	-0.24073926700928033	-0.25117825426749874	-0.2719313671255988	0.4401176252658752	0.9336108328302625	-0.03414331278867089	-0.9034291946731646	-0.9553677115938966	-0.909708216691293	-0.921922611288001	-0.9973459780579779	-0.93361083816918	
0.6303159932401922	0.5451203211792254	0.0	0.03269288638290116	0.3272625890404422	0.3170669719217186	0.29660257208257396	0.8584614648666427	0.9780104097847064	0.5161781739072026	-0.5236835047596631	-0.6399009539747658	-0.5363008361261062	-0.5617355335634685	-0.8758219029231087	-0.9780104066769781	
0.6045983021803074	0.5174205872521626	-0.03269288638290116	0.0	0.296195047642786	0.2858914456614777	0.26522228234920003	0.8412351053260566	0.9843059093676383	0.48790140468205634	-0.5512550585775398	-0.6646819818679004	-0.5636078293273954	-0.5884826310410319	-0.8911324403262538	-0.9843059067380207	
0.34154005010197963	0.24073926700928033	-0.3272625890404422	-0.296195047642786	0.0	-0.010769687279780088	-0.03226641306006532	0.6433431367517239	0.9924073392035346	0.20745975135604722	-0.7736452741880024	-0.856151163821393	-0.7829870211550745	-0.8015525459094273	-0.9855415933248141	-0.9924073410362966	
0.35164231862825723	0.25117825426749874	-0.3170669719217186	-0.2858914456614777	0.010769687279780088	0.0	-0.021500462233258882	0.651550861404738	0.9936743982176315	0.21798309694025964	-0.7667765287316978	-0.8505365400933376	-0.7762424568278896	-0.7950666019020927	-0.9836596894547182	-0.9936743998910247	
0.37168835546515766	0.2719313671255988	-0.29660257208257396	-0.26522228234920003	0.03226641306006532	0.021500462233258882	0.0	0.6677106049746633	0.9958591911655205	0.2389161384347314	-0.752797828811905	-0.8390324924840756	-0.7625083863586182	-0.7818423067628033	-0.9795614087794551	-0.9958591925201716	
-0.3431815926288864	-0.4401176252658752	-0.8584614648666427	-0.8412351053260566	-0.6433431367517239	-0.651550861404738	-0.6677106049746633	0.0	0.6806374477554935	-0.47051966411970775	-0.9999201794157139	-0.9878822270788049	-0.9996215086961431	-0.9983214809224478	-0.8635129070475145	-0.6806374586723879	
-0.8907235446786225	-0.9336108328302625	-0.9780104097847064	-0.9843059093676383	-0.9924073392035346	-0.9936743982176315	-0.9958591911655205	-0.6806374477554935	0.0	-0.9452996524646917	-0.7239623043623005	-0.6181040982161139	-0.7136182974907062	-0.6919711426626565	-0.28936351548472494	-1.4901161193847663e-08	
0.1391247324601395	0.03414331278867089	-0.5161781739072026	-0.48790140468205634	-0.20745975135604722	-0.21798309694025964	-0.2389161384347314	0.47051966411970775	0.9452996524646917	0.0	-0.8882639352329812	-0.944724089705053	-0.8949998639224496	-0.908158846352388	-0.9992503778028146	-0.9452996573254985	
0.9435300865508875	0.9034291946731646	0.5236835047596631	0.5512550585775398	0.7736452741880024	0.7667765287316978	0.752797828811905	0.9999201794157139	0.7239623043623005	0.8882639352329812	0.0	-0.14271141426174094	-0.014878633107730188	-0.045297552761650706	-0.49337628545159523	-0.7239622940828899	
0.9811508496845079	0.9553677115938966	0.6399009539747658	0.6646819818679004	0.856151163821393	0.8505365400933376	0.8390324924840756	0.9878822270788049	0.6181040982161139	0.944724089705053	0.14271141426174094	0.0	0.1279692766045581	0.09773102407436352	-0.36419358560656845	-0.6181040865023666	
0.9483547398536979	0.909708216691293	0.5363008361261062	0.5636078293273954	0.7829870211550745	0.7762424568278896	0.7625083863586182	0.9996215086961431	0.7136182974907062	0.8949998639224496	0.014878633107730188	-0.1279692766045581	0.0	-0.030429177868390167	-0.4803799993024967	-0.7136182870519245	
0.9575680732424016	0.921922611288001	0.5617355335634685	0.5884826310410319	0.8015525459094273	0.7950666019020927	0.7818423067628033	0.9983214809224478	0.6919711426626565	0.908158846352388	0.045297552761650706	-0.09773102407436352	0.030429177868390167	0.0	-0.45346931866267326	-0.6919711319051328	
0.9841466224893826	0.9973459780579779	0.8758219029231087	0.8911324403262538	0.9855415933248141	0.9836596894547182	0.9795614087794551	0.8635129070475145	0.28936351548472494	0.9992503778028146	0.49337628545159523	0.36419358560656845	0.4803799993024967	0.45346931866267326	0.0	-0.2893635012210459	
0.890723551451877	0.93361083816918	0.9780104066769781	0.9843059067380207	0.9924073410362966	0.9936743998910247	0.9958591925201716	0.6806374586723879	1.4901161193847663e-08	0.9452996573254985	0.7239622940828899	0.6181040865023666	0.7136182870519245	0.6919711319051328	0.2893635012210459	0.0	
