0.0	-0.39788538431387815	-0.7352140606817124	-0.827944939070771	-0.968881576087812	-0.8426668084965477	0.03593127346246455	0.3424551784432336	0.07219965064696107	-0.08591683705785119	0.005112767629921439	0.968881576087812	0.28663234450033154	-0.8988339491075718	-0.8463091261033932	-0.9120595312375683	
0.39788538431387815	0.0	-0.40481056980177355	-0.5364479124697862	-0.9873724683642479	-0.5588565695350673	0.43059306772371325	0.6880073248196893	0.4630854789191282	0.3175910036207546	0.40257081648387627	0.9873724683642479	0.6441569574498494	-0.6502329262095473	-0.5644833275265957	-0.6735994449622856	
0.7352140606817124	0.40481056980177355	0.0	-0.14889510360770336	-0.8387255027231636	-0.17532379845088442	0.7590947806724158	0.9228868353017916	0.7822347488779735	0.6742580294462774	0.7386700640646758	0.8387255027231636	0.8986543959609615	-0.2870246344157449	-0.18201523028166122	-0.3167455997097685	
0.827944939070771	0.5364479124697862	0.14889510360770336	0.0	-0.748294737567886	-0.02678062202721032	0.8475609003859643	0.9699346401055529	0.8662744105366325	0.7767004876562954	0.8308014057199664	0.748294737567886	0.9539510245867209	-0.14119509545071363	-0.033578389003199816	-0.17198626170911752	
0.968881576087812	0.9873724683642479	0.8387255027231636	0.748294737567886	0.0	0.7302609853758347	0.9593620549716148	0.8255312191325153	0.9484817896867258	0.9865654962324144	0.9676033761099841	0.0	0.8572793475885371	0.6471340812225223	0.725597989201048	0.6230547502862752	
0.8426668084965477	0.5588565695350673	0.17532379845088442	0.02678062202721032	-0.7302609853758347	0.0	0.8614693362117154	0.9761042392986532	0.879342462159102	0.7932902255157339	0.8454086895448121	0.7302609853758347	0.9616420552860109	-0.1146321255481832	-0.006800825520774101	-0.14554300292303118	
-0.03593127346246455	-0.43059306772371325	-0.7590947806724158	-0.8475609003859643	-0.9593620549716148	-0.8614693362117154	0.0	0.3084753834904501	0.036315528669223884	-0.12165976823111477	-0.030821337702340135	0.9593620549716148	0.2520236346687557	-0.9140018326172803	-0.8649029384140453	-0.9262044804099082	
-0.3424551784432336	-0.6880073248196893	-0.9228868353017916	-0.9699346401055529	-0.8255312191325153	-0.9761042392986532	-0.3084753834904501	0.0	-0.2737274001933971	-0.4219106900031893	-0.33764708258184506	0.8255312191325153	-0.05878510290797345	-0.9945796543651975	-0.9775595045675248	-0.9973375139766232	
-0.07219965064696107	-0.4630854789191282	-0.7822347488779735	-0.8662744105366325	-0.9484817896867258	-0.879342462159102	-0.036315528669223884	0.2737274001933971	0.0	-0.15762529014313534	-0.0670992826497803	0.9484817896867258	0.21671409063103025	-0.928132508100499	-0.8825606111099268	-0.939285268967859	
0.08591683705785119	-0.3175910036207546	-0.6742580294462774	-0.7767004876562954	-0.9865654962324144	-0.7932902255157339	0.12165976823111477	0.4219106900031893	0.15762529014313534	0.0	0.09100957631153361	0.9865654962324144	0.36788429051080507	-0.8578539092227973	-0.7974125195693698	-0.8734561492928304	
-0.005112767629921439	-0.40257081648387627	-0.7386700640646758	-0.8308014057199664	-0.9676033761099841	-0.8454086895448121	0.030821337702340135	0.33764708258184506	0.0670992826497803	-0.09100957631153361	0.0	0.9676033761099841	0.2817303588792267	-0.9010630725651505	-0.8490215954806251	-0.9141441406843516	
-0.968881576087812	-0.9873724683642479	-0.8387255027231636	-0.748294737567886	-0.0	-0.7302609853758347	-0.9593620549716148	-0.8255312191325153	-0.9484817896867258	-0.9865654962324144	-0.9676033761099841	0.0	-0.8572793475885371	-0.6471340812225223	-0.725597989201048	-0.6230547502862752	
-0.28663234450033154	-0.6441569574498494	-0.8986543959609615	-0.9539510245867209	-0.8572793475885371	-0.9616420552860109	-0.2520236346687557	0.05878510290797345	-0.21671409063103025	-0.36788429051080507	-0.2817303588792267	0.8572793475885371	0.0	-0.9867473631283075	-0.9634853333292809	-0.9913259447105256	
0.8988339491075718	0.6502329262095473	0.2870246344157449	0.14119509545071363	-0.6471340812225223	0.1146321255481832	0.9140018326172803	0.9945796543651975	0.928132508100499	0.8578539092227973	0.9010630725651505	0.6471340812225223	0.9867473631283075	0.0	0.10787348002730884	-0.031172070770067062	
0.8463091261033932	0.5644833275265957	0.18201523028166122	0.033578389003199816	-0.725597989201048	0.006800825520774101	0.8649029384140453	0.9775595045675248	0.8825606111099268	0.7974125195693698	0.8490215954806251	0.725597989201048	0.9634853333292809	-0.10787348002730884	0.0	-0.13881122728263667	
0.9120595312375683	0.6735994449622856	0.3167455997097685	0.17198626170911752	-0.6230547502862752	0.14554300292303118	0.9262044804099082	0.9973375139766232	0.939285268967859	0.8734561492928304	0.9141441406843516	0.6230547502862752	0.9913259447105256	0.031172070770067062	0.13881122728263667	0.0	
