0.0	0.9176443612097301	0.23899051195676085	-0.016921014746811236	-0.20584450270891178	-0.7293485097012562	-0.9715436612042272	-0.9176443695843635	-0.9533317921653103	-0.9986895882849551	-0.9254664977406415	-0.8749037455768841	-0.98768152900789	-0.4328532091924457	-0.13207091602428056	-0.13741718887325183	
-0.9176443612097301	0.0	-0.7960773226857708	-0.9242374367504617	-0.9797958844724927	-0.9176443612097301	-0.6034477137154644	-2.1073424255447017e-08	-0.10179708046103732	-0.4438443118422939	-0.7154135122482219	-0.7921012938450566	-0.5360978714285742	-0.9992407318875451	-0.9620913698829151	-0.9635488549179898	
-0.23899051195676085	0.7960773226857708	0.0	-0.2553869714694435	-0.433751982221718	-0.8717169073354725	-0.9999975954890206	-0.7960773354392999	-0.853548923986969	-0.9819803303366859	-0.9891848865208379	-0.9652930509554892	-0.9964570270175148	-0.6357513897896471	-0.36514077177899723	-0.37015837104216776	
0.016921014746811236	0.9242374367504617	0.2553869714694435	0.0	-0.18925638546275703	-0.7176677056757761	-0.9673966440436207	-0.924237444796679	-0.9583041745111769	-0.9976806350479448	-0.918923819210056	-0.8665836909768667	-0.9848923645282339	-0.41753754459761083	-0.11527921612087405	-0.12063702530726583	
0.20584450270891178	0.9797958844724927	0.433751982221718	0.18925638546275703	0.0	-0.5729023608465544	-0.9019813353416088	-0.9797958886871786	-0.9950654476772185	-0.9667678180316425	-0.8276674048781018	-0.7564775872256708	-0.9343200195919401	-0.23802203842635286	0.07479878100541673	0.06941734887202639	
0.7293485097012562	0.9176443612097301	0.8717169073354725	0.7176677056757761	0.5729023608465544	0.0	-0.49192028063793747	-0.9176443528350964	-0.8724229433076564	-0.6459198214062045	-0.35685211831971636	-0.2453375185946537	-0.561588153285526	0.3613485201945292	0.6326043072784524	0.6284164511137423	
0.9715436612042272	0.6034477137154644	0.9999975954890206	0.9673966440436207	0.9019813353416088	0.49192028063793747	0.0	-0.6034476969114616	-0.5191396605057174	-0.18682926444842823	0.14884287045877437	0.26328536009185555	-0.08191808827571989	0.7732861984629498	0.931750812982397	0.9297781688328732	
0.9176443695843635	2.1073424255447017e-08	0.7960773354392999	0.924237444796679	0.9797958886871786	0.9176443528350964	0.6034476969114616	0.0	0.10179705949708559	0.4438442929583158	0.7154134975241929	0.792101280982056	0.53609785363932	0.9992407310665031	0.9620913756302136	0.9635488605558141	
0.9533317921653103	0.10179708046103732	0.853548923986969	0.9583041745111769	0.9950654476772185	0.8724229433076564	0.5191396605057174	-0.10179705949708559	0.0	0.35031786001818715	0.6405713183498012	0.7258505878851939	0.44738034234254404	0.9900837439606929	0.9848563282411074	0.985777416942676	
0.9986895882849551	0.4438443118422939	0.9819803303366859	0.9976806350479448	0.9667678180316425	0.6459198214062045	0.18682926444842823	-0.4438442929583158	-0.35031786001818715	0.0	0.330970251675162	0.4388870908718357	0.10572563624506193	0.8781309126133341	0.9831823170082075	0.982182651230549	
0.9254664977406415	0.7154135122482219	0.9891848865208379	0.918923819210056	0.8276674048781018	0.35685211831971636	-0.14884287045877437	-0.7154134975241929	-0.6405713183498012	-0.330970251675162	0.0	0.1167611912605035	-0.2293482105154157	0.6702975704581247	0.8673273071106056	0.864629156966539	
0.8749037455768841	0.7921012938450566	0.9652930509554892	0.8665836909768667	0.7564775872256708	0.2453375185946537	-0.26328536009185555	-0.792101280982056	-0.7258505878851939	-0.4388870908718357	-0.1167611912605035	0.0	-0.34142832950264396	0.579065152554925	0.8032782969034686	0.8000530490299808	
0.98768152900789	0.5360978714285742	0.9964570270175148	0.9848923645282339	0.9343200195919401	0.561588153285526	0.08191808827571989	-0.53609785363932	-0.44738034234254404	-0.10572563624506193	0.2293482105154157	0.34142832950264396	0.0	0.8226279828422836	0.9583635833970068	0.9568089566736643	
0.4328532091924457	0.9992407318875451	0.6357513897896471	0.41753754459761083	0.23802203842635286	-0.3613485201945292	-0.7732861984629498	-0.9992407310665031	-0.9900837439606929	-0.8781309126133341	-0.6702975704581247	-0.579065152554925	-0.8226279828422836	0.0	0.3100043003871281	0.3048701365227269	
0.13207091602428056	0.9620913698829151	0.36514077177899723	0.11527921612087405	-0.07479878100541673	-0.6326043072784524	-0.931750812982397	-0.9620913756302136	-0.9848563282411074	-0.9831823170082075	-0.8673273071106056	-0.8032782969034686	-0.9583635833970068	-0.3100043003871281	0.0	-0.0053954579733194175	
0.13741718887325183	0.9635488549179898	0.37015837104216776	0.12063702530726583	-0.06941734887202639	-0.6284164511137423	-0.9297781688328732	-0.9635488605558141	-0.985777416942676	-0.982182651230549	-0.864629156966539	-0.8000530490299808	-0.9568089566736643	-0.3048701365227269	0.0053954579733194175	0.0	
