0.0	-0.1266390324324816	-0.023408099952006045	0.17299872061801566	0.5262023748443857	0.8358231076844799	0.8960107101361388	0.8496010532412824	0.9150464273037299	0.9689526563962615	0.29917914630164083	-0.2315452209045759	-0.4887019410228197	-0.4284020668051908	-0.5957591288752158	-0.9150464273037296	
0.1266390324324816	0.0	0.10338469420245133	0.296335460282965	0.6296545377585103	0.8986184676195199	0.9450286475714027	0.9095535045689765	0.8565995996986547	0.992462526548235	0.41760899507358157	-0.10648351158785113	-0.37428101067264447	-0.31052340719734806	-0.4892507877378019	-0.8565995996986545	
0.023408099952006045	-0.10338469420245133	0.0	0.1960064715068813	0.5459634888148599	0.848445106064312	0.9061591525550295	0.8617142940369519	0.9053540753919155	0.9744747233759614	0.3214331069008082	-0.20870981112272302	-0.4681456174924595	-0.40713339825108624	-0.5767953631278051	-0.9053540753919153	
-0.17299872061801566	-0.296335460282965	-0.1960064715068813	0.0	0.3711572378998548	0.7282445099072418	0.8056836606346559	0.7455468091594905	0.9710281816242089	0.9115695362957503	0.12959328450970564	-0.3963513253169193	-0.6322661907487325	-0.5782622472644422	-0.7257225009360274	-0.9710281816242087	
-0.5262023748443857	-0.6296545377585103	-0.5459634888148599	-0.3711572378998548	0.0	0.42186551610793677	0.5282801801653326	0.44493347132603134	0.990361258691641	0.6938563638045511	-0.24769091558934903	-0.7087990221926475	-0.8746579626653685	-0.839765978895154	-0.9292357201793957	-0.9903612586916408	
-0.8358231076844799	-0.8986184676195199	-0.848445106064312	-0.7282445099072418	-0.42186551610793677	0.0	0.12077627217642006	0.025595266287176177	0.839487453441055	0.3252996907466048	-0.6332908624270779	-0.9402269563679881	-0.9975113474138704	-0.9904321533088742	-0.9983734018459565	-0.8394874534410548	
-0.8960107101361388	-0.9450286475714027	-0.9061591525550295	-0.8056836606346559	-0.5282801801653326	-0.12077627217642006	0.0	-0.09532880174404573	0.7677148993016737	0.20871104849114097	-0.7221254495360218	-0.974474439334079	-0.9987247833283878	-0.999849136406046	-0.9841791720108035	-0.7677148993016735	
-0.8496010532412824	-0.9095535045689765	-0.8617142940369519	-0.7455468091594905	-0.44493347132603134	-0.025595266287176177	0.09532880174404573	0.0	0.8253044948295382	0.3009899538602112	-0.6528919201038488	-0.9486353554235856	-0.9989891729370773	-0.9936398359913601	-0.9965870439948076	-0.8253044948295379	
-0.9150464273037299	-0.8565995996986547	-0.9053540753919155	-0.9710281816242089	-0.990361258691641	-0.839487453441055	-0.7677148993016737	-0.8253044948295382	0.0	-0.6170675032318579	-0.9938079877458894	-0.7967858310002127	-0.6012157860497199	-0.6540298278845991	-0.49463301111144203	-0.0	
-0.9689526563962615	-0.992462526548235	-0.9744747233759614	-0.9115695362957503	-0.6938563638045511	-0.3252996907466048	-0.20871104849114097	-0.3009899538602112	0.6170675032318579	0.0	-0.8506007319653277	-0.9998692433249885	-0.966193291565407	-0.9814550453798139	-0.9255263372108871	-0.6170675032318578	
-0.29917914630164083	-0.41760899507358157	-0.3214331069008082	-0.12959328450970564	0.24769091558934903	0.6332908624270779	0.7221254495360218	0.6528919201038488	0.9938079877458894	0.8506007319653277	0.0	-0.5119884420987253	-0.727336994462588	-0.6791147017001605	-0.8087612179704281	-0.9938079877458892	
0.2315452209045759	0.10648351158785113	0.20870981112272302	0.3963513253169193	0.7087990221926475	0.9402269563679881	0.974474439334079	0.9486353554235856	0.7967858310002127	0.9998692433249885	0.5119884420987253	0.0	-0.2734092311952616	-0.2075383392134984	-0.3936002720797018	-0.7967858310002125	
0.4887019410228197	0.37428101067264447	0.4681456174924595	0.6322661907487325	0.8746579626653685	0.9975113474138704	0.9987247833283878	0.9989891729370773	0.6012157860497199	0.966193291565407	0.727336994462588	0.2734092311952616	0.0	0.06782558696753016	-0.12726313863879168	-0.6012157860497198	
0.4284020668051908	0.31052340719734806	0.40713339825108624	0.5782622472644422	0.839765978895154	0.9904321533088742	0.999849136406046	0.9936398359913601	0.6540298278845991	0.9814550453798139	0.6791147017001605	0.2075383392134984	-0.06782558696753016	0.0	-0.1942441726945529	-0.654029827884599	
0.5957591288752158	0.4892507877378019	0.5767953631278051	0.7257225009360274	0.9292357201793957	0.9983734018459565	0.9841791720108035	0.9965870439948076	0.49463301111144203	0.9255263372108871	0.8087612179704281	0.3936002720797018	0.12726313863879168	0.1942441726945529	0.0	-0.4946330111114419	
0.9150464273037296	0.8565995996986545	0.9053540753919153	0.9710281816242087	0.9903612586916408	0.8394874534410548	0.7677148993016735	0.8253044948295379	0.0	0.6170675032318578	0.9938079877458892	0.7967858310002125	0.6012157860497198	0.654029827884599	0.4946330111114419	0.0	
