0.0	0.040786734552825055	-0.07665575729251489	0.8611767071236188	0.957017502923266	0.34448656944788003	-0.6421193888108301	-0.9570174942796931	-0.8216745021971849	-0.26667883367440326	-0.1585167469311864	0.12393691398880854	0.4367760056677976	0.1542164447367218	0.12089386669054397	0.4559718568033695	
-0.040786734552825055	0.0	-0.11725869453987192	0.8397279709575094	0.9680505281901595	0.30590968418682335	-0.6728523655631027	-0.9680505207170714	-0.8442374522014473	-0.30576658497304293	-0.19865588002992382	0.08336151009181919	0.39972201844958566	0.11378931091089306	0.08030568612874231	0.4192924742338363	
0.07665575729251489	0.11725869453987192	0.0	0.8976073547783069	0.9319691101900583	0.41543671248250663	-0.5814653686404508	-0.9319690993855928	-0.7755663349358443	-0.19201445906580894	-0.08236378617666712	0.19963699334513316	0.5044480865108854	0.2295014123922308	0.19663167176400587	0.5228533926543621	
-0.8611767071236188	-0.8397279709575094	-0.8976073547783069	0.0	0.7362246726717901	-0.6333606689177194	-0.9865750106878456	-0.7362246928401299	-0.9084955441019883	-0.9655439526739391	-0.9308632026530923	-0.7915392811606254	-0.5526732560541134	-0.7724854293038118	-0.7934093128169658	-0.5346691781997802	
-0.957017502923266	-0.9680505281901595	-0.9319691101900583	-0.7362246726717901	0.0	-0.9983511520192844	-0.5474200735248657	-2.9802322387695312e-08	-0.30714845562183896	-0.8450146404340467	-0.8989426110112853	-0.9855844372408743	-0.9875827390707177	-0.9902962087680133	-0.9850610679123464	-0.9839856162200615	
-0.34448656944788003	-0.30590968418682335	-0.41543671248250663	0.6333606689177194	0.9983511520192844	0.0	-0.8669010673206244	-0.9983511537299936	-0.9677233705892528	-0.5823668989667847	-0.4889451150909784	-0.22547972233396882	0.100151604658896	-0.19558845879072523	-0.22846580781579504	0.12147134075940702	
0.6421193888108301	0.6728523655631027	0.5814653686404508	0.9865750106878456	0.5474200735248657	0.8669010673206244	0.0	-0.5474200485845544	-0.2639190370465527	0.41442809196557284	0.5124809412580936	0.7321793268048074	0.9124660471531572	0.7526608151178956	0.7300875251784029	0.9210326740838285	
0.9570174942796931	0.9680505207170714	0.9319690993855928	0.7362246928401299	2.9802322387695312e-08	0.9983511537299936	0.5474200485845544	0.0	0.3071484272601126	0.845014624497458	0.8989425979558885	0.9855844321987898	0.9875827437526549	0.9902962046263029	0.9850610627802258	0.9839856215322619	
0.8216745021971849	0.8442374522014473	0.7755663349358443	0.9084955441019883	0.30714845562183896	0.9677233705892528	0.2639190370465527	-0.3071484272601126	0.0	0.6399224572666525	0.7209377532688073	0.8859781884651402	0.9880975303059054	0.8997416291440933	0.8845521889339287	0.9911699003451171	
0.26667883367440326	0.30576658497304293	0.19201445906580894	0.9655439526739391	0.8450146404340467	0.5823668989667847	-0.41442809196557284	-0.845014624497458	-0.6399224572666525	0.0	0.11053088873585898	0.38407136118101826	0.6608547183934363	0.4121201444486839	0.381238611484802	0.6768016563252266	
0.1585167469311864	0.19865588002992382	0.08236378617666712	0.9308632026530923	0.8989426110112853	0.4889451150909784	-0.5124809412580936	-0.8989425979558885	-0.7209377532688073	-0.11053088873585898	0.0	0.2796644900032386	0.5738504932328333	0.30888700165016825	0.2767194156670584	0.5912856647702707	
-0.12393691398880854	-0.08336151009181919	-0.19963699334513316	0.7915392811606254	0.9855844372408743	0.22547972233396882	-0.7321793268048074	-0.9855844321987898	-0.8859781884651402	-0.38407136118101826	-0.2796644900032386	0.0	0.32191853943770116	0.030573183625411587	-0.0030661040895701985	0.34215322520364566	
-0.4367760056677976	-0.39972201844958566	-0.5044480865108854	0.5526732560541134	0.9875827390707177	-0.100151604658896	-0.9124660471531572	-0.9875827437526549	-0.9880975303059054	-0.6608547183934363	-0.5738504932328333	-0.32191853943770116	0.0	-0.29282235981559257	-0.3248199135637301	0.021450629827732437	
-0.1542164447367218	-0.11378931091089306	-0.2295014123922308	0.7724854293038118	0.9902962087680133	0.19558845879072523	-0.7526608151178956	-0.9902962046263029	-0.8997416291440933	-0.4121201444486839	-0.30888700165016825	-0.030573183625411587	0.29282235981559257	0.0	-0.03363771069673985	0.31326536534180405	
-0.12089386669054397	-0.08030568612874231	-0.19663167176400587	0.7934093128169658	0.9850610679123464	0.22846580781579504	-0.7300875251784029	-0.9850610627802258	-0.8845521889339287	-0.381238611484802	-0.2767194156670584	0.0030661040895701985	0.3248199135637301	0.03363771069673985	0.0	0.34503266374894864	
-0.4559718568033695	-0.4192924742338363	-0.5228533926543621	0.5346691781997802	0.9839856162200615	-0.12147134075940702	-0.9210326740838285	-0.9839856215322619	-0.9911699003451171	-0.6768016563252266	-0.5912856647702707	-0.34215322520364566	-0.021450629827732437	-0.31326536534180405	-0.34503266374894864	0.0	
