0.0	-0.24759566984133508	-0.2642479391811655	-0.02525568456524363	0.2016588543391717	0.5633453350025334	0.797964949602123	0.9225606236819637	0.8500963141094415	0.9992855597807032	0.6999667772117033	0.45333674418826664	0.03851946467176354	-0.3549578372461883	-0.5141350745131424	-0.8500963141094415	
0.24759566984133508	0.0	-0.01722534215051108	0.2230473831717591	0.4378889135182841	0.7503735803645111	0.9223459390394437	0.9893705944926094	0.6932366216646426	0.9775288316951367	0.8549989645635477	0.6599131596716314	0.2847320181464421	-0.11243286291550214	-0.28576159032483456	-0.6932366216646426	
0.2642479391811655	0.01722534215051108	0.0	0.23980568476346759	0.4533100287890264	0.7616484416058193	0.9288643637009331	0.9917286455007813	0.6807192907548744	0.9737526659768525	0.863805684863315	0.6727573711626759	0.30120210948542075	-0.09530005973533262	-0.26921213449781717	-0.6807192907548744	
0.02525568456524363	-0.2230473831717591	-0.23980568476346759	0.0	0.2263313573460839	0.5840324321454292	0.8129321166922491	0.9320113099315446	0.836524822443919	0.999921319850982	0.7177804936199149	0.4757035256852249	0.06374411895918697	-0.33123352160070413	-0.4923090441411691	-0.836524822443919	
-0.2016588543391717	-0.4378889135182841	-0.4533100287890264	-0.2263313573460839	0.0	0.38515697870756105	0.6600308460183815	0.8257968674800567	0.9388308309648193	0.9711346080398627	0.5415667406582356	0.26427684567231624	-0.1637810793082674	-0.5361928157144065	-0.6765372527253761	-0.9388308309648193	
-0.5633453350025334	-0.7503735803645111	-0.7616484416058193	-0.5840324321454292	-0.38515697870756105	0.0	0.3197654234933337	0.5448714405462297	0.9990408885736811	0.8043403031276347	0.17600024532580882	-0.12757526890796245	-0.5311016368478759	-0.8199353991874466	-0.9079759672899963	-0.9990408885736811	
-0.797964949602123	-0.9223459390394437	-0.9288643637009331	-0.8129321166922491	-0.6600308460183815	-0.3197654234933337	0.0	0.24813434030574266	0.9325864115080806	0.5721151471551645	-0.14801426562735082	-0.4380297371486355	-0.7741569100105572	-0.9599377730497588	-0.9942930957997732	-0.9325864115080806	
-0.9225606236819637	-0.9893705944926094	-0.9917286455007813	-0.9320113099315446	-0.8257968674800567	-0.5448714405462297	-0.24813434030574266	0.0	0.8138570668600729	0.350709444022155	-0.38878640955977883	-0.6473936000675011	-0.9070131263825303	-0.9994468581820313	-0.9896688964034239	-0.8138570668600729	
-0.8500963141094415	-0.6932366216646426	-0.6807192907548744	-0.836524822443919	-0.9388308309648193	-0.9990408885736811	-0.9325864115080806	-0.8138570668600729	0.0	-0.5583793582000184	-0.9757394569377884	-0.9964637580687533	-0.8697508147692894	-0.6078095375138556	-0.45837791734534195	-0.0	
-0.9992855597807032	-0.9775288316951367	-0.9737526659768525	-0.999921319850982	-0.9711346080398627	-0.8043403031276347	-0.5721151471551645	-0.350709444022155	0.5583793582000184	0.0	-0.6872107782485711	-0.8735692082050157	-0.9970881437508522	-0.9476295919811113	-0.8765275584577956	-0.5583793582000184	
-0.6999667772117033	-0.8549989645635477	-0.863805684863315	-0.7177804936199149	-0.5415667406582356	-0.17600024532580882	0.14801426562735082	0.38878640955977883	0.9757394569377884	0.6872107782485711	0.0	-0.3001459629039102	-0.6719376425591863	-0.9078887152816855	-0.9675505919691169	-0.9757394569377884	
-0.45333674418826664	-0.6599131596716314	-0.6727573711626759	-0.4757035256852249	-0.26427684567231624	0.12757526890796245	0.4380297371486355	0.6473936000675011	0.9964637580687533	0.8735692082050157	0.3001459629039102	0.0	-0.4186663866080006	-0.7402043825358735	-0.847099921749281	-0.9964637580687533	
-0.03851946467176354	-0.2847320181464421	-0.30120210948542075	-0.06374411895918697	0.1637810793082674	0.5311016368478759	0.7741569100105572	0.9070131263825303	0.8697508147692894	0.9970881437508522	0.6719376425591863	0.4186663866080006	0.0	-0.3907055714139746	-0.546792009608612	-0.8697508147692894	
0.3549578372461883	0.11243286291550214	0.09530005973533262	0.33123352160070413	0.5361928157144065	0.8199353991874466	0.9599377730497588	0.9994468581820313	0.6078095375138556	0.9476295919811113	0.9078887152816855	0.7402043825358735	0.3907055714139746	0.0	-0.17620517250929518	-0.6078095375138556	
0.5141350745131424	0.28576159032483456	0.26921213449781717	0.4923090441411691	0.6765372527253761	0.9079759672899963	0.9942930957997732	0.9896688964034239	0.45837791734534195	0.8765275584577956	0.9675505919691169	0.847099921749281	0.546792009608612	0.17620517250929518	0.0	-0.45837791734534195	
0.8500963141094415	0.6932366216646426	0.6807192907548744	0.836524822443919	0.9388308309648193	0.9990408885736811	0.9325864115080806	0.8138570668600729	0.0	0.5583793582000184	0.9757394569377884	0.9964637580687533	0.8697508147692894	0.6078095375138556	0.45837791734534195	0.0	
