0.0	0.1199438995307287	0.8221291038141173	0.500225664674471	-0.501114682796417	-0.9986346228942449	-0.8219222422530849	-0.4575231180318945	-0.0671380046393705	0.4080900100205458	0.2558189572833586	0.431064169944906	0.9986346217933951	0.1349908682237984	-0.6381073925465048	-0.623771488148035	
-0.1199438995307287	0.0	0.7479096901082355	0.39275553896918114	-0.6012941289253518	-0.985159428354198	-0.8843085254635069	-0.5608739509231851	-0.18632658326061277	0.29564208674133086	0.13801938484653184	0.3197242437122362	0.9851594247371182	0.01517029061186903	-0.7258511756495498	-0.7130172395809864	
-0.8221291038141173	-0.7479096901082355	0.0	-0.4270985250648956	-0.9967399483498218	-0.5255767642482325	-0.9362057301560153	-0.9915037418814775	-0.8584958724148929	-0.5182298503845357	-0.6491345053593712	-0.4964192763652555	0.5255767463200974	-0.737753577643996	-0.9962713801325339	-0.9976954580414017	
-0.500225664674471	-0.39275553896918114	0.4270985250648956	0.0	-0.8667984648342083	-0.8385816261119469	-0.9966268159373193	-0.8409665391930008	-0.5572314725642953	-0.10331373697295437	-0.26206813390695566	-0.07810791636900366	0.8385816146316519	-0.37875909219451215	-0.9376814857133031	-0.9311004228602242	
0.501114682796417	0.6012941289253518	0.9967399483498218	0.8667984648342083	0.0	-0.890376931733144	-0.4258410195763444	0.04965827615034507	0.44188407127939944	0.8106417830352382	0.7058207808515808	0.8252011314874177	0.8903769413262734	0.6133464181291042	-0.16637400649071948	-0.14812529726773283	
0.9986346228942449	0.985159428354198	0.5255767642482325	0.8385816261119469	0.890376931733144	0.0	0.6117582036756001	0.9118840848110641	0.9998886096541002	0.8903770646288113	0.9520410944441037	0.8785709995212089	2.1073424255447027e-08	0.9824422049728755	0.8022300540410425	0.8131246346005444	
0.8219222422530849	0.8843085254635069	0.9362057301560153	0.9966268159373193	0.4258410195763444	-0.6117582036756001	0.0	0.4702463544419806	0.7818259501867424	0.9828150380306782	0.9402869431013622	0.9871719501596068	0.6117582203456231	0.8912898177643392	0.2693710857172471	0.28711992478050347	
0.4575231180318945	0.5608739509231851	0.9915037418814775	0.8409665391930008	-0.04965827615034507	-0.9118840848110641	-0.4702463544419806	0.0	0.3967918469604966	0.7805646412318828	0.6697725378534685	0.7961341225223957	0.9118840934606055	0.5733689100163171	-0.2151349202544548	-0.19705302612060532	
0.0671380046393705	0.18632658326061277	0.8584958724148929	0.5572314725642953	-0.44188407127939944	-0.9998886096541002	-0.7818259501867424	-0.3967918469604966	0.0	0.46846231995558596	0.3201457205742563	0.4906716091814024	0.9998886099686303	0.20120976807045365	-0.5849748997888911	-0.5698885533195445	
-0.4080900100205458	-0.29564208674133086	0.5182298503845357	0.10331373697295437	-0.8106417830352382	-0.8903770646288113	-0.9828150380306782	-0.7805646412318828	-0.46846231995558596	0.0	-0.16096290257135248	0.025308157482644977	0.8903770550356879	-0.28111590549261084	-0.8967626771145216	-0.8884329128576969	
-0.2558189572833586	-0.13801938484653184	0.6491345053593712	0.26206813390695566	-0.7058207808515808	-0.9520410944441037	-0.9402869431013622	-0.6697725378534685	-0.3201457205742563	0.16096290257135248	0.0	0.1858894963956526	0.9520410879962644	-0.12297839843330308	-0.8138413166004035	-0.8029651366386918	
-0.431064169944906	-0.3197242437122362	0.4964192763652555	0.07810791636900366	-0.8252011314874177	-0.8785709995212089	-0.9871719501596068	-0.7961341225223957	-0.4906716091814024	-0.025308157482644977	-0.1858894963956526	0.0	0.8785709894562937	-0.30531343956431783	-0.9076746001400208	-0.8997649539595869	
-0.9986346217933951	-0.9851594247371182	-0.5255767463200974	-0.8385816146316519	-0.8903769413262734	-2.1073424255447027e-08	-0.6117582203456231	-0.9118840934606055	-0.9998886099686303	-0.8903770550356879	-0.9520410879962644	-0.8785709894562937	0.0	-0.9824422010412663	-0.8022300666221936	-0.8131246468671661	
-0.1349908682237984	-0.01517029061186903	0.737753577643996	0.37875909219451215	-0.6133464181291042	-0.9824422049728755	-0.8912898177643392	-0.5733689100163171	-0.20120976807045365	0.28111590549261084	0.12297839843330308	0.30531343956431783	0.9824422010412663	0.0	-0.7362025593728715	-0.7235717849638137	
0.6381073925465048	0.7258511756495498	0.9962713801325339	0.9376814857133031	0.16637400649071948	-0.8022300540410425	-0.2693710857172471	0.2151349202544548	0.5849748997888911	0.8967626771145216	0.8138413166004035	0.9076746001400208	0.8022300666221936	0.7362025593728715	0.0	0.018477834966850848	
0.623771488148035	0.7130172395809864	0.9976954580414017	0.9311004228602242	0.14812529726773283	-0.8131246346005444	-0.28711992478050347	0.19705302612060532	0.5698885533195445	0.8884329128576969	0.8029651366386918	0.8997649539595869	0.8131246468671661	0.7235717849638137	-0.018477834966850848	0.0	
