0.0	-0.06215686416721783	-0.45688874040725025	-0.8902635401911183	-0.2117904816480144	0.43326986498622083	0.6806368939063336	0.5413528444583086	0.6881503742440837	0.9430775680568656	0.8270015585014059	0.472985331533205	0.5987942604712851	0.7285566178475071	0.9899312171282983	0.8902635401911183	
0.06215686416721783	0.0	-0.40071528391448324	-0.8602330406416775	-0.15063412051451452	0.4884518499427309	0.7248582287143919	0.592567293255432	0.7319187992651736	0.9619257118564394	0.860347028191465	0.5268353306943062	0.6474180394461428	0.7697244315490785	0.9968153353470139	0.8602330406416775	
0.45688874040725025	0.40071528391448324	0.0	-0.5838226174256866	0.2581315774968078	0.7971813600036074	0.9401690012801718	0.8656962698797658	0.9436300635724562	0.9908387793255291	0.9925002899912176	0.8232828331329084	0.8985652866610098	0.9610306894167677	0.9452396777915142	0.5838226174256866	
0.8902635401911183	0.8602330406416775	0.5838226174256866	0.0	0.7736089207275372	0.9996936074549073	0.9622188766326017	0.9950864425892101	0.9593619837565657	0.7255981509351301	0.8771601746010558	0.9998039236787375	0.9857329387159192	0.9416357072718929	0.5768760845137344	0.0	
0.2117904816480144	0.15063412051451452	-0.2581315774968078	-0.7736089207275372	0.0	0.6143203653399802	0.8203588479859194	0.7071447928288787	0.8262081639038149	0.9921197056622917	0.9273096355223668	0.6488580070041338	0.7548342767173519	0.8571028064770457	0.9974535002038531	0.7736089207275372	
-0.43326986498622083	-0.4884518499427309	-0.7971813600036074	-0.9996936074549073	-0.6143203653399802	0.0	0.29601112162107884	0.12361059886674879	0.30583853053887955	0.7058682905241174	0.5017627711368655	0.04454355315976603	0.19266476651070508	0.359838411114142	0.8308605855894959	0.9996936074549073	
-0.6806368939063336	-0.7248582287143919	-0.9401690012801718	-0.9622188766326017	-0.8203588479859194	-0.29601112162107884	0.0	-0.17567002638579604	0.010304947792863395	0.4645570078581807	0.2232248372803984	-0.2531700025681119	-0.10643484845363252	0.06752936033608103	0.6289006929748748	0.9622188766326017	
-0.5413528444583086	-0.592567293255432	-0.8656962698797658	-0.9950864425892101	-0.7071447928288787	-0.12361059886674879	0.17567002638579604	0.0	0.18580539540649443	0.6128961309859241	0.39099083314626465	-0.07928596853090732	0.0698924727746796	0.24174824059103833	0.7557016474742919	0.9950864425892101	
-0.6881503742440837	-0.7319187992651736	-0.9436300635724562	-0.9593619837565657	-0.8262081639038149	-0.30583853053887955	-0.010304947792863395	-0.18580539540649443	0.0	0.45540686449260925	0.21316806175081338	-0.2631257911028074	-0.11667560941786231	0.05724435014543289	0.6208553510767284	0.9593619837565657	
-0.9430775680568656	-0.9619257118564394	-0.9908387793255291	-0.7255981509351301	-0.9921197056622917	-0.7058682905241174	-0.4645570078581807	-0.6128961309859241	-0.45540686449260925	0.0	-0.25515959301359525	-0.6736155574426675	-0.5561708326311203	-0.4036963908132486	0.1957323398984402	0.7255981509351301	
-0.8270015585014059	-0.860347028191465	-0.9925002899912176	-0.8771601746010558	-0.9273096355223668	-0.5017627711368655	-0.2232248372803984	-0.39099083314626465	-0.21316806175081338	0.25515959301359525	0.0	-0.46273433482213067	-0.3257060245968122	-0.15688988825328126	0.43947752619438335	0.8771601746010558	
-0.472985331533205	-0.5268353306943062	-0.8232828331329084	-0.9998039236787375	-0.6488580070041338	-0.04454355315976603	0.2531700025681119	0.07928596853090732	0.2631257911028074	0.6736155574426675	0.46273433482213067	0.0	0.14876452229563147	0.31792146390470766	0.8052482850367403	0.9998039236787375	
-0.5987942604712851	-0.6474180394461428	-0.8985652866610098	-0.9857329387159192	-0.7548342767173519	-0.19266476651070508	0.10643484845363252	-0.0698924727746796	0.11667560941786231	0.5561708326311203	0.3257060245968122	-0.14876452229563147	0.0	0.17333766013757831	0.7080799009709023	0.9857329387159192	
-0.7285566178475071	-0.7697244315490785	-0.9610306894167677	-0.9416357072718929	-0.8571028064770457	-0.359838411114142	-0.06752936033608103	-0.24174824059103833	-0.05724435014543289	0.4036963908132486	0.15688988825328126	-0.31792146390470766	-0.17333766013757831	0.0	0.5749619855608219	0.9416357072718929	
-0.9899312171282983	-0.9968153353470139	-0.9452396777915142	-0.5768760845137344	-0.9974535002038531	-0.8308605855894959	-0.6289006929748748	-0.7557016474742919	-0.6208553510767284	-0.1957323398984402	-0.43947752619438335	-0.8052482850367403	-0.7080799009709023	-0.5749619855608219	0.0	0.5768760845137344	
-0.8902635401911183	-0.8602330406416775	-0.5838226174256866	-0.0	-0.7736089207275372	-0.9996936074549073	-0.9622188766326017	-0.9950864425892101	-0.9593619837565657	-0.7255981509351301	-0.8771601746010558	-0.9998039236787375	-0.9857329387159192	-0.9416357072718929	-0.5768760845137344	0.0	
