0.0	-0.16920872003980947	-0.5323502478751578	0.3433761531457996	0.9846821733419934	0.9000325098401044	0.5536754739914553	0.6816114811094154	0.9261153023192464	0.7821588649064022	0.39204709650325265	-0.08395296421651033	-0.753271149169496	-0.9846821733419934	-0.68938306904955	-0.4858097080652649	
0.16920872003980947	0.0	-0.38143460934720036	0.4973452368760539	0.9409802503495058	0.9607992688510869	0.6865972122613615	0.7955952438945249	0.9765933355395892	0.8763107311799476	0.5420566122693053	0.08586898301482171	-0.6311188756222958	-0.9409802503495058	-0.556868044775161	-0.3309050961192879	
0.5323502478751578	0.38143460934720036	0.0	0.7906584912687014	0.7407372939754147	0.9939096525340949	0.9120050549071281	0.9665288894894627	0.9848031215998609	0.9938126937945015	0.8216103801908243	0.45940268612577173	-0.2875301187125002	-0.7407372939754147	-0.1979465362567731	0.05405883496160174	
-0.3433761531457996	-0.4973452368760539	-0.7906584912687014	0.0	0.9846821733419934	0.6956575576690088	0.23407038507523287	0.38891488101039623	0.740270191935882	0.5206515248617203	0.052322609417636	-0.4210123917970564	-0.9333126944613691	-0.9846821733419934	-0.8962078237716958	-0.7564044296447107	
-0.9846821733419934	-0.9409802503495058	-0.7407372939754147	-0.9846821733419934	0.0	-0.5860755624315317	-0.9165151123105497	-0.8393510197923889	-0.5329384860327555	-0.7499111792738397	-0.9742104779737557	-0.9665680235939247	-0.5162959002414382	-0.0	-0.5931007354906598	-0.7759705969639193	
-0.9000325098401044	-0.9607992688510869	-0.9939096525340949	-0.6956575576690088	0.5860755624315317	0.0	-0.5081819754254526	-0.3615048413250524	0.06409335440140496	-0.21990876857577774	-0.6571174908390716	-0.9334437545546823	-0.9202531861137857	-0.5860755624315317	-0.9524296660034448	-0.9984134865567003	
-0.5536754739914553	-0.6865972122613615	-0.9120050549071281	-0.23407038507523287	0.9165151123105497	0.5081819754254526	0.0	0.1624678030774409	0.5623374896448468	0.3063455401600743	-0.18288069425048276	-0.6216312081273511	-0.9914313426169217	-0.9165151123105497	-0.9751525495210889	-0.8884976806851991	
-0.6816114811094154	-0.7955952438945249	-0.9665288894894627	-0.38891488101039623	0.8393510197923889	0.3615048413250524	-0.1624678030774409	0.0	0.4205202895434007	0.14761897313541716	-0.3401787151385891	-0.7406347835153556	-0.9994820127083489	-0.8393510197923889	-0.9981887348110292	-0.9512463687694255	
-0.9261153023192464	-0.9765933355395892	-0.9848031215998609	-0.740270191935882	0.5329384860327555	-0.06409335440140496	-0.5623374896448468	-0.4205202895434007	0.0	-0.28198099317983943	-0.7040792085371397	-0.9545163185399468	-0.8932798250662922	-0.5329384860327555	-0.930938388941674	-0.9927517332792102	
-0.7821588649064022	-0.8763107311799476	-0.9938126937945015	-0.5206515248617203	0.7499111792738397	0.21990876857577774	-0.3063455401600743	-0.14761897313541716	0.28198099317983943	0.0	-0.4752669174195552	-0.831706957594883	-0.9837812619147345	-0.7499111792738397	-0.9961336712330452	-0.9863552308493129	
-0.39204709650325265	-0.5420566122693053	-0.8216103801908243	-0.052322609417636	0.9742104779737557	0.6571174908390716	0.18288069425048276	0.3401787151385891	0.7040792085371397	0.4752669174195552	0.0	-0.46789518191018237	-0.9508214734149241	-0.9742104779737557	-0.918192341616423	-0.7895927726317407	
0.08395296421651033	-0.08586898301482171	-0.45940268612577173	0.4210123917970564	0.9665680235939247	0.9334437545546823	0.6216312081273511	0.7406347835153556	0.9545163185399468	0.831706957594883	0.46789518191018237	0.0	-0.6953951774316962	-0.9665680235939247	-0.62613407901391	-0.4107143488084119	
0.753271149169496	0.6311188756222958	0.2875301187125002	0.9333126944613691	0.5162959002414382	0.9202531861137857	0.9914313426169217	0.9994820127083489	0.8932798250662922	0.9837812619147345	0.9508214734149241	0.6953951774316962	0.0	-0.5162959002414382	0.09225313792558082	0.33888569505895627	
0.9846821733419934	0.9409802503495058	0.7407372939754147	0.9846821733419934	0.0	0.5860755624315317	0.9165151123105497	0.8393510197923889	0.5329384860327555	0.7499111792738397	0.9742104779737557	0.9665680235939247	0.5162959002414382	0.0	0.5931007354906598	0.7759705969639193	
0.68938306904955	0.556868044775161	0.1979465362567731	0.8962078237716958	0.5931007354906598	0.9524296660034448	0.9751525495210889	0.9981887348110292	0.930938388941674	0.9961336712330452	0.918192341616423	0.62613407901391	-0.09225313792558082	-0.5931007354906598	0.0	0.2506462523105589	
0.4858097080652649	0.3309050961192879	-0.05405883496160174	0.7564044296447107	0.7759705969639193	0.9984134865567003	0.8884976806851991	0.9512463687694255	0.9927517332792102	0.9863552308493129	0.7895927726317407	0.4107143488084119	-0.33888569505895627	-0.7759705969639193	-0.2506462523105589	0.0	
