0.0	-0.6130355447078996	-0.9832391596935203	-0.9289657628864548	-0.5513803546547492	-0.8579026994024213	-0.743704689346347	-0.7898813242869327	-0.9626586189686436	-0.7336217519946518	-0.8145377943244023	-0.3277876184986376	-0.7014617432905622	-0.8371579220862698	-0.38563374776348175	-0.0	
0.6130355447078996	0.0	-0.8885822670067469	-0.5070096469582648	0.07580635673373243	-0.36280546750221604	-0.17774850782647683	-0.24809993737235586	-0.9265134946707233	-0.9961950048045578	-0.9991582748303811	-0.8381365659841153	-0.9911083780673751	-0.996707766864374	-0.8702904349875846	-0.6130355447078996	
0.9832391596935203	0.8885822670067469	0.0	0.533330843778939	0.9207991100831997	0.6616134839299982	0.7928961208969516	0.7469925158701209	-0.0906684325694225	-0.5344138080250292	-0.42188043570104894	-0.8691542151250831	-0.5728707018316156	-0.3851626956054615	-0.8368785963446393	-0.9832391596935203	
0.9289657628864548	0.5070096469582648	-0.533330843778939	0.0	0.5708913161548883	0.1597478118461358	0.34572738178294765	0.27731035376334434	-0.6078311642342189	-0.9028477254217808	-0.8404167000349487	-0.9989774573054885	-0.9217375478338359	-0.81799538839739	-0.9998604368924977	-0.9289657628864548	
0.5513803546547492	-0.07580635673373243	-0.9207991100831997	-0.5708913161548883	0.0	-0.43240279899608597	-0.2518362590923102	-0.32082227303493666	-0.9523705224049962	-0.9867218181973134	-0.9993929256317254	-0.7943755078252126	-0.9781699500520099	-0.9999860193376878	-0.8304486461550765	-0.5513803546547492	
0.8579026994024213	0.36280546750221604	-0.6616134839299982	-0.1597478118461358	0.43240279899608597	0.0	0.19139053817623275	0.12026652903300128	-0.7268756626879584	-0.9599384670773409	-0.9161977974813571	-0.9789260793038627	-0.971852941282195	-0.8993814749768263	-0.9896889120631386	-0.8579026994024213	
0.743704689346347	0.17774850782647683	-0.7928961208969516	-0.34572738178294765	0.2518362590923102	-0.19139053817623275	0.0	-0.07195807890612821	-0.8448797172243986	-0.9958227220598466	-0.9759561611818213	-0.9217448143763758	-0.9989766099838533	-0.9664246612997052	-0.9439799361663197	-0.743704689346347	
0.7898813242869327	0.24809993737235586	-0.7469925158701209	-0.27731035376334434	0.32082227303493666	-0.12026652903300128	0.07195807890612821	0.0	-0.8041950704474267	-0.9866708776346522	-0.9577416686592359	-0.9472604615913172	-0.9931322724367222	-0.9454297190119514	-0.9652791877107483	-0.7898813242869327	
0.9626586189686436	0.9265134946707233	0.0906684325694225	0.6078311642342189	0.9523705224049962	0.7268756626879584	0.8448797172243986	0.8041950704474267	0.0	-0.4555775872256604	-0.3379380990332854	-0.8207350153442741	-0.49619512922301073	-0.29990301862374047	-0.7838007454729321	-0.9626586189686436	
0.7336217519946518	0.9961950048045578	0.5344138080250292	0.9028477254217808	0.9867218181973134	0.9599384670773409	0.9958227220598466	0.9866708776346522	0.4555775872256604	0.0	0.12794402952090872	-0.47033949377325157	-0.04617347273117367	0.16763472028388232	-0.4148170243128502	-0.7336217519946518	
0.8145377943244023	0.9991582748303811	0.42188043570104894	0.8404167000349487	0.9993929256317254	0.9161977974813571	0.9759561611818213	0.9577416686592359	0.3379380990332854	-0.12794402952090872	0.0	-0.5793827151714511	-0.17360156004075566	0.0401234796202824	-0.5278246979281681	-0.8145377943244023	
0.3277876184986376	0.8381365659841153	0.8691542151250831	0.9989774573054885	0.7943755078252126	0.9789260793038627	0.9217448143763758	0.9472604615913172	0.8207350153442741	0.47033949377325157	0.5793827151714511	0.0	0.4290904239416789	0.6116190227482968	0.06189415331442921	-0.3277876184986376	
0.7014617432905622	0.9911083780673751	0.5728707018316156	0.9217375478338359	0.9781699500520099	0.971852941282195	0.9989766099838533	0.9931322724367222	0.49619512922301073	0.04617347273117367	0.17360156004075566	-0.4290904239416789	0.0	0.2129760073071459	-0.37236112879939454	-0.7014617432905622	
0.8371579220862698	0.996707766864374	0.3851626956054615	0.81799538839739	0.9999860193376878	0.8993814749768263	0.9664246612997052	0.9454297190119514	0.29990301862374047	-0.16763472028388232	-0.0401234796202824	-0.6116190227482968	-0.2129760073071459	0.0	-0.5614786672262067	-0.8371579220862698	
0.38563374776348175	0.8702904349875846	0.8368785963446393	0.9998604368924977	0.8304486461550765	0.9896889120631386	0.9439799361663197	0.9652791877107483	0.7838007454729321	0.4148170243128502	0.5278246979281681	-0.06189415331442921	0.37236112879939454	0.5614786672262067	0.0	-0.38563374776348175	
0.0	0.6130355447078996	0.9832391596935203	0.9289657628864548	0.5513803546547492	0.8579026994024213	0.743704689346347	0.7898813242869327	0.9626586189686436	0.7336217519946518	0.8145377943244023	0.3277876184986376	0.7014617432905622	0.8371579220862698	0.38563374776348175	0.0	
