0.0	-0.9991426040576417	-0.8171443042423371	-0.8527661201306297	-0.7787064189954215	-0.9412969526414714	-0.999994928464528	-0.9996753904216436	-0.9678332844616737	-0.9901334899614563	-0.9922567301144269	-0.9937683702171329	-0.9937683702171329	-0.7682688040505378	-0.2847605191749893	-0.0	
0.9991426040576417	0.0	-0.5421081978323272	-0.4865396421972077	-0.5946112104752399	-0.2983194565302511	0.04458304271690497	0.06684359638329565	-0.2113072522964295	-0.09901451417325938	-0.08301671042186398	-0.07022616952063215	-0.07022616952063215	-0.6077712971653437	-0.9459873722111566	-0.9991426040576417	
0.8171443042423371	0.5421081978323272	0.0	0.06477394406373937	-0.06379472777715084	0.2667434546288147	0.5790326882106487	0.5970650094949541	0.3523039039202325	0.45624151518629286	0.4704772609656922	0.48175812326872625	0.48175812326872625	-0.08022081794980596	-0.6191680534003944	-0.8171443042423371	
0.8527661201306297	0.4865396421972077	-0.06477394406373937	0.0	-0.12830275873317754	0.203756256822553	0.5250062212592875	0.5438499558578656	0.2909430476207282	0.39764390911935227	0.4123319281072476	0.42398473194739433	0.42398473194739433	-0.1446175364653841	-0.6687320681435386	-0.8527661201306297	
0.7787064189954215	0.5946112104752399	0.06379472777715084	0.12830275873317754	0.0	0.3276833991322621	0.6298653404124969	0.6470244877237139	0.4112908461711047	0.5120802908011198	0.5258121593179953	0.5366803921502118	0.5366803921502118	-0.01646828667914807	-0.5678114812873206	-0.7787064189954215	
0.9412969526414714	0.2983194565302511	-0.2667434546288147	-0.203756256822553	-0.3276833991322621	0.0	0.3405758341797435	0.3614522004064289	0.08989770470206168	0.20234751609838666	0.218053069745018	0.2305544371936165	0.2305544371936165	-0.3431979943990131	-0.8061966571206782	-0.9412969526414714	
0.999994928464528	-0.04458304271690497	-0.5790326882106487	-0.5250062212592875	-0.6298653404124969	-0.3405758341797435	0.0	0.022293801364248182	-0.25467348932457434	-0.14328002340671825	-0.12736331437344936	-0.11462931377472763	-0.11462931377472763	-0.6425709134345582	-0.9595007370317298	-0.999994928464528	
0.9996753904216436	-0.06684359638329565	-0.5970650094949541	-0.5438499558578656	-0.6470244877237139	-0.3614522004064289	-0.022293801364248182	0.0	-0.2761689034684728	-0.16530819105437858	-0.149443903375239	-0.13674767216987946	-0.13674767216987946	-0.6594933055168278	-0.9655425651362853	-0.9996753904216436	
0.9678332844616737	0.2113072522964295	-0.3523039039202325	-0.2909430476207282	-0.4112908461711047	-0.08989770470206168	0.25467348932457434	0.2761689034684728	0.0	0.11349015070345791	0.1294356853317229	0.14214511407139843	0.14214511407139843	-0.42624598230375715	-0.8561201365682847	-0.9678332844616737	
0.9901334899614563	0.09901451417325938	-0.45624151518629286	-0.39764390911935227	-0.5120802908011198	-0.20234751609838666	0.14328002340671825	0.16530819105437858	-0.11349015070345791	0.0	0.016063966031600846	0.02888897935739272	0.02888897935739272	-0.5261560772588771	-0.9092379307575327	-0.9901334899614563	
0.9922567301144269	0.08301671042186398	-0.4704772609656922	-0.4123319281072476	-0.5258121593179953	-0.218053069745018	0.12736331437344936	0.149443903375239	-0.1294356853317229	-0.016063966031600846	0.0	0.012827990346591309	0.012827990346591309	-0.5397487895727449	-0.9158076648957141	-0.9922567301144269	
0.9937683702171329	0.07022616952063215	-0.48175812326872625	-0.42398473194739433	-0.5366803921502118	-0.2305544371936165	0.11462931377472763	0.13674767216987946	-0.14214511407139843	-0.02888897935739272	-0.012827990346591309	0.0	0.0	-0.5505033154870435	-0.9208842510561406	-0.9937683702171329	
0.9937683702171329	0.07022616952063215	-0.48175812326872625	-0.42398473194739433	-0.5366803921502118	-0.2305544371936165	0.11462931377472763	0.13674767216987946	-0.14214511407139843	-0.02888897935739272	-0.012827990346591309	0.0	0.0	-0.5505033154870435	-0.9208842510561406	-0.9937683702171329	
0.7682688040505378	0.6077712971653437	0.08022081794980596	0.1446175364653841	0.01646828667914807	0.3431979943990131	0.6425709134345582	0.6594933055168278	0.42624598230375715	0.5261560772588771	0.5397487895727449	0.5505033154870435	0.5505033154870435	0.0	-0.5541784673443597	-0.7682688040505378	
0.2847605191749893	0.9459873722111566	0.6191680534003944	0.6687320681435386	0.5678114812873206	0.8061966571206782	0.9595007370317298	0.9655425651362853	0.8561201365682847	0.9092379307575327	0.9158076648957141	0.9208842510561406	0.9208842510561406	0.5541784673443597	0.0	-0.2847605191749893	
0.0	0.9991426040576417	0.8171443042423371	0.8527661201306297	0.7787064189954215	0.9412969526414714	0.999994928464528	0.9996753904216436	0.9678332844616737	0.9901334899614563	0.9922567301144269	0.9937683702171329	0.9937683702171329	0.7682688040505378	0.2847605191749893	0.0	
