0.0	0.7278136967487535	0.7726604577019826	0.9527966026205924	0.9835810222647489	0.9457687291762619	0.9527966026205924	0.9629614613433479	0.9063604091492411	2.1073424255447017e-08	0.7510043060295156	0.9988069966197908	0.994573747003051	0.9978316861060477	0.9428090415820634	0.6807841725394527	
-0.7278136967487535	0.0	0.06784081512965823	0.43243296203281645	0.5431687598106243	0.41216091719517134	0.43243296203281645	0.46412780363745815	0.9290644384949507	0.727813711200379	0.9955933312302875	0.6494160329254384	0.6063363883694604	0.6363851481421062	0.40395021705771705	-0.06624723512363945	
-0.7726604577019826	-0.06784081512965823	0.0	0.3702669424867642	0.48495663910270664	0.34940084605637367	0.3702669424867642	0.4029672868550024	0.9018284875048046	0.7726604710798033	0.9869378082815532	0.5963314655523839	0.5509919082961467	0.5825885481198376	0.3409600929697217	-0.13378639704026057	
-0.9527966026205924	-0.43243296203281645	-0.3702669424867642	0.0	0.12667595368409137	-0.02236293627320335	0.0	0.035452915424153686	0.6777411945109295	0.9527966090186807	0.8571409549160306	0.2567199856858465	0.20283869370215768	0.24024045749076217	-0.031353232488129656	-0.4912158954855764	
-0.9835810222647489	-0.5431687598106243	-0.48495663910270664	-0.12667595368409137	0.0	-0.14882705822356823	-0.12667595368409137	-0.09142900640277474	0.57913651895885	0.9835810260678083	0.7849874652334108	0.13222137523058247	0.0771620213521255	0.11533907028233478	-0.1577143311941562	-0.5975982863265947	
-0.9457687291762619	-0.41216091719517134	-0.34940084605637367	0.02236293627320335	0.14882705822356823	0.0	0.02236293627320335	0.057792927061678934	0.6940151827731454	0.9457687360217685	0.8684453437561174	0.2782692456098803	0.22468602669749504	0.26188837984857605	-0.008993449711720725	-0.47161408733234306	
-0.9527966026205924	-0.43243296203281645	-0.3702669424867642	0.0	0.12667595368409137	-0.02236293627320335	0.0	0.035452915424153686	0.6777411945109295	0.9527966090186807	0.8571409549160306	0.2567199856858465	0.20283869370215768	0.24024045749076217	-0.031353232488129656	-0.4912158954855764	
-0.9629614613433479	-0.46412780363745815	-0.4029672868550024	-0.035452915424153686	0.09142900640277474	-0.057792927061678934	-0.035452915424153686	0.0	0.6512465834185488	0.9629614670255661	0.8383409556471799	0.22229385790559086	0.16799525263689608	0.2056748094032353	-0.06676900779449568	-0.5217879229162049	
-0.9063604091492411	-0.9290644384949507	-0.9018284875048046	-0.6777411945109295	-0.57913651895885	-0.6940151827731454	-0.6777411945109295	-0.6512465834185488	0.0	0.9063604002456055	0.28116396553908035	-0.46626091496346644	-0.5145050229603733	-0.48124352905509565	-0.7004620428200512	-0.9515295455718148	
-2.1073424255447017e-08	-0.727813711200379	-0.7726604710798033	-0.9527966090186807	-0.9835810260678083	-0.9457687360217685	-0.9527966090186807	-0.9629614670255661	-0.9063604002456055	0.0	-0.7510042921147901	-0.9988069976488522	-0.9945737491954022	-0.9978316874930448	-0.9428090486065379	-0.6807841879754001	
-0.7510043060295156	-0.9955933312302875	-0.9869378082815532	-0.8571409549160306	-0.7849874652334108	-0.8684453437561174	-0.8571409549160306	-0.8383409556471799	-0.28116396553908035	0.7510042921147901	0.0	-0.6961827596164621	-0.7348443066601622	-0.7082947025211841	-0.8728690389157698	-0.9996186445484856	
-0.9988069966197908	-0.6494160329254384	-0.5963314655523839	-0.2567199856858465	-0.13222137523058247	-0.2782692456098803	-0.2567199856858465	-0.22229385790559086	0.46626091496346644	0.9988069976488522	0.6961827596164621	0.0	-0.05534261089321453	-0.017012535851338044	-0.2868962283066362	-0.6983660252998343	
-0.994573747003051	-0.6063363883694604	-0.5509919082961467	-0.20283869370215768	-0.0771620213521255	-0.22468602669749504	-0.20283869370215768	-0.16799525263689608	0.5145050229603733	0.9945737491954022	0.7348443066601622	0.05534261089321453	0.0	0.038348138672459134	-0.23344043808480597	-0.6576847611421284	
-0.9978316861060477	-0.6363851481421062	-0.5825885481198376	-0.24024045749076217	-0.11533907028233478	-0.26188837984857605	-0.24024045749076217	-0.2056748094032353	0.48124352905509565	0.9978316874930448	0.7082947025211841	0.017012535851338044	-0.038348138672459134	0.0	-0.27055735044141294	-0.6860883891691626	
-0.9428090415820634	-0.40395021705771705	-0.3409600929697217	0.031353232488129656	0.1577143311941562	0.008993449711720725	0.031353232488129656	0.06676900779449568	0.7004620428200512	0.9428090486065379	0.8728690389157698	0.2868962283066362	0.23344043808480597	0.27055735044141294	0.0	-0.46366454496341303	
-0.6807841725394527	0.06624723512363945	0.13378639704026057	0.4912158954855764	0.5975982863265947	0.47161408733234306	0.4912158954855764	0.5217879229162049	0.9515295455718148	0.6807841879754001	0.9996186445484856	0.6983660252998343	0.6576847611421284	0.6860883891691626	0.46366454496341303	0.0	
