0.0	-0.19535833412691223	-0.8342398705887959	-0.9973324798560704	-0.11022799717615077	0.45313866531144054	0.717025506809809	0.9973324798560702	0.7644266766988109	0.03289497423218768	0.48835695247774313	0.5409365374503532	-0.007320878572138229	-0.2885459444323397	-0.5231288368209092	-0.42028989227607827	
0.19535833412691223	0.0	-0.7104447613648881	-0.9638560898375044	0.08606376793060913	0.6185578001729984	0.8393837372115196	0.9638560898375041	0.8756472547480669	0.22751376052319308	0.6494255282088313	0.694822482143007	0.18817327953443955	-0.09593724876554957	-0.34655430851229485	-0.23492554113844719	
0.8342398705887959	0.7104447613648881	0.0	-0.4890374624990386	0.7683763809781422	0.9935362578364861	0.9768734263656658	0.4890374624990385	0.9593495225674242	0.851926736380892	0.9972752425268698	0.9999219597962008	0.8301807697228015	0.6396516288833782	0.4225298118042487	0.5252322591886638	
0.9973324798560704	0.9638560898375044	0.4890374624990386	0.0	0.9832092308897077	0.9221378933470583	0.7475251236616992	0.0	0.6987884141045707	0.9991938281907363	0.9059626284242216	0.8783042407949263	0.9967713831391805	0.9338502620450965	0.811795657118185	0.8742913395819176	
0.11022799717615077	-0.08606376793060913	-0.7683763809781422	-0.9832092308897077	0.0	0.5486390373951289	0.7894902755122241	0.9832092308897075	0.8308336777769837	0.14286286636103937	0.5815708616815847	0.6303489829305204	0.10294877574868705	-0.18124807494497466	-0.42599885242661756	-0.31770901361864806	
-0.45313866531144054	-0.6185578001729984	-0.9935362578364861	-0.9221378933470583	-0.5486390373951289	0.0	0.32332633300923713	0.9221378933470581	0.38929721412755175	-0.42356953572249845	0.03991222174852238	0.10109413831812669	-0.45965264641380726	-0.6910862972957592	-0.8525270572056294	-0.7858366817484291	
-0.717025506809809	-0.8393837372115196	-0.9768734263656658	-0.7475251236616992	-0.7894902755122241	-0.32332633300923713	0.0	0.7475251236616991	0.07056726886462628	-0.6937081217677544	-0.2853002657104998	-0.2260057662726564	-0.7221092879004282	-0.8876576448698281	-0.9757329281476488	-0.9435834724809109	
-0.9973324798560702	-0.9638560898375041	-0.4890374624990385	-0.0	-0.9832092308897075	-0.9221378933470581	-0.7475251236616991	0.0	-0.6987884141045706	-0.9991938281907361	-0.9059626284242214	-0.8783042407949261	-0.9967713831391802	-0.9338502620450962	-0.8117956571181848	-0.8742913395819174	
-0.7644266766988109	-0.8756472547480669	-0.9593495225674242	-0.6987884141045707	-0.8308336777769837	-0.38929721412755175	-0.07056726886462628	0.6987884141045706	0.0	-0.7428052385228622	-0.35222338389248015	-0.29418374785861706	-0.7691260401742229	-0.9179412420096315	-0.9887521428422186	-0.9645984161768928	
-0.03289497423218768	-0.22751376052319308	-0.851926736380892	-0.9991938281907363	-0.14286286636103937	0.42356953572249845	0.6937081217677544	0.9991938281907361	0.7428052385228622	0.0	0.4593870597883038	0.5129770308574753	-0.040211009327348175	-0.31988560843721564	-0.550880587386509	-0.4499110041667693	
-0.48835695247774313	-0.6494255282088313	-0.9972752425268698	-0.9059626284242216	-0.5815708616815847	-0.03991222174852238	0.2853002657104998	0.9059626284242214	0.35222338389248015	-0.4593870597883038	0.0	0.06130583945802609	-0.4947323859859358	-0.7193830791367564	-0.8727091985225317	-0.8098935971673613	
-0.5409365374503532	-0.694822482143007	-0.9999219597962008	-0.8783042407949263	-0.6303489829305204	-0.10109413831812669	0.2260057662726564	0.8783042407949261	0.29418374785861706	-0.5129770308574753	-0.06130583945802609	0.0	-0.5470793645464171	-0.760613806557624	-0.9009996424365394	-0.8443307941070163	
0.007320878572138229	-0.18817327953443955	-0.8301807697228015	-0.9967713831391805	-0.10294877574868705	0.45965264641380726	0.7221092879004282	0.9967713831391802	0.7691260401742229	0.040211009327348175	0.4947323859859358	0.5470793645464171	0.0	-0.28152871928782774	-0.5168755728091905	-0.4136357381735195	
0.2885459444323397	0.09593724876554957	-0.6396516288833782	-0.9338502620450965	0.18124807494497466	0.6910862972957592	0.8876576448698281	0.9338502620450962	0.9179412420096315	0.31988560843721564	0.7193830791367564	0.760613806557624	0.28152871928782774	0.0	-0.254963777792548	-0.1405896314220873	
0.5231288368209092	0.34655430851229485	-0.4225298118042487	-0.811795657118185	0.42599885242661756	0.8525270572056294	0.9757329281476488	0.8117956571181848	0.9887521428422186	0.550880587386509	0.8727091985225317	0.9009996424365394	0.5168755728091905	0.254963777792548	0.0	0.11648823695630472	
0.42028989227607827	0.23492554113844719	-0.5252322591886638	-0.8742913395819176	0.31770901361864806	0.7858366817484291	0.9435834724809109	0.8742913395819174	0.9645984161768928	0.4499110041667693	0.8098935971673613	0.8443307941070163	0.4136357381735195	0.1405896314220873	-0.11648823695630472	0.0	
