0.0	0.28121650140001636	0.23266116644500212	0.26943159435833847	0.4174202044275216	0.7016061101257253	0.6389765324208335	0.6712028089683832	0.9731482689018964	0.3832031576787092	0.7463322478711865	0.7302862933306523	-0.38320314391504173	0.3041422031619513	0.36836138354409687	0.07321319988882125	
-0.28121650140001636	0.0	-0.05022734348967206	-0.012258475766035004	0.14502968681750722	0.4729073060629214	0.3968711105667804	0.43565756988887533	0.8691460596940956	0.6274883274909988	0.9033837957303785	0.5087045310700429	-0.6274883158885677	0.023974015414227445	0.0920538091080631	-0.2102031705649961	
-0.23266116644500212	0.05022734348967206	0.0	0.037980566265028326	0.19454293691537133	0.5165663316821704	0.4424725742232851	0.48031794630036106	0.8928892407734307	0.5875880042924292	0.8807044131492567	0.5513052374369771	-0.5875879922350015	0.07415666290827533	0.14195169964654636	-0.16083270394919025	
-0.26943159435833847	0.012258475766035004	-0.037980566265028326	0.0	0.15714766021464016	0.48367286513191105	0.408093030960776	0.4466588425357077	0.8751432502699017	0.6178964117466597	0.8980590787445455	0.5192201345428068	-0.6178964000304797	0.03622716651546881	0.10425331906949153	-0.19820278280409054	
-0.4174202044275216	-0.14502968681750722	-0.19454293691537133	-0.15714766021464016	0.0	0.34011997686869805	0.2595560835159032	0.3005084633617839	0.7882316156609082	0.7337779645371169	0.9560261050872494	0.37846412430901133	-0.7337779544134264	-0.1212674572353779	-0.05333334352776864	-0.34977015000774564	
-0.7016061101257253	-0.4729073060629214	-0.5165663316821704	-0.48367286513191105	-0.34011997686869805	0.0	-0.08438151516853548	-0.04180657676919308	0.531936280702466	0.9211055195482866	0.9987807141687879	0.04108039021961868	-0.9211055137470705	-0.45164758691675566	-0.38978962497994735	-0.6475540555311783	
-0.6389765324208335	-0.3968711105667804	-0.4424725742232851	-0.408093030960776	-0.2595560835159032	0.08438151516853548	0.0	0.04265026788948956	0.6014920899848686	0.8849695933031259	0.999384231641366	0.12524416187785814	-0.8849695863644177	-0.37475190885622106	-0.31069217916476405	-0.5809442055006695	
-0.6712028089683832	-0.43565756988887533	-0.48031794630036106	-0.4466588425357077	-0.3005084633617839	0.04180657676919308	-0.04265026788948956	0.0	0.5668723773515512	0.904024373723207	0.9999713616857868	0.08281576009098712	-0.9040243673532449	-0.41395304351758344	-0.35094899998691254	-0.6151304863812939	
-0.9731482689018964	-0.8691460596940956	-0.8928892407734307	-0.8751432502699017	-0.7882316156609082	-0.531936280702466	-0.6014920899848686	-0.5668723773515512	0.0	0.9870674861301372	0.8194918980993695	-0.4967010108161874	-0.9870674885188716	-0.8570397706608202	-0.8199299789435	-0.9536844901305837	
-0.3832031576787092	-0.6274883274909988	-0.5875880042924292	-0.6178964117466597	-0.7337779645371169	-0.9211055195482866	-0.8849695933031259	-0.904024373723207	-0.9870674861301372	0.0	-0.43431039871980337	-0.9363210937099341	-1.4901161193847656e-08	-0.6459747670146492	-0.696499519660767	-0.4497991633967325	
-0.7463322478711865	-0.9033837957303785	-0.8807044131492567	-0.8980590787445455	-0.9560261050872494	-0.9987807141687879	-0.999384231641366	-0.9999713616857868	-0.8194918980993695	0.43431039871980337	0.0	-0.995909578808003	-0.43431041214222205	-0.9134049952291657	-0.9390237673649506	-0.7930580961652672	
-0.7302862933306523	-0.5087045310700429	-0.5513052374369771	-0.5192201345428068	-0.37846412430901133	-0.04108039021961868	-0.12524416187785814	-0.08281576009098712	0.4967010108161874	0.9363210937099341	0.995909578808003	0.0	-0.9363210884774658	-0.4879181033186484	-0.4272916747111276	-0.678311478331445	
0.38320314391504173	0.6274883158885677	0.5875879922350015	0.6178964000304797	0.7337779544134264	0.9211055137470705	0.8849695863644177	0.9040243673532449	0.9870674885188716	1.4901161193847656e-08	0.43431041214222205	0.9363210884774658	0.0	0.6459747556397171	0.6964995089683305	0.44979915008806237	
-0.3041422031619513	-0.023974015414227445	-0.07415666290827533	-0.03622716651546881	0.1212674572353779	0.45164758691675566	0.37475190885622106	0.41395304351758344	0.8570397706608202	0.6459747670146492	0.9134049952291657	0.4879181033186484	-0.6459747556397171	0.0	0.06815512862533096	-0.23358113575450734	
-0.36836138354409687	-0.0920538091080631	-0.14195169964654636	-0.10425331906949153	0.05333334352776864	0.38978962497994735	0.31069217916476405	0.35094899998691254	0.8199299789435	0.696499519660767	0.9390237673649506	0.4272916747111276	-0.6964995089683305	-0.06815512862533096	0.0	-0.2993077726321107	
-0.07321319988882125	0.2102031705649961	0.16083270394919025	0.19820278280409054	0.34977015000774564	0.6475540555311783	0.5809442055006695	0.6151304863812939	0.9536844901305837	0.4497991633967325	0.7930580961652672	0.678311478331445	-0.44979915008806237	0.23358113575450734	0.2993077726321107	0.0	
