0.0	0.123090723348245	0.6003378351004998	0.8292112483150746	0.8133683471950843	0.7946272575283839	0.9715074786793129	0.807875178947109	0.720665909274429	0.0	0.5759421778586178	0.9975674097985906	0.7746043388855713	0.8187539965303617	0.8342867358507373	0.8060198785227501	
-0.123090723348245	0.0	0.4973311425936966	0.7541056924354149	0.735575115560825	0.7138563673262533	0.9932931713778893	0.874275593226652	0.8005221956334624	0.123090723348245	0.6721878694140948	0.9985617897674117	0.6908655471826919	0.7418558576500234	0.7600786313745622	0.7270344582332878	
-0.6003378351004998	-0.4973311425936966	0.0	0.32760877636140495	0.3012425466426223	0.27103670612346753	0.9192451277996411	0.9999066359519886	0.9925537722535159	0.6003378351004998	0.9513781846194372	0.8396496546801263	0.23980577270369968	0.31011499406533893	0.33623317296666777	0.289278546682556	
-0.8292112483150746	-0.7541056924354149	-0.32760877636140495	0.0	-0.027772530454869493	-0.05926692605087941	0.7395403015701711	0.9402486366266873	0.9776833001190776	0.8292112483150746	0.9997866948438296	0.6153786722115405	-0.09147771850919201	-0.01845653055054447	0.00914263951579769	-0.040287584600335546	
-0.8133683471950843	-0.735575115560825	-0.3012425466426223	0.027772530454869493	0.0	-0.03152035386455504	0.7579490691764332	0.9493421840768472	0.9831407466646392	0.8133683471950843	0.9999746444497308	0.6370324882333364	-0.06378634904471003	0.009318388493323504	0.03691048262269059	-0.01252206177430959	
-0.7946272575283839	-0.7138563673262533	-0.27103670612346753	0.05926692605087941	0.03152035386455504	0.0	0.7781336117621165	0.9587755540242984	0.9884157436632544	0.7946272575283839	0.9992533067846293	0.6610130068326652	-0.03229848915690875	0.040832743622519596	0.06839101731812963	0.01900204285042717	
-0.9715074786793129	-0.9932931713778893	-0.9192451277996411	-0.7395403015701711	-0.7579490691764332	-0.7781336117621165	0.0	0.3810878464002484	0.5027249145696664	0.9715074786793129	0.6576946469702087	-0.16871010986649176	-0.7980142760795804	-0.7518376484074041	-0.7333553696940684	-0.766057955752734	
-0.807875178947109	-0.874275593226652	-0.9999066359519886	-0.9402486366266873	-0.9493421840768472	-0.9587755540242984	-0.3810878464002484	0.0	0.13535867079318503	0.807875178947109	0.32099661942524604	-0.5316042720946218	-0.9674534123875531	-0.9463727168271721	-0.9370963743960884	-0.953202737058189	
-0.720665909274429	-0.8005221956334624	-0.9925537722535159	-0.9776833001190776	-0.9831407466646392	-0.9884157436632544	-0.5027249145696664	-0.13535867079318503	0.0	0.720665909274429	0.18984684386927958	-0.6413595667284406	-0.9928020166016515	-0.9813941903686464	-0.9757217140702319	-0.9853533285328901	
-0.0	-0.123090723348245	-0.6003378351004998	-0.8292112483150746	-0.8133683471950843	-0.7946272575283839	-0.9715074786793129	-0.807875178947109	-0.720665909274429	0.0	-0.5759421778586178	-0.9975674097985906	-0.7746043388855713	-0.8187539965303617	-0.8342867358507373	-0.8060198785227501	
-0.5759421778586178	-0.6721878694140948	-0.9513781846194372	-0.9997866948438296	-0.9999746444497308	-0.9992533067846293	-0.6576946469702087	-0.32099661942524604	-0.18984684386927958	0.5759421778586178	0.0	-0.77535379814445	-0.9974840426857485	-0.9999975858590712	-0.9995560819493566	-0.9998070711494402	
-0.9975674097985906	-0.9985617897674117	-0.8396496546801263	-0.6153786722115405	-0.6370324882333364	-0.6610130068326652	0.16871010986649176	0.5316042720946218	0.6413595667284406	0.9975674097985906	0.77535379814445	0.0	-0.6849040958069643	-0.6298218719163836	-0.6081464350076194	-0.6466350102314304	
-0.7746043388855713	-0.6908655471826919	-0.23980577270369968	0.09147771850919201	0.06378634904471003	0.03229848915690875	0.7980142760795804	0.9674534123875531	0.9928020166016515	0.7746043388855713	0.9974840426857485	0.6849040958069643	0.0	0.07308299194058676	0.10057820077257357	0.05128478637028727	
-0.8187539965303617	-0.7418558576500234	-0.31011499406533893	0.01845653055054447	-0.009318388493323504	-0.040832743622519596	0.7518376484074041	0.9463727168271721	0.9813941903686464	0.8187539965303617	0.9999975858590712	0.6298218719163836	-0.07308299194058676	0.0	0.027596841356213597	-0.021839175995954974	
-0.8342867358507373	-0.7600786313745622	-0.33623317296666777	-0.00914263951579769	-0.03691048262269059	-0.06839101731812963	0.7333553696940684	0.9370963743960884	0.9757217140702319	0.8342867358507373	0.9995560819493566	0.6081464350076194	-0.10057820077257357	-0.027596841356213597	0.0	-0.04942111763039364	
-0.8060198785227501	-0.7270344582332878	-0.289278546682556	0.040287584600335546	0.01252206177430959	-0.01900204285042717	0.766057955752734	0.953202737058189	0.9853533285328901	0.8060198785227501	0.9998070711494402	0.6466350102314304	-0.05128478637028727	0.021839175995954974	0.04942111763039364	0.0	
