0.0	0.2869085974987638	0.8866388722402514	0.9988450283844535	0.9999278536936628	0.9999594180912108	0.7809251454276397	0.5365887621106613	0.7260065661197831	2.9802322387695312e-08	0.47519595684069993	0.9973994306701416	0.8170431547101574	0.6706856479716938	0.6932255681522805	0.7610879908537505	
-0.2869085974987638	0.0	0.7166783163312771	0.9430661663897025	0.95444251144793	0.9553343251093263	0.9273036346676914	0.756135542140248	0.8927873033435509	0.2869086260481357	0.7076628851405556	0.9761448072046764	0.6172682345481848	0.42967658318554575	0.4572999902822067	0.542987426283791	
-0.8866388722402514	-0.7166783163312771	0.0	0.41932709596750456	0.4517787980577426	0.45445594034763626	0.9149650193432792	0.9963369388171763	0.9454814763295194	0.8866388860227057	0.9998960875772217	0.5251616285961238	-0.13336338287423433	-0.34749010905000083	-0.3184281898776817	-0.2231424960501539	
-0.9988450283844535	-0.9430661663897025	-0.41932709596750456	0.0	0.03604642690923731	0.03904743954548148	0.6614250803540658	0.8686512792323926	0.7217766636150568	0.9988450298163948	0.9016959671078238	0.11991181344253003	-0.5366533097008953	-0.7086599207192924	-0.6865801824844315	-0.6113307308666777	
-0.9999278536936628	-0.95444251144793	-0.4517787980577426	-0.03604642690923731	0.0	0.003003126866807095	0.6339600056132315	0.8502284914316934	0.6963589222629596	0.9999278540516469	0.8855245524715085	0.08404754910470998	-0.566720624740289	-0.7336319387777961	-0.7123416874638678	-0.6394596860329574	
-0.9999594180912108	-0.9553343251093263	-0.45445594034763626	-0.03904743954548148	-0.003003126866807095	0.0	0.6316346311264991	0.8486437699220788	0.6942004568633194	0.9999594183596996	0.8841253288267171	0.0810546690625389	-0.5691923755123262	-0.7356693965116211	-0.7144461682590729	-0.6417656803550131	
-0.7809251454276397	-0.9273036346676914	-0.9149650193432792	-0.6614250803540658	-0.6339600056132315	-0.6316346311264991	0.0	0.32381235554374493	0.08355109380830433	0.780925126812375	0.3903013172508416	-0.5667173907253223	-0.9606083735844474	-0.9981715200215209	-0.9958346667468749	-0.9819403386326826	
-0.5365887621106613	-0.756135542140248	-0.9963369388171763	-0.8686512792323926	-0.8502284914316934	-0.8486437699220788	-0.32381235554374493	0.0	-0.2436306724528593	0.5365887369621536	0.07114251457982623	-0.8029763747404866	-0.9988413500698055	-0.9639642470333476	-0.9717047782186472	-0.9902970219307685	
-0.7260065661197831	-0.8927873033435509	-0.9454814763295194	-0.7217766636150568	-0.6963589222629596	-0.6942004568633194	-0.08355109380830433	0.2436306724528593	0.0	0.7260065456250901	0.31201220571346633	-0.63357463016021	-0.9804689225844921	-0.9997316666137446	-0.999970696135436	-0.9943140799752304	
-2.9802322387695312e-08	-0.2869086260481357	-0.8866388860227057	-0.9988450298163948	-0.9999278540516469	-0.9999594183596996	-0.780925126812375	-0.5365887369621536	-0.7260065456250901	0.0	-0.4751959306182325	-0.9973994285222276	-0.8170431718934764	-0.670685670077319	-0.6932255896314305	-0.7610880101849863	
-0.47519595684069993	-0.7076628851405556	-0.9998960875772217	-0.9016959671078238	-0.8855245524715085	-0.8841253288267171	-0.3903013172508416	-0.07114251457982623	-0.31201220571346633	0.4751959306182325	0.0	-0.8433434730791425	-0.9928867565715402	-0.9425955441724925	-0.9524388657179406	-0.9779013118253022	
-0.9973994306701416	-0.9761448072046764	-0.5251616285961238	-0.11991181344253003	-0.08404754910470998	-0.0810546690625389	0.5667173907253223	0.8029763747404866	0.63357463016021	0.9973994285222276	0.8433434730791425	0.0	-0.6339630412229389	-0.7881504251321425	-0.7688085701976093	-0.7018149404257489	
-0.8170431547101574	-0.6172682345481848	0.13336338287423433	0.5366533097008953	0.566720624740289	0.5691923755123262	0.9606083735844474	0.9988413500698055	0.9804689225844921	0.8170431718934764	0.9928867565715402	0.6339630412229389	0.0	-0.21933338832609983	-0.1891623198505088	-0.09114847355306072	
-0.6706856479716938	-0.42967658318554575	0.34749010905000083	0.7086599207192924	0.7336319387777961	0.7356693965116211	0.9981715200215209	0.9639642470333476	0.9997316666137446	0.670685670077319	0.9425955441724925	0.7881504251321425	0.21933338832609983	0.0	0.030817294693926134	0.12949136675555845	
-0.6932255681522805	-0.4572999902822067	0.3184281898776817	0.6865801824844315	0.7123416874638678	0.7144461682590729	0.9958346667468749	0.9717047782186472	0.999970696135436	0.6932255896314305	0.9524388657179406	0.7688085701976093	0.1891623198505088	-0.030817294693926134	0.0	0.09887203280453644	
-0.7610879908537505	-0.542987426283791	0.2231424960501539	0.6113307308666777	0.6394596860329574	0.6417656803550131	0.9819403386326826	0.9902970219307685	0.9943140799752304	0.7610880101849863	0.9779013118253022	0.7018149404257489	0.09114847355306072	-0.12949136675555845	-0.09887203280453644	0.0	
