0.0	0.9954059368000472	0.0	0.7223864933337991	0.8998642070338504	0.9747258458958562	0.9985843248309542	0.9918180308660597	0.9578604433936801	0.9280961740591692	0.8031737885311466	0.9578604433936801	0.9997736300549955	0.9994905879333298	0.9322937332222103	0.8467978272886982	
-0.9954059368000472	0.0	0.9954059368000476	0.6191481942283499	0.34800926363778395	0.1290533664144609	-0.04266178450661292	-0.22203438446409435	-0.37762435700457037	-0.4594901635582163	-0.6699074315253889	-0.37762435700457037	-0.11690162299434378	-0.06392744763410652	0.27077834390466976	0.4483949432220017	
-0.0	-0.9954059368000476	0.0	-0.7223864933337995	-0.8998642070338508	-0.9747258458958566	-0.9985843248309546	-0.9918180308660601	-0.9578604433936806	-0.9280961740591697	-0.803173788531147	-0.9578604433936806	-0.999773630054996	-0.9994905879333302	-0.9322937332222108	-0.8467978272886986	
-0.7223864933337991	-0.6191481942283499	0.7223864933337995	0.0	-0.3071632345409411	-0.5126283857392318	-0.6520857013366416	-0.7780514005131535	-0.8698444191395793	-0.9107425671254301	-0.9857442525336095	-0.8698444191395793	-0.7067028286439624	-0.6680823298373797	-0.38338264720192144	-0.20130369688541366	
-0.8998642070338504	-0.34800926363778395	0.8998642070338508	0.3071632345409411	0.0	-0.22411270658329127	-0.3876874691856147	-0.5474778055335985	-0.6762617393159085	-0.7398637988407764	-0.8864098612994422	-0.6762617393159085	-0.45521736843700433	-0.40722884052274205	-0.08115595144304877	0.10930321758518424	
-0.9747258458958562	-0.1290533664144609	0.9747258458958566	0.5126283857392318	0.22411270658329127	0.0	-0.17124090429553193	-0.34600969939537585	-0.4939646403637342	-0.5702707337658286	-0.7601204102957788	-0.4939646403637342	-0.24409256263012452	-0.19218225798256405	0.1442818454700218	0.3292928220793556	
-0.9985843248309542	0.04266178450661292	0.9985843248309546	0.6520857013366416	0.3876874691856147	0.17124090429553193	0.0	-0.1802353413457606	-0.3377774989332837	-0.4211803649794166	-0.6376235158509389	-0.3377774989332837	-0.07442591848186943	-0.021294724364627544	0.3115998333982063	0.48611933099271437	
-0.9918180308660597	0.22203438446409435	0.9918180308660601	0.7780514005131535	0.5474778055335985	0.34600969939537585	0.1802353413457606	0.0	-0.1626037039122339	-0.25081362011413855	-0.4883375252979706	-0.1626037039122339	0.10652838315419672	0.159248479819467	0.47775896392303463	0.6356647078260553	
-0.9578604433936801	0.37762435700457037	0.9578604433936806	0.8698444191395793	0.6762617393159085	0.4939646403637342	0.3377774989332837	0.1626037039122339	0.0	-0.0900695158817621	-0.3399415569334742	0.0	0.26678907965784526	0.3176577570765771	0.6142465736812069	0.7527293503809822	
-0.9280961740591692	0.4594901635582163	0.9280961740591697	0.9107425671254301	0.7398637988407764	0.5702707337658286	0.4211803649794166	0.25081362011413855	0.0900695158817621	0.0	-0.25385429137281545	0.0900695158817621	0.3525096513697898	0.4017710356876609	0.6828250865607488	0.808965341338123	
-0.8031737885311466	0.6699074315253889	0.803173788531147	0.9857442525336095	0.8864098612994422	0.7601204102957788	0.6376235158509389	0.4883375252979706	0.3399415569334742	0.25385429137281545	0.0	0.3399415569334742	0.5785212282763654	0.6210745781527237	0.8459187728808516	0.9316954907738011	
-0.9578604433936801	0.37762435700457037	0.9578604433936806	0.8698444191395793	0.6762617393159085	0.4939646403637342	0.3377774989332837	0.1626037039122339	0.0	-0.0900695158817621	-0.3399415569334742	0.0	0.26678907965784526	0.3176577570765771	0.6142465736812069	0.7527293503809822	
-0.9997736300549955	0.11690162299434378	0.999773630054996	0.7067028286439624	0.45521736843700433	0.24409256263012452	0.07442591848186943	-0.10652838315419672	-0.26678907965784526	-0.3525096513697898	-0.5785212282763654	-0.26678907965784526	0.0	0.053173377371877176	0.38145613192505706	0.5498113485246707	
-0.9994905879333298	0.06392744763410652	0.9994905879333302	0.6680823298373797	0.40722884052274205	0.19218225798256405	0.021294724364627544	-0.159248479819467	-0.3176577570765771	-0.4017710356876609	-0.6210745781527237	-0.3176577570765771	-0.053173377371877176	0.0	0.33176370840291397	0.504618398000236	
-0.9322937332222103	-0.27077834390466976	0.9322937332222108	0.38338264720192144	0.08115595144304877	-0.1442818454700218	-0.3115998333982063	-0.47775896392303463	-0.6142465736812069	-0.6828250865607488	-0.8459187728808516	-0.6142465736812069	-0.38145613192505706	-0.33176370840291397	0.0	0.18961237350647653	
-0.8467978272886982	-0.4483949432220017	0.8467978272886986	0.20130369688541366	-0.10930321758518424	-0.3292928220793556	-0.48611933099271437	-0.6356647078260553	-0.7527293503809822	-0.808965341338123	-0.9316954907738011	-0.7527293503809822	-0.5498113485246707	-0.504618398000236	-0.18961237350647653	0.0	
