0.0	0.08482316215142771	-0.36326923661647004	-0.5133775642615608	-0.38759166520998345	-0.31532164096916965	0.32748962681625104	0.8926852843433187	0.9974457459530375	0.9604795797736678	0.49815504463415183	-0.8046912236517275	-0.841762816599616	-0.6207311965338649	-0.8046912236517275	-0.9604795797736678	
-0.08482316215142771	0.0	-0.4409884225784747	-0.5843194489770543	-0.46438742766746666	-0.39468112505547515	0.24616379143884515	0.8512399138271899	0.9877922091903326	0.9806285977159718	0.42281056077494966	-0.8521500980745349	-0.8845206962585518	-0.6849974433439805	-0.8521500980745349	-0.9806285977159718	
0.36326923661647004	0.4409884225784747	0.0	-0.16656160560970612	-0.026240128828191933	0.05095681227098653	0.6483535858251542	0.9954191707374715	0.9552521067597052	0.7937474977232053	0.779109573498898	-0.5340475009627902	-0.5881471205601136	-0.293513849819352	-0.5340475009627902	-0.7937474977232053	
0.5133775642615608	0.5843194489770543	0.16656160560970612	0.0	0.14063067142821084	0.21659021749918705	0.7661066739376919	0.9974386446894022	0.8926405051244879	0.6813490136483198	0.872641663829004	-0.38576716354523893	-0.4452239650449062	-0.1301883996318386	-0.38576716354523893	-0.6813490136483198	
0.38759166520998345	0.46438742766746666	0.026240128828191933	-0.14063067142821084	0.0	0.07714530540564218	0.6681079802898917	0.9975851533128347	0.9471615408068925	0.7775136951298902	0.7952909173283008	-0.5116787773034179	-0.5667227949537353	-0.2683284061068494	-0.5116787773034179	-0.7775136951298902	
0.31532164096916965	0.39468112505547515	-0.05095681227098653	-0.21659021749918705	-0.07714530540564218	0.0	0.608715855227964	0.9892541580664398	0.9690837593314361	0.8237106558236141	0.7461531970787328	-0.5764353621825759	-0.6285945574013895	-0.34184494393574344	-0.5764353621825759	-0.8237106558236141	
-0.32748962681625104	-0.24616379143884515	-0.6483535858251542	-0.7661066739376919	-0.6681079802898917	-0.608715855227964	0.0	0.6958647385648746	0.9190493893899617	0.9986706037137116	0.18672185578690487	-0.9547448244574213	-0.972138083644563	-0.8432603839970757	-0.9547448244574213	-0.9986706037137116	
-0.8926852843433187	-0.8512399138271899	-0.9954191707374715	-0.9974386446894022	-0.9975851533128347	-0.9892541580664398	-0.6958647385648746	0.0	0.38576654619890854	0.6813488486173689	-0.5495278696990527	-0.8926402034964251	-0.8612801023793978	-0.9796376971927523	-0.8926402034964251	-0.6813488486173689	
-0.9974457459530375	-0.9877922091903326	-0.9552521067597052	-0.8926405051244879	-0.9471615408068925	-0.9690837593314361	-0.9190493893899617	-0.38576654619890854	0.0	0.3462447805520848	-0.8292909045751942	-0.6496547324246288	-0.5985942068117694	-0.8263585574595979	-0.6496547324246288	-0.3462447805520848	
-0.9604795797736678	-0.9806285977159718	-0.7937474977232053	-0.6813490136483198	-0.7775136951298902	-0.8237106558236141	-0.9986706037137116	-0.6813488486173689	-0.3462447805520848	0.0	-0.9714819754140256	-0.3462443643205047	-0.2842074685798786	-0.5802577086861607	-0.3462443643205047	-0.0	
-0.49815504463415183	-0.42281056077494966	-0.779109573498898	-0.872641663829004	-0.7952909173283008	-0.7461531970787328	-0.18672185578690487	0.5495278696990527	0.8292909045751942	0.9714819754140256	0.0	-0.9934895196197435	-0.9988101863884504	-0.9287937948560152	-0.9934895196197435	-0.9714819754140256	
0.8046912236517275	0.8521500980745349	0.5340475009627902	0.38576716354523893	0.5116787773034179	0.5764353621825759	0.9547448244574213	0.8926402034964251	0.6496547324246288	0.3462443643205047	0.9934895196197435	0.0	-0.06533858397536924	0.2623726858801344	0.0	-0.3462443643205047	
0.841762816599616	0.8845206962585518	0.5881471205601136	0.4452239650449062	0.5667227949537353	0.6285945574013895	0.972138083644563	0.8612801023793978	0.5985942068117694	0.2842074685798786	0.9988101863884504	0.06533858397536924	0.0	0.3248615876408115	0.06533858397536924	-0.2842074685798786	
0.6207311965338649	0.6849974433439805	0.293513849819352	0.1301883996318386	0.2683284061068494	0.34184494393574344	0.8432603839970757	0.9796376971927523	0.8263585574595979	0.5802577086861607	0.9287937948560152	-0.2623726858801344	-0.3248615876408115	0.0	-0.2623726858801344	-0.5802577086861607	
0.8046912236517275	0.8521500980745349	0.5340475009627902	0.38576716354523893	0.5116787773034179	0.5764353621825759	0.9547448244574213	0.8926402034964251	0.6496547324246288	0.3462443643205047	0.9934895196197435	0.0	-0.06533858397536924	0.2623726858801344	0.0	-0.3462443643205047	
0.9604795797736678	0.9806285977159718	0.7937474977232053	0.6813490136483198	0.7775136951298902	0.8237106558236141	0.9986706037137116	0.6813488486173689	0.3462447805520848	0.0	0.9714819754140256	0.3462443643205047	0.2842074685798786	0.5802577086861607	0.3462443643205047	0.0	
