0.0	-0.9076994179710174	-0.4934317588484348	0.9294734284525784	0.49106241423627933	-0.766522662606253	-0.7268394491364505	-0.46196950754200733	-0.5244140068867572	-0.7600119959501095	-0.9324101725468548	-0.8351370418893949	-0.897258341568127	-0.9893088998871892	-0.929473436226334	-0.9999987494260818	
0.9076994179710174	0.0	0.5824485783001424	0.7248669445962725	0.9967791944329543	0.26129124151756355	0.3184176024257974	0.6111827112953401	0.5528177280988404	0.2710050830152383	-0.06321465517193053	0.14883171312575522	0.024246233112813265	-0.5475092805484327	-0.7248669300790244	-0.4181849271617466	
0.4934317588484348	-0.5824485783001424	0.0	0.9904631759958882	0.8569589235386863	-0.3498191492795337	-0.29330110928552117	0.03580863519667206	-0.035988090558089575	-0.3403609010279042	-0.6326687959794697	-0.4549811100213616	-0.5625683721439813	-0.9324452707238048	-0.9904631730924398	-0.8690030624913905	
-0.9294734284525784	-0.7248669445962725	-0.9904631759958882	0.0	-0.6285394175106688	-0.8796857094719986	-0.9064923641277528	-0.9947615891674753	-0.9848632159742452	-0.8844333058994568	-0.6798693029823277	-0.8193222820362625	-0.7413568067374484	-0.22939531225833465	-2.1073424255447017e-08	-0.3703585718627077	
-0.49106241423627933	-0.9967791944329543	-0.8569589235386863	0.6285394175106688	0.0	-0.9831053456224279	-0.9704328764954535	-0.8379541027234209	-0.8749515134669059	-0.9812108918271182	-0.9897160907039255	-0.9976131638843901	-0.9984305847643246	-0.7901969362890182	-0.6285394339011088	-0.8718999178458121	
0.766522662606253	-0.26129124151756355	0.3498191492795337	0.8796857094719986	0.9831053456224279	0.0	0.059664604065049254	0.38314094528064213	0.31587827894671716	0.010077190357871912	-0.32178722559875433	-0.11471981960718458	-0.23781050708287765	-0.7471372227377271	-0.8796856994504152	-0.6410041992579022	
0.7268394491364505	-0.3184176024257974	0.29330110928552117	0.9064923641277528	0.9704328764954535	-0.059664604065049254	0.0	0.32734678058784683	0.2587057759029392	-0.049602336877054676	-0.37770511908960724	-0.17378613566332862	-0.29533976319887745	-0.7854634449641831	-0.9064923552300849	-0.6856570512159693	
0.46196950754200733	-0.6111827112953401	-0.03580863519667206	0.9947615891674753	0.8379541027234209	-0.38314094528064213	-0.32734678058784683	0.0	-0.07175044918015834	-0.37381329197974045	-0.6599940559121141	-0.48657694342588426	-0.5918123939771496	-0.9447853237234123	-0.994761587013303	-0.8861640934248871	
0.5244140068867572	-0.5528177280988404	0.035988090558089575	0.9848632159742452	0.8749515134669059	-0.31587827894671716	-0.2587057759029392	0.07175044918015834	0.0	-0.3063010044446042	-0.6043889783278384	-0.4226389480053989	-0.5324507695787202	-0.9188383483906989	-0.9848632123215181	-0.8506329901123721	
0.7600119959501095	-0.2710050830152383	0.3403609010279042	0.8844333058994568	0.9812108918271182	-0.010077190357871912	0.049602336877054676	0.37381329197974045	0.3063010044446042	0.0	-0.33131209132870926	-0.12472465418785966	-0.2475865235463004	-0.7537972902768916	-0.884433296065193	-0.6487062717171437	
0.9324101725468548	0.06321465517193053	0.6326687959794697	0.6798693029823277	0.9897160907039255	0.32178722559875433	0.37770511908960724	0.6599940559121141	0.6043889783278384	0.33131209132870926	0.0	0.211044647212157	0.08739381065156726	-0.49351623776912157	-0.6798692875284837	-0.3599267527397248	
0.8351370418893949	-0.14883171312575522	0.4549811100213616	0.8193222820362625	0.9976131638843901	0.11471981960718458	0.17378613566332862	0.48657694342588426	0.4226389480053989	0.12472465418785966	-0.211044647212157	0.0	-0.1248117674751888	-0.6659537368616848	-0.8193222699541678	-0.5487204686620092	
0.897258341568127	-0.024246233112813265	0.5625683721439813	0.7413568067374484	0.9984305847643246	0.23781050708287765	0.29533976319887745	0.5918123939771496	0.5324507695787202	0.2475865235463004	-0.08739381065156726	0.1248117674751888	0.0	-0.5676375604790158	-0.7413567925948397	-0.440086342566982	
0.9893088998871892	0.5475092805484327	0.9324452707238048	0.22939531225833465	0.7901969362890182	0.7471372227377271	0.7854634449641831	0.9447853237234123	0.9188383483906989	0.7537972902768916	0.49351623776912157	0.6659537368616848	0.5676375604790158	0.0	-0.22939529174686818	0.1473995939172086	
0.929473436226334	0.7248669300790244	0.9904631730924398	2.1073424255447017e-08	0.6285394339011088	0.8796856994504152	0.9064923552300849	0.994761587013303	0.9848632123215181	0.884433296065193	0.6798692875284837	0.8193222699541678	0.7413567925948397	0.22939529174686818	0.0	0.3703585522878384	
0.9999987494260818	0.4181849271617466	0.8690030624913905	0.3703585718627077	0.8718999178458121	0.6410041992579022	0.6856570512159693	0.8861640934248871	0.8506329901123721	0.6487062717171437	0.3599267527397248	0.5487204686620092	0.440086342566982	-0.1473995939172086	-0.3703585522878384	0.0	
