0.0	-0.22381533858467723	-0.22005156389630753	-0.09630381298485075	0.4954229646697169	0.8415271311845608	0.9739700339976676	0.7850803361267963	0.9999156603730192	0.9085635045164158	0.9959302144643998	0.9363151625747832	0.38645038209106547	0.10095735194285221	0.039526079992182994	-0.7850803361267963	
0.22381533858467723	0.0	0.0038600301881887567	0.12891430541233512	0.6772724754068489	0.9410872780063663	0.9999956871976929	0.6265342126240807	0.9774561441112966	0.9790128067150794	0.9908369956441476	0.9911574916395741	0.5830739113727346	0.32106803330969497	0.26216380099947406	-0.6265342126240807	
0.22005156389630753	-0.0038600301881887567	0.0	0.12508552392462352	0.6744274809370987	0.9397749445987806	0.9999769006285604	0.629538029033546	0.9782638632856312	0.9782188438557521	0.9913509617082416	0.9906379173925238	0.5799336052060109	0.3174099761096211	0.25843682847965976	-0.629538029033546	
0.09630381298485075	-0.12891430541233512	-0.12508552392462352	0.0	0.576774719746229	0.8896404512977909	0.9912728478474835	0.721781272397961	0.9965187727601137	0.9445710946008734	0.9999807608321979	0.9657812816165748	0.47347614408783634	0.19629987388299597	0.1355709175367169	-0.721781272397961	
-0.4954229646697169	-0.6772724754068489	-0.6744274809370987	-0.576774719746229	0.0	0.46335927927159304	0.7337400060592816	0.9888234959950106	0.862144368517693	0.5822640550010605	0.8204653039310988	0.6393587939960268	-0.12124280250275563	-0.4051949336251489	-0.460701407387212	-0.9888234959950106	
-0.8415271311845608	-0.9410872780063663	-0.9397749445987806	-0.8896404512977909	-0.46335927927159304	0.0	0.3353983993452903	0.9453488726078532	0.5292400556312464	0.1392742648046859	0.4621713634676312	0.21030000673634436	-0.5673828189903651	-0.7826889013027638	-0.8195169351899787	-0.9453488726078532	
-0.9739700339976676	-0.9999956871976929	-0.9999769006285604	-0.9912728478474835	-0.7337400060592816	-0.3353983993452903	0.0	0.7812306473989997	0.21400836209901758	-0.20092255903089923	0.13797256736679292	-0.1297791812675952	-0.8107031583415859	-0.9461090920913007	-0.9642492691212559	-0.7812306473989997	
-0.7850803361267963	-0.6265342126240807	-0.629538029033546	-0.721781272397961	-0.9888234959950106	-0.9453488726078532	-0.7812306473989997	0.0	-0.6295378506978159	-0.8907235076371718	-0.6876306593301748	-0.8556373962133802	-0.9634526294273122	-0.8436015408782352	-0.808949041418925	-0.0	
-0.9999156603730192	-0.9774561441112966	-0.9782638632856312	-0.9965187727601137	-0.862144368517693	-0.5292400556312464	-0.21400836209901758	0.6295378506978159	0.0	-0.4059116676711501	-0.0771856017396752	-0.3389709113902293	-0.9172134316871673	-0.9934956737455967	-0.9986209250655782	-0.6295378506978159	
-0.9085635045164158	-0.9790128067150794	-0.9782188438557521	-0.9445710946008734	-0.5822640550010605	-0.1392742648046859	0.20092255903089923	0.8907235076371718	0.4059116676711501	0.0	0.33415985634015866	0.07209073002996358	-0.6765389898625263	-0.8617468233750458	-0.8913416057334165	-0.8907235076371718	
-0.9959302144643998	-0.9908369956441476	-0.9913509617082416	-0.9999807608321979	-0.8204653039310988	-0.4621713634676312	-0.13797256736679292	0.6876306593301748	0.0771856017396752	-0.33415985634015866	0.0	-0.265343702225615	-0.883726697625633	-0.9817427052767063	-0.9915895380923521	-0.6876306593301748	
-0.9363151625747832	-0.9911574916395741	-0.9906379173925238	-0.9657812816165748	-0.6393587939960268	-0.21030000673634436	0.1297791812675952	0.8556373962133802	0.3389709113902293	-0.07209073002996358	0.265343702225615	0.0	-0.7278667931952638	-0.8960790326521986	-0.9217034585706066	-0.8556373962133802	
-0.38645038209106547	-0.5830739113727346	-0.5799336052060109	-0.47347614408783634	0.12124280250275563	0.5673828189903651	0.8107031583415859	0.9634526294273122	0.9172134316871673	0.6765389898625263	0.883726697625633	0.7278667931952638	0.0	-0.2913619168506373	-0.3496930795688429	-0.9634526294273122	
-0.10095735194285221	-0.32106803330969497	-0.3174099761096211	-0.19629987388299597	0.4051949336251489	0.7826889013027638	0.9461090920913007	0.8436015408782352	0.9934956737455967	0.8617468233750458	0.9817427052767063	0.8960790326521986	0.2913619168506373	0.0	-0.061554326185895625	-0.8436015408782352	
-0.039526079992182994	-0.26216380099947406	-0.25843682847965976	-0.1355709175367169	0.460701407387212	0.8195169351899787	0.9642492691212559	0.808949041418925	0.9986209250655782	0.8913416057334165	0.9915895380923521	0.9217034585706066	0.3496930795688429	0.061554326185895625	0.0	-0.808949041418925	
0.7850803361267963	0.6265342126240807	0.629538029033546	0.721781272397961	0.9888234959950106	0.9453488726078532	0.7812306473989997	0.0	0.6295378506978159	0.8907235076371718	0.6876306593301748	0.8556373962133802	0.9634526294273122	0.8436015408782352	0.808949041418925	0.0	
