0.0	0.4696288237715459	0.43006888335388066	0.07024638358340224	-0.5958756347828793	-0.9665172985940722	-0.8166690128511723	-0.5670797064020114	0.3558630501431855	0.8555943091090786	0.32071673869934914	-0.16995265513343039	-0.8593799273105944	-0.9381845309128092	-0.9908446225068295	-0.8555943091090786	
-0.4696288237715459	0.0	-0.044286743007011076	-0.4064506860927421	-0.9032250994857091	-0.9738107313561516	-0.9920334067809258	-0.8874700824833114	-0.12470737514317026	0.5122714436381003	-0.16167150452422974	-0.6128418447788432	-0.998854439176095	-0.9908445168686995	-0.8113777497959541	-0.5122714436381003	
-0.43006888335388066	0.044286743007011076	0.0	-0.3655883124689006	-0.8833324959129566	-0.9829243301973845	-0.985481058170921	-0.8661891264224781	-0.08064399842897602	0.549803333942931	-0.11780874775047123	-0.5772449298165241	-0.9957552168969985	-0.9958514224165937	-0.83646825770827	-0.549803333942931	
-0.07024638358340224	0.4064506860927421	0.3655883124689006	0.0	-0.6508168619836696	-0.9821550082942085	-0.8551912052137915	-0.6235381747176031	0.2893360285778951	0.817117883015055	0.253388833778972	-0.23875727151088483	-0.8931765937606078	-0.9601816742277635	-0.9789131458763399	-0.817117883015055	
0.5958756347828793	0.9032250994857091	0.8833324959129566	0.6508168619836696	0.0	-0.6232849873253412	-0.31196427257467285	0.03539215158428926	0.8426538260924921	0.9955610891824203	0.8219587450000944	0.45072195045106556	-0.38545440181380214	-0.5471804493295098	-0.8761717343618746	-0.9955610891824203	
0.9665172985940722	0.9738107313561516	0.9829243301973845	0.9821550082942085	0.6232849873253412	0.0	0.34822479259923256	0.6505709777832541	0.9945622347232942	0.7198614968534092	0.9977575565321617	0.9088465257773004	0.2736984874177512	0.0938064261508868	-0.3847389395320806	-0.7198614968534092	
0.8166690128511723	0.9920334067809258	0.985481058170921	0.8551912052137915	0.31196427257467285	-0.34822479259923256	0.0	0.34539469242029913	0.96857914146195	0.9165151313401092	0.9586162605908314	0.7067075446531765	-0.07836002886190441	-0.2587540984698047	-0.682078876480049	-0.9165151313401092	
0.5670797064020114	0.8874700824833114	0.8661891264224781	0.6235381747176031	-0.03539215158428926	-0.6505709777832541	-0.34539469242029913	0.0	0.8230687994008723	0.9982683951462825	0.8012862942363156	0.41884626024193383	-0.41787020501104083	-0.5764613916660013	-0.8926817978549034	-0.9982683951462825	
-0.3558630501431855	0.12470737514317026	0.08064399842897602	-0.2893360285778951	-0.8426538260924921	-0.9945622347232942	-0.96857914146195	-0.8230687994008723	0.0	0.6153740662462394	-0.03734262290954993	-0.5095132699416225	-0.9850894556355989	-0.9999460392342765	-0.8779380055872024	-0.6153740662462394	
-0.8555943091090786	-0.5122714436381003	-0.549803333942931	-0.817117883015055	-0.9955610891824203	-0.7198614968534092	-0.9165151313401092	-0.9982683951462825	-0.6153740662462394	0.0	-0.6443796262719679	-0.9311227945286336	-0.8823529494262481	-0.7817999390381553	-0.3973963492524323	-0.0	
-0.32071673869934914	0.16167150452422974	0.11780874775047123	-0.253388833778972	-0.8219587450000944	-0.9977575565321617	-0.9586162605908314	-0.8012862942363156	0.03734262290954993	0.6443796262719679	0.0	-0.4770259573297638	-0.9779778427688133	-0.9996365275711127	-0.8952043515172092	-0.6443796262719679	
0.16995265513343039	0.6128418447788432	0.5772449298165241	0.23875727151088483	-0.45072195045106556	-0.9088465257773004	-0.7067075446531765	-0.41884626024193383	0.5095132699416225	0.9311227945286336	0.4770259573297638	0.0	-0.7599746819687571	-0.8657093892497492	-0.9993748673326376	-0.9311227945286336	
0.8593799273105944	0.998854439176095	0.9957552168969985	0.8931765937606078	0.38545440181380214	-0.2736984874177512	0.07836002886190441	0.41787020501104083	0.9850894556355989	0.8823529494262481	0.9779778427688133	0.7599746819687571	0.0	-0.1822671229982195	-0.6226785565144128	-0.8823529494262481	
0.9381845309128092	0.9908445168686995	0.9958514224165937	0.9601816742277635	0.5471804493295098	-0.0938064261508868	0.2587540984698047	0.5764613916660013	0.9999460392342765	0.7817999390381553	0.9996365275711127	0.8657093892497492	0.1822671229982195	0.0	-0.46962813296487316	-0.7817999390381553	
0.9908446225068295	0.8113777497959541	0.83646825770827	0.9789131458763399	0.8761717343618746	0.3847389395320806	0.682078876480049	0.8926817978549034	0.8779380055872024	0.3973963492524323	0.8952043515172092	0.9993748673326376	0.6226785565144128	0.46962813296487316	0.0	-0.3973963492524323	
0.8555943091090786	0.5122714436381003	0.549803333942931	0.817117883015055	0.9955610891824203	0.7198614968534092	0.9165151313401092	0.9982683951462825	0.6153740662462394	0.0	0.6443796262719679	0.9311227945286336	0.8823529494262481	0.7817999390381553	0.3973963492524323	0.0	
