0.0	0.8479976023904916	0.7362895226813185	0.7846018082673154	0.9723968359423181	0.9999499990380406	0.98486320548342	0.7819561896211809	0.5102940228417342	0.572363347217789	0.5213655783070762	0.0	0.14106646044682492	0.572363347217789	0.8861840153112919	0.9942948447662379	
-0.8479976023904916	0.0	-0.18357819341931914	-0.10991950768103698	0.31750436934741844	0.5214936104778974	0.6689638655390163	0.9430220512967893	0.9997338071530925	0.998710746580941	0.999948487340624	0.8479976023904916	0.9142829679029191	0.998710746580941	0.8625832429673943	0.43652331638877007	
-0.7362895226813185	0.18357819341931914	0.0	0.07441436213206454	0.48618768947314117	0.6692699298598226	0.7940476380810674	0.9880775114092196	0.9785079346497857	0.9910566796289846	0.9810911529481641	0.7362895226813185	0.82438168931505	0.9910566796289846	0.9407987269731899	0.5942686561505455	
-0.7846018082673154	0.10991950768103698	-0.07441436213206454	0.0	0.41981237069135324	0.6121230059111598	0.7466128860064452	0.9738813455918491	0.9911398549622212	0.9982388542821053	0.992773607682093	0.7846018082673154	0.8642170964886645	0.9982388542821053	0.9129663582876719	0.5327720054188659	
-0.9723968359423181	-0.31750436934741844	-0.48618768947314117	-0.41981237069135324	0.0	0.22359761682675786	0.3983501537116837	0.7885837768606256	0.9553298342735933	0.930916908462461	0.9514306335078102	0.9723968359423181	0.9955884842180719	0.930916908462461	0.657320159538028	0.12827976604172234	
-0.9999499990380406	-0.5214936104778974	-0.6692699298598226	-0.6121230059111598	-0.22359761682675786	0.0	0.18317333375703515	0.6311217640442559	0.8650599306602829	0.8256827373842636	0.858504397998114	0.9999499990380406	0.9913612877317434	0.8256827373842636	0.4721721030274925	-0.09671833793216962	
-0.98486320548342	-0.6689638655390163	-0.7940476380810674	-0.7466128860064452	-0.3983501537116837	-0.18317333375703515	0.0	0.47835899989227293	0.7585313661831277	0.7083782646170347	0.750046625302144	0.98486320548342	0.9505631708592521	0.7083782646170347	0.30271478655126594	-0.2773965038702084	
-0.7819561896211809	-0.9430220512967893	-0.9880775114092196	-0.9738813455918491	-0.7885837768606256	-0.6311217640442559	-0.47835899989227293	0.0	0.35439902358805947	0.28443098361341074	0.3422847789067247	0.7819561896211809	0.686205292652716	0.28443098361341074	-0.1900816247463748	-0.7031857793703153	
-0.5102940228417342	-0.9997338071530925	-0.9785079346497857	-0.9911398549622212	-0.9553298342735933	-0.8650599306602829	-0.7585313661831277	-0.35439902358805947	0.0	-0.0737913214429734	-0.012923454322346761	0.5102940228417342	0.3838739911824016	-0.0737913214429734	-0.5256819655138567	-0.9095248963350744	
-0.572363347217789	-0.998710746580941	-0.9910566796289846	-0.9982388542821053	-0.930916908462461	-0.8256827373842636	-0.7083782646170347	-0.28443098361341074	0.0737913214429734	0.0	0.06089693787035105	0.572363347217789	0.4509652724308668	0.0	-0.4614759124762722	-0.8763739403699011	
-0.5213655783070762	-0.999948487340624	-0.9810911529481641	-0.992773607682093	-0.9514306335078102	-0.858504397998114	-0.750046625302144	-0.3422847789067247	0.012923454322346761	-0.06089693787035105	0.0	0.5213655783070762	0.39577526352977815	-0.06089693787035105	-0.5146443257363288	-0.9040773140629609	
-0.0	-0.8479976023904916	-0.7362895226813185	-0.7846018082673154	-0.9723968359423181	-0.9999499990380406	-0.98486320548342	-0.7819561896211809	-0.5102940228417342	-0.572363347217789	-0.5213655783070762	0.0	-0.14106646044682492	-0.572363347217789	-0.8861840153112919	-0.9942948447662379	
-0.14106646044682492	-0.9142829679029191	-0.82438168931505	-0.8642170964886645	-0.9955884842180719	-0.9913612877317434	-0.9505631708592521	-0.686205292652716	-0.3838739911824016	-0.4509652724308668	-0.39577526352977815	0.14106646044682492	0.0	-0.4509652724308668	-0.8119614781454486	-0.9993991022013738	
-0.572363347217789	-0.998710746580941	-0.9910566796289846	-0.9982388542821053	-0.930916908462461	-0.8256827373842636	-0.7083782646170347	-0.28443098361341074	0.0737913214429734	0.0	0.06089693787035105	0.572363347217789	0.4509652724308668	0.0	-0.4614759124762722	-0.8763739403699011	
-0.8861840153112919	-0.8625832429673943	-0.9407987269731899	-0.9129663582876719	-0.657320159538028	-0.4721721030274925	-0.30271478655126594	0.1900816247463748	0.5256819655138567	0.4614759124762722	0.5146443257363288	0.8861840153112919	0.8119614781454486	0.4614759124762722	0.0	-0.5552162942944434	
-0.9942948447662379	-0.43652331638877007	-0.5942686561505455	-0.5327720054188659	-0.12827976604172234	0.09671833793216962	0.2773965038702084	0.7031857793703153	0.9095248963350744	0.8763739403699011	0.9040773140629609	0.9942948447662379	0.9993991022013738	0.8763739403699011	0.5552162942944434	0.0	
