0.0	-0.09578278175369848	0.6347484637406915	0.8149247472891652	0.4470310367965519	0.05923023613149231	-0.16551974847845913	0.1689513772094196	0.85221306185929	0.7216023762493452	0.9719282816814989	0.42625081976692814	-0.06280864482260201	-0.7216023762493452	0.24489991001406586	0.3835025446544638	
0.09578278175369848	0.0	0.7058432140801761	0.8666904536919844	0.5306551693965363	0.1545725314513286	-0.07029713203566157	0.2625804282082751	0.8984078699197409	0.6519734745363963	0.9899951236808733	0.5109366142325966	0.03307380008360439	-0.6519734745363963	0.3366399633843665	0.47019851254389006	
-0.6347484637406915	-0.7058432140801761	0.0	0.26182857065937376	-0.22236491104638295	-0.587865747919626	-0.7538932715532348	-0.495071655182698	0.32642392345803284	0.9970370188625725	0.6016853684462586	-0.24482461142873613	-0.682028631145052	-0.9970370188625725	-0.4261805643173325	-0.2898758446476986	
-0.8149247472891652	-0.8666904536919844	-0.26182857065937376	0.0	-0.46988087940786966	-0.7791661459326154	-0.8996138112384393	-0.70529109823628	0.0675499160669494	0.9823954802535674	0.3715640407582257	-0.4901441992426633	-0.8497175542613704	-0.9823954802535674	-0.6481731041062037	-0.5303501178592758	
-0.4470310367965519	-0.5306551693965363	0.22236491104638295	0.46988087940786966	0.0	-0.3932636672012992	-0.5889253717295053	-0.2894745680166517	0.5284359487139733	0.9549696849992769	0.764231514831343	-0.02309729774370811	-0.50233190474469	-0.9549696849992769	-0.21435072409935707	-0.0698008623540135	
-0.05923023613149231	-0.1545725314513286	0.587865747919626	0.7791661459326154	0.3932636672012992	0.0	-0.22364239590312968	0.11027599227933205	0.8197279155207784	0.7613410449637451	0.9562863832827491	0.37192250301271557	-0.1218116659628557	-0.7613410449637451	0.18704337243611135	0.3281277662141195	
0.16551974847845913	0.07029713203566157	0.7538932715532348	0.8996138112384393	0.5889253717295053	0.22364239590312968	0.0	0.3297612429165303	0.9270571276211356	0.5970583329527894	0.9974650074966334	0.5701013138161617	0.10325065202816147	-0.5970583329527894	0.4020012788562682	0.5310767716522191	
-0.1689513772094196	-0.2625804282082751	0.495071655182698	0.70529109823628	0.2894745680166517	-0.11027599227933205	-0.3297612429165303	0.0	0.7515674787362989	0.8281952462887646	0.9182057902778732	0.26728893929022457	-0.23052352961675898	-0.8281952462887646	0.07757279195806255	0.2219561360505231	
-0.85221306185929	-0.8984078699197409	-0.32642392345803284	-0.0675499160669494	-0.5284359487139733	-0.8197279155207784	-0.9270571276211356	-0.7515674787362989	0.0	0.9675323799615687	0.30800151282144667	-0.5479039596885007	-0.883391604367585	-0.9675323799615687	-0.698131399155518	-0.5864061241124526	
-0.7216023762493452	-0.6519734745363963	-0.9970370188625725	-0.9823954802535674	-0.9549696849992769	-0.7613410449637451	-0.5970583329527894	-0.8281952462887646	-0.9675323799615687	0.0	-0.8426501448125876	-0.9478618734321708	-0.6766947246793261	-0.0	-0.8691745087045927	-0.9319303093346594	
-0.9719282816814989	-0.9899951236808733	-0.6016853684462586	-0.3715640407582257	-0.764231514831343	-0.9562863832827491	-0.9974650074966334	-0.9182057902778732	-0.30800151282144667	0.8426501448125876	0.0	-0.778924052100168	-0.9847867440921625	-0.8426501448125876	-0.884712083969184	-0.8073850205949791	
-0.42625081976692814	-0.5109366142325966	0.24482461142873613	0.4901441992426633	0.02309729774370811	-0.37192250301271557	-0.5701013138161617	-0.26728893929022457	0.5479039596885007	0.9478618734321708	0.778924052100168	0.0	-0.4822262402799585	-0.9478618734321708	-0.19173309831055668	-0.04674127883651252	
0.06280864482260201	-0.03307380008360439	0.682028631145052	0.8497175542613704	0.50233190474469	0.1218116659628557	-0.10325065202816147	0.23052352961675898	0.883391604367585	0.6766947246793261	0.9847867440921625	0.4822262402799585	0.0	-0.6766947246793261	0.30531239563285223	0.4407516371000588	
0.7216023762493452	0.6519734745363963	0.9970370188625725	0.9823954802535674	0.9549696849992769	0.7613410449637451	0.5970583329527894	0.8281952462887646	0.9675323799615687	0.0	0.8426501448125876	0.9478618734321708	0.6766947246793261	0.0	0.8691745087045927	0.9319303093346594	
-0.24489991001406586	-0.3366399633843665	0.4261805643173325	0.6481731041062037	0.21435072409935707	-0.18704337243611135	-0.4020012788562682	-0.07757279195806255	0.698131399155518	0.8691745087045927	0.884712083969184	0.19173309831055668	-0.30531239563285223	-0.8691745087045927	0.0	0.14564944684335268	
-0.3835025446544638	-0.47019851254389006	0.2898758446476986	0.5303501178592758	0.0698008623540135	-0.3281277662141195	-0.5310767716522191	-0.2219561360505231	0.5864061241124526	0.9319303093346594	0.8073850205949791	0.04674127883651252	-0.4407516371000588	-0.9319303093346594	-0.14564944684335268	0.0	
