0.0	0.19714102257760138	-0.36669772193967914	-0.04748799292941619	0.7710582598450801	0.796448893607145	0.9635111651462571	0.9955400740819136	0.5527793192688832	-0.1816243146630933	-0.9955400740819136	-0.9323010045361362	-0.6377249231928092	-0.4458460594461666	-0.009480362218391769	0.641284830920845	
-0.19714102257760138	0.0	-0.5429095379096494	-0.24347465758887965	0.6303939252428215	0.6616063676328878	0.8918340230759543	0.9946009465801867	0.37764803189948165	-0.3719221346849745	-0.9946009465801867	-0.9853073519266917	-0.7770603315995719	-0.613559225776174	-0.2064264745774892	0.47743282499585893	
0.36669772193967914	0.5429095379096494	0.0	0.3221040307088994	0.9508465807463731	0.9627126332391468	0.9945464128497786	0.8915967764708012	0.8198521529638261	0.19162641182991444	-0.8915967764708012	-0.7347285933168176	-0.31084697216023544	-0.08655381575310306	0.3578612811376215	0.8779812524831763	
0.04748799292941619	0.24347465758887965	-0.3221040307088994	0.0	0.8004270317207371	0.8242666139457107	0.9751351632526504	0.9899369161357109	0.5917287375672197	-0.13472123545338513	-0.9899369161357109	-0.9140735750047885	-0.6004271471755178	-0.4028360989875105	0.03801619227823837	0.6769990145261863	
-0.7710582598450801	-0.6303939252428215	-0.9508465807463731	-0.8004270317207371	0.0	0.0408870265951653	0.40714207242256834	0.706666011223125	-0.29055388780934754	-0.8738859476101402	-0.706666011223125	-0.8725352044072341	-0.9999992236192939	-0.9740806807216812	-0.7770603678480811	-0.18328777063342794	
-0.796448893607145	-0.6616063676328878	-0.9627126332391468	-0.8242666139457107	-0.0408870265951653	0.0	0.3694568378594855	0.6771455757542827	-0.32943402390663634	-0.893031634298707	-0.6771455757542827	-0.8518301617678316	-0.9991120509096014	-0.9825148114062918	-0.8021459319308484	-0.22332887284580621	
-0.9635111651462571	-0.8918340230759543	-0.9945464128497786	-0.9751351632526504	-0.40714207242256834	-0.3694568378594855	0.0	0.35737162449538856	-0.6549591112893274	-0.9961010830320948	-0.35737162449538856	-0.5980332127091204	-0.9128567929120616	-0.981786931582001	-0.9660054562453225	-0.5676534074121506	
-0.9955400740819136	-0.9946009465801867	-0.8915967764708012	-0.9899369161357109	-0.706666011223125	-0.6771455757542827	-0.35737162449538856	0.0	-0.8817600835577379	-0.9618478779902437	-0.0	-0.27211734939711024	-0.7066661519754011	-0.8490565897453561	-0.9946009612475453	-0.8243793593588556	
-0.5527793192688832	-0.37764803189948165	-0.8198521529638261	-0.5917287375672197	0.29055388780934754	0.32943402390663634	0.6549591112893274	0.8817600835577379	0.0	-0.6949380583670889	-0.8817600835577379	-0.9768433035893211	-0.9572199460473526	-0.8663339676473666	-0.5606547258272564	0.11025121727278331	
0.1816243146630933	0.3719221346849745	-0.19162641182991444	0.13472123545338513	0.8738859476101402	0.893031634298707	0.9961010830320948	0.9618478779902437	0.6949380583670889	0.0	-0.9618478779902437	-0.851104478692588	-0.48721957176225855	-0.27585706704894275	0.17229346776992432	0.7699798430328454	
0.9955400740819136	0.9946009465801867	0.8915967764708012	0.9899369161357109	0.706666011223125	0.6771455757542827	0.35737162449538856	0.0	0.8817600835577379	0.9618478779902437	0.0	0.27211734939711024	0.7066661519754011	0.8490565897453561	0.9946009612475453	0.8243793593588556	
0.9323010045361362	0.9853073519266917	0.7347285933168176	0.9140735750047885	0.8725352044072341	0.8518301617678316	0.5980332127091204	0.27211734939711024	0.9768433035893211	0.851104478692588	-0.27211734939711024	0.0	0.4874635991546429	0.6732565378747731	0.9288302182091929	0.947299318028533	
0.6377249231928092	0.7770603315995719	0.31084697216023544	0.6004271471755178	0.9999992236192939	0.9991120509096014	0.9128567929120616	0.7066661519754011	0.9572199460473526	0.48721957176225855	-0.7066661519754011	-0.4874635991546429	0.0	0.22741448101752548	0.6303938805372924	0.9832869342990889	
0.4458460594461666	0.613559225776174	0.08655381575310306	0.4028360989875105	0.9740806807216812	0.9825148114062918	0.981786931582001	0.8490565897453561	0.8663339676473666	0.27585706704894275	-0.8490565897453561	-0.6732565378747731	-0.22741448101752548	0.0	0.4373400595454734	0.9161192243286214	
0.009480362218391769	0.2064264745774892	-0.3578612811376215	-0.03801619227823837	0.7770603678480811	0.8021459319308484	0.9660054562453225	0.9946009612475453	0.5606547258272564	-0.17229346776992432	-0.9946009612475453	-0.9288302182091929	-0.6303938805372924	-0.4373400595454734	0.0	0.648530321388455	
-0.641284830920845	-0.47743282499585893	-0.8779812524831763	-0.6769990145261863	0.18328777063342794	0.22332887284580621	0.5676534074121506	0.8243793593588556	-0.11025121727278331	-0.7699798430328454	-0.8243793593588556	-0.947299318028533	-0.9832869342990889	-0.9161192243286214	-0.648530321388455	0.0	
