0.0	-0.2865199987865905	-0.7653406061291019	-0.6207560612165367	0.14070926815520376	0.8396240723941415	0.9730084820670899	0.553515842400204	0.780713678677931	0.5301834992551739	-0.3596507092102049	-0.9730084820670901	-0.37771557636602926	0.37285896858417705	-0.13614144315318288	-0.23076942171301845	
0.2865199987865905	0.0	-0.548841564585115	-0.37009764541155576	0.4184793277901716	0.9600506920810754	0.998334417217852	0.7689342100381197	0.9270248512518136	0.7508905795215899	-0.07722399873694794	-0.9983344172178522	-0.09658449538911028	0.6230850571203629	0.15341871601407212	0.05769214111039188	
0.7653406061291019	0.548841564585115	0.0	0.20049550412127265	0.8482902712788776	0.9561119300433579	0.8028702056225584	0.9936621339666334	0.9807400734512299	0.9901588413399887	0.48264901763115065	-0.8028702056225586	0.4655380853762852	0.9501319166272918	0.6705907321810975	0.5961538093015041	
0.6207560612165367	0.37009764541155576	-0.20049550412127265	0.0	0.724896730655254	0.9954432331718741	0.9060937928592114	0.9509481458240001	0.9999860474208361	0.941994328427511	0.29725190465811346	-0.9060937928592117	0.278641054216498	0.8683149538285412	0.5082410513765968	0.4230768058117249	
-0.14070926815520376	-0.4184793277901716	-0.8482902712788776	-0.724896730655254	0.0	0.7548418541576644	0.9308565943676025	0.4308207741785788	0.6850186650133027	0.4056036959262522	-0.4873665198751427	-0.9308565943676027	-0.5042434295827362	0.23858693437560108	-0.2741861482600832	-0.36538479642015204	
-0.8396240723941415	-0.9600506920810754	-0.9561119300433579	-0.9954432331718741	-0.7548418541576644	0.0	0.3347475150766697	-0.3986193136427171	-0.10061312791007881	-0.42392423364795423	-0.9787930516763486	-0.3347475150766698	-0.9825891188871764	-0.5765520835161729	-0.905754345038378	-0.9423078829903078	
-0.9730084820670899	-0.998334417217852	-0.8028702056225584	-0.9060937928592114	-0.9308565943676025	-0.3347475150766697	0.0	-0.6826245756090144	-0.4278574216711767	-0.70264717675535	-0.9908979358981345	-0.0	-0.9880948197496668	-0.8167984975308791	-0.9953664718234384	-0.9999999999999974	
-0.553515842400204	-0.7689342100381197	-0.9936621339666334	-0.9509481458240001	-0.4308207741785788	0.3986193136427171	0.6826245756090144	0.0	0.3043226116252474	-0.027759324071375324	-0.8160094522265742	-0.6826245756090145	-0.8270884441142007	-0.2030693636097335	-0.6617461387752971	-0.7307692934495531	
-0.780713678677931	-0.9270248512518136	-0.9807400734512299	-0.9999860474208361	-0.6850186650133027	0.10061312791007881	0.4278574216711767	-0.3043226116252474	0.0	-0.3306480088333163	-0.9532155320002015	-0.4278574216711768	-0.9589099904414278	-0.4914194394120092	-0.8585180520990214	-0.9038462712928031	
-0.5301834992551739	-0.7508905795215899	-0.9901588413399887	-0.941994328427511	-0.4056036959262522	0.42392423364795423	0.70264717675535	0.027759324071375324	0.3306480088333163	0.0	-0.7996490316825043	-0.7026471767553502	-0.8111669805839142	-0.1758101672868163	-0.640679183411915	-0.7115384857000175	
0.3596507092102049	0.07722399873694794	-0.48264901763115065	-0.29725190465811346	0.4873665198751427	0.9787930516763486	0.9908979358981345	0.8160094522265742	0.9532155320002015	0.7996490316825043	0.0	-0.9908979358981347	-0.019433111464357777	0.6816254467391669	0.2292703369150026	0.13461523509857395	
0.9730084820670901	0.9983344172178522	0.8028702056225586	0.9060937928592117	0.9308565943676027	0.3347475150766698	0.0	0.6826245756090145	0.4278574216711768	0.7026471767553502	0.9908979358981347	0.0	0.9880948197496671	0.8167984975308793	0.9953664718234386	0.9999999999999977	
0.37771557636602926	0.09658449538911028	-0.4655380853762852	-0.278641054216498	0.5042434295827362	0.9825891188871764	0.9880948197496668	0.8270884441142007	0.9589099904414278	0.8111669805839142	0.019433111464357777	-0.9880948197496671	0.0	0.6957159604476463	0.2481425088447065	0.15384604448334807	
-0.37285896858417705	-0.6230850571203629	-0.9501319166272918	-0.8683149538285412	-0.23858693437560108	0.5765520835161729	0.8167984975308791	0.2030693636097335	0.4914194394120092	0.1758101672868163	-0.6816254467391669	-0.8167984975308793	-0.6957159604476463	0.0	-0.4957114466688758	-0.5769231161509378	
0.13614144315318288	-0.15341871601407212	-0.6705907321810975	-0.5082410513765968	0.2741861482600832	0.905754345038378	0.9953664718234384	0.6617461387752971	0.8585180520990214	0.640679183411915	-0.2292703369150026	-0.9953664718234386	-0.2481425088447065	0.4957114466688758	0.0	-0.09615404558784602	
0.23076942171301845	-0.05769214111039188	-0.5961538093015041	-0.4230768058117249	0.36538479642015204	0.9423078829903078	0.9999999999999974	0.7307692934495531	0.9038462712928031	0.7115384857000175	-0.13461523509857395	-0.9999999999999977	-0.15384604448334807	0.5769231161509378	0.09615404558784602	0.0	
