0.0	0.012316646108339296	-0.5006618782194642	-0.2513044619517216	0.3482471588058259	0.6433512458026601	0.6213524165074853	0.8235790244949625	0.9892341580956099	0.853694301265675	0.3130863845399853	-0.7385574742684129	-0.9892341580956099	-0.6521830910371946	-0.5686741201061887	-0.43379005488832734	
-0.012316646108339296	0.0	-0.5112857192681545	-0.2632067812030864	0.336675085359622	0.6338731769981025	0.6116548084445974	0.8165305330732533	0.9909615561390411	0.8472153514472477	0.3013652136259914	-0.746805218687654	-0.9909615561390411	-0.6614703961930787	-0.5787622008990798	-0.4448546210181572	
0.5006618782194642	0.5112857192681545	0.0	0.2670547504589879	0.7707795128459024	0.9402047441816834	0.9301535397237679	0.9969015503955417	0.7830560382956601	0.9997263571180914	0.7465119438942124	-0.30178556461257217	-0.7830560382956601	-0.18502519523861444	-0.08044283925983514	0.07559605597317565	
0.2513044619517216	0.2632067812030864	-0.2670547504589879	0.0	0.5726447355482815	0.8150963185326806	0.7983169215752922	0.9396890777542276	0.9207115174357344	0.9571705650359443	0.5417088867657219	-0.5454286671501446	-0.9207115174357344	-0.4407490551352365	-0.3437105502969257	-0.1934400698375694	
-0.3482471588058259	-0.336675085359622	-0.7707795128459024	-0.5726447355482815	0.0	0.33647125195680616	0.30959494257985953	0.5744989168715547	0.9782737676914857	0.6188971592987563	-0.037250873958459635	-0.9271107407480695	-0.9782737676914857	-0.8753509817948127	-0.8195318814849951	-0.7204115483617913	
-0.6433512458026601	-0.6338731769981025	-0.9402047441816834	-0.8150963185326806	-0.33647125195680616	0.0	-0.028396307724705916	0.26559851555308983	0.8514779920798936	0.31852282299646467	-0.3713166372659822	-0.9991596004438874	-0.8514779920798936	-0.9869923553276662	-0.964557370497019	-0.9117656131447032	
-0.6213524165074853	-0.6116548084445974	-0.9301535397237679	-0.7983169215752922	-0.30959494257985953	0.028396307724705916	0.0	0.29286782936094585	0.8660253775551994	0.34531166810136393	-0.3448007507284462	-0.9975927484580254	-0.8660253775551994	-0.9820291495899202	-0.9566753812066611	-0.8997352638685492	
-0.8235790244949625	-0.8165305330732533	-0.9969015503955417	-0.9396890777542276	-0.5744989168715547	-0.26559851555308983	-0.29286782936094585	0.0	0.6816187782839767	0.05531780178044565	-0.6045902225411732	-0.9741601097703698	-0.6816187782839767	-0.994242794289457	-0.9999983995166418	-0.9881026014158445	
-0.9892341580956099	-0.9909615561390411	-0.7830560382956601	-0.9207115174357344	-0.9782737676914857	-0.8514779920798936	-0.8660253775551994	-0.6816187782839767	0.0	-0.6400986328033273	-0.985317540370178	-0.5588508194680214	-0.0	-0.6544589842508969	-0.7304868117825487	-0.8278323967721865	
-0.853694301265675	-0.8472153514472477	-0.9997263571180914	-0.9571705650359443	-0.6188971592987563	-0.31852282299646467	-0.34531166810136393	-0.05531780178044565	0.6400986328033273	0.0	-0.6477271303401779	-0.960174475972341	-0.6400986328033273	-0.9867930683436044	-0.9983682296822249	-0.9950972805875131	
-0.3130863845399853	-0.3013652136259914	-0.7465119438942124	-0.5417088867657219	0.037250873958459635	0.3713166372659822	0.3448007507284462	0.6045902225411732	0.985317540370178	0.6477271303401779	0.0	-0.912506113082854	-0.985317540370178	-0.8567330893346495	-0.7976170795287922	-0.6940763179385938	
0.7385574742684129	0.746805218687654	0.30178556461257217	0.5454286671501446	0.9271107407480695	0.9991596004438874	0.9975927484580254	0.9741601097703698	0.5588508194680214	0.960174475972341	0.912506113082854	0.0	-0.5588508194680214	0.12017631880014396	0.22411528640671696	0.37299346510288117	
0.9892341580956099	0.9909615561390411	0.7830560382956601	0.9207115174357344	0.9782737676914857	0.8514779920798936	0.8660253775551994	0.6816187782839767	0.0	0.6400986328033273	0.985317540370178	0.5588508194680214	0.0	0.6544589842508969	0.7304868117825487	0.8278323967721865	
0.6521830910371946	0.6614703961930787	0.18502519523861444	0.4407490551352365	0.8753509817948127	0.9869923553276662	0.9820291495899202	0.994242794289457	0.6544589842508969	0.9867930683436044	0.8567330893346495	-0.12017631880014396	-0.6544589842508969	0.0	0.10537167464622127	0.2587865477472885	
0.5686741201061887	0.5787622008990798	0.08044283925983514	0.3437105502969257	0.8195318814849951	0.964557370497019	0.9566753812066611	0.9999983995166418	0.7304868117825487	0.9983682296822249	0.7976170795287922	-0.22411528640671696	-0.7304868117825487	-0.10537167464622127	0.0	0.1555637200677778	
0.43379005488832734	0.4448546210181572	-0.07559605597317565	0.1934400698375694	0.7204115483617913	0.9117656131447032	0.8997352638685492	0.9881026014158445	0.8278323967721865	0.9950972805875131	0.6940763179385938	-0.37299346510288117	-0.8278323967721865	-0.2587865477472885	-0.1555637200677778	0.0	
