0.0	0.4384938080460841	0.2729601719477744	0.6650088751905732	0.9674232150544279	0.9987173323549554	0.9919561120383058	0.9992787013649888	0.8547819375521106	0.6354380913048518	0.7178454532641487	0.0	0.7637013869145565	0.7053484116100749	0.7844016582755347	0.9706475618319668	
-0.4384938080460841	0.0	-0.176523507923219	0.2701835037427684	0.7584452222734874	0.9197836436833766	0.8359993499163116	0.8814342883337325	0.995794496067147	0.9096737426759807	0.9504327468011038	0.4384938080460841	0.9694428631913421	0.32308968075396116	0.43299141483075754	0.7668936186836709	
-0.2729601719477744	0.176523507923219	0.0	0.4358990516639274	0.8615817850107478	0.9746121396101148	0.919734991701133	0.9509658494842916	0.9639847478822686	0.8220742358224902	0.8806210634289342	0.2729601719477744	0.9109148889332955	0.48507227886848436	0.5853098462834568	0.8681388872730369	
-0.6650088751905732	-0.2701835037427684	-0.4358990516639274	0.0	0.554149239632409	0.7795488372423074	0.6566496587976268	0.7210432578233212	0.9835126312237259	0.9880555085089299	0.9990932691567749	0.6650088751905732	0.9996688287022466	0.05538048549391261	0.17334508258613035	0.5649751468565405	
-0.9674232150544279	-0.7584452222734874	-0.8615817850107478	-0.554149239632409	0.0	0.3018233283385398	0.12866955921321244	0.21624441341970974	0.7184809238254964	0.9078680361835445	0.8552555186936223	0.9674232150544279	0.8178812489262457	-0.5071991235383074	-0.4014646049858062	0.013062178538709779	
-0.9987173323549554	-0.9197836436833766	-0.9746121396101148	-0.7795488372423074	-0.3018233283385398	0.0	-0.1766455194677513	-0.08852235355111047	0.4750415485630291	0.7389873350482093	0.6589628988165319	0.9987173323549554	0.606073200985219	-0.7436653882891666	-0.6591741532122264	-0.2893445694655364	
-0.9919561120383058	-0.8359993499163116	-0.919734991701133	-0.6566496587976268	-0.12866955921321244	0.1766455194677513	0.0	0.08882174441637783	0.6230128854303694	0.8463759144491214	0.7814688228516304	0.9919561120383058	0.7370478316762138	-0.6138741872082238	-0.5159726131557192	-0.11570498242384243	
-0.9992787013649888	-0.8814342883337325	-0.9509658494842916	-0.7210432578233212	-0.21624441341970974	0.08852235355111047	-0.08882174441637783	0.0	0.5510730542042519	0.7957254311353358	0.7229602765413707	0.9992787013649888	0.6741053384996004	-0.681564102212359	-0.5900184083977681	-0.20347284701803536	
-0.8547819375521106	-0.995794496067147	-0.9639847478822686	-0.9835126312237259	-0.7184809238254964	-0.4750415485630291	-0.6230128854303694	-0.5510730542042519	0.0	0.3302371156330021	0.22254862359675665	0.8547819375521106	0.15546995183392526	-0.9719882811395595	-0.937275751590687	-0.7093342727106456	
-0.6354380913048518	-0.9096737426759807	-0.8220742358224902	-0.9880555085089299	-0.9078680361835445	-0.7389873350482093	-0.8463759144491214	-0.7957254311353358	-0.3302371156330021	0.0	-0.11189209218584101	0.6354380913048518	-0.17947385997686371	-0.9950732060860636	-0.9998096803392763	-0.9023141851508094	
-0.7178454532641487	-0.9504327468011038	-0.8806210634289342	-0.9990932691567749	-0.8552555186936223	-0.6589628988165319	-0.7814688228516304	-0.7229602765413707	-0.22254862359675665	0.11189209218584101	0.0	0.7178454532641487	-0.06827155779719724	-0.9999178139511662	-0.9913483297939788	-0.8484136474266681	
-0.0	-0.4384938080460841	-0.2729601719477744	-0.6650088751905732	-0.9674232150544279	-0.9987173323549554	-0.9919561120383058	-0.9992787013649888	-0.8547819375521106	-0.6354380913048518	-0.7178454532641487	0.0	-0.7637013869145565	-0.7053484116100749	-0.7844016582755347	-0.9706475618319668	
-0.7637013869145565	-0.9694428631913421	-0.9109148889332955	-0.9996688287022466	-0.8178812489262457	-0.606073200985219	-0.7370478316762138	-0.6741053384996004	-0.15546995183392526	0.17947385997686371	0.06827155779719724	0.7637013869145565	0.0	-0.996709505104853	-0.9800741483153617	-0.8102956638559716	
-0.7053484116100749	-0.32308968075396116	-0.48507227886848436	-0.05538048549391261	0.5071991235383074	0.7436653882891666	0.6138741872082238	0.681564102212359	0.9719882811395595	0.9950732060860636	0.9999178139511662	0.7053484116100749	0.996709505104853	0.0	0.1185369653636954	0.5184132153392647	
-0.7844016582755347	-0.43299141483075754	-0.5853098462834568	-0.17334508258613035	0.4014646049858062	0.6591741532122264	0.5159726131557192	0.5900184083977681	0.937275751590687	0.9998096803392763	0.9913483297939788	0.7844016582755347	0.9800741483153617	-0.1185369653636954	0.0	0.41339367122305554	
-0.9706475618319668	-0.7668936186836709	-0.8681388872730369	-0.5649751468565405	-0.013062178538709779	0.2893445694655364	0.11570498242384243	0.20347284701803536	0.7093342727106456	0.9023141851508094	0.8484136474266681	0.9706475618319668	0.8102956638559716	-0.5184132153392647	-0.41339367122305554	0.0	
