0.0	0.16874138814079725	-0.4165978184438139	-0.10239365097139919	0.6335808177399499	0.899387940254655	0.8960492125411198	0.8518911310707082	0.96580868798772	0.4165978184438139	0.9090110116979717	0.7809796086279178	0.4953780938824175	-0.10239365097139919	0.3713332855699292	0.6335808177399499	
-0.16874138814079725	0.0	-0.5640252151994231	-0.2687798389785027	0.49394424762611	0.8127255089171395	0.8082866501677076	0.7513022618185188	0.9082121521324892	0.5640252151994231	0.966302822553446	0.6643921069302053	0.341692708149742	-0.2687798389785027	0.20933218067169573	0.49394424762611	
0.4165978184438139	0.5640252151994231	0.0	0.3213230265160814	0.8982945011191679	0.9997417017846154	0.9995407567402544	0.9926266288824122	0.9860132932079598	0.0	0.6527472890517138	0.9701703375090917	0.8122328536221894	0.3213230265160814	0.7243866359827609	0.8982945011191679	
0.10239365097139919	0.2687798389785027	-0.3213230265160814	0.0	0.7094702526766115	0.9394222449620422	0.9367976858742215	0.9010390464422847	0.987278505667708	0.3213230265160814	0.8615583942414071	0.8408253689898295	0.5817214228884509	0.0	0.4644540104924978	0.7094702526766115	
-0.6335808177399499	-0.49394424762611	-0.8982945011191679	-0.7094702526766115	0.0	0.41886459417876154	0.41197102514615463	0.32726990233537456	0.5829639863370559	0.8982945011191679	0.9673392760324557	0.20851854782893145	-0.1671149842881831	-0.7094702526766115	-0.3009877227496315	0.0	
-0.899387940254655	-0.8127255089171395	-0.9997417017846154	-0.9394222449620422	-0.41886459417876154	0.0	-0.007578382883439802	-0.09862108792143093	0.18903305057948772	0.9997417017846154	0.7722152198745665	-0.22031228800610336	-0.5647228194818887	-0.9394222449620422	-0.6727525234925816	-0.41886459417876154	
-0.8960492125411198	-0.8082866501677076	-0.9995407567402544	-0.9367976858742215	-0.41197102514615463	0.007578382883439802	0.0	-0.09107681717690493	0.19646937237749412	0.9995407567402544	0.7770080539159935	-0.21291378404344674	-0.5584523100132132	-0.9367976858742215	-0.6671262046556655	-0.41197102514615463	
-0.8518911310707082	-0.7513022618185188	-0.9926266288824122	-0.9010390464422847	-0.32726990233537456	0.09862108792143093	0.09107681717690493	0.0	0.2849545466761094	0.9926266288824122	0.8311107126736971	-0.12304037069879277	-0.4805797537782805	-0.9010390464422847	-0.5965063478753335	-0.32726990233537456	
-0.96580868798772	-0.9082121521324892	-0.9860132932079598	-0.987278505667708	-0.5829639863370559	-0.18903305057948772	-0.19646937237749412	-0.2849545466761094	0.0	0.9860132932079598	0.638188503658468	-0.40072861059712406	-0.7105465940052855	-0.987278505667708	-0.8004827100571741	-0.5829639863370559	
-0.4165978184438139	-0.5640252151994231	-0.0	-0.3213230265160814	-0.8982945011191679	-0.9997417017846154	-0.9995407567402544	-0.9926266288824122	-0.9860132932079598	0.0	-0.6527472890517138	-0.9701703375090917	-0.8122328536221894	-0.3213230265160814	-0.7243866359827609	-0.8982945011191679	
-0.9090110116979717	-0.966302822553446	-0.6527472890517138	-0.8615583942414071	-0.9673392760324557	-0.7722152198745665	-0.7770080539159935	-0.8311107126736971	-0.638188503658468	0.6527472890517138	0.0	-0.8932192661785311	-0.996097151248166	-0.8615583942414071	-0.9987777538034807	-0.9673392760324557	
-0.7809796086279178	-0.6643921069302053	-0.9701703375090917	-0.8408253689898295	-0.20851854782893145	0.22031228800610336	0.21291378404344674	0.12304037069879277	0.40072861059712406	0.9701703375090917	0.8932192661785311	0.0	-0.3690277692148144	-0.8408253689898295	-0.4932206636196885	-0.20851854782893145	
-0.4953780938824175	-0.341692708149742	-0.8122328536221894	-0.5817214228884509	0.1671149842881831	0.5647228194818887	0.5584523100132132	0.4805797537782805	0.7105465940052855	0.8122328536221894	0.996097151248166	0.3690277692148144	0.0	-0.5817214228884509	-0.1373895259400862	0.1671149842881831	
0.10239365097139919	0.2687798389785027	-0.3213230265160814	0.0	0.7094702526766115	0.9394222449620422	0.9367976858742215	0.9010390464422847	0.987278505667708	0.3213230265160814	0.8615583942414071	0.8408253689898295	0.5817214228884509	0.0	0.4644540104924978	0.7094702526766115	
-0.3713332855699292	-0.20933218067169573	-0.7243866359827609	-0.4644540104924978	0.3009877227496315	0.6727525234925816	0.6671262046556655	0.5965063478753335	0.8004827100571741	0.7243866359827609	0.9987777538034807	0.4932206636196885	0.1373895259400862	-0.4644540104924978	0.0	0.3009877227496315	
-0.6335808177399499	-0.49394424762611	-0.8982945011191679	-0.7094702526766115	0.0	0.41886459417876154	0.41197102514615463	0.32726990233537456	0.5829639863370559	0.8982945011191679	0.9673392760324557	0.20851854782893145	-0.1671149842881831	-0.7094702526766115	-0.3009877227496315	0.0	
