0.0	0.7569124406021637	0.9630572667826212	0.9992215005692499	0.9658759503125596	0.7291150955008517	0.9471622971291778	0.9752127468894147	2.1073424255447017e-08	0.18442091010421197	0.7825072653929331	0.598625190279218	0.5600284602207541	0.4555250523850826	0.8889645555670912	0.9964617032143196	
-0.7569124406021637	0.0	0.4255396178565884	0.6231464780997198	0.43517148716841436	-0.041535536589769884	0.37620277292356985	0.8047989058733169	0.7569124543739898	0.8644514632393226	0.9826663167196048	0.9975203358679223	0.993069528437047	0.971513884594834	0.9276005630102381	0.714820979168449	
-0.9630572667826212	-0.4255396178565884	0.0	0.23109331953700119	0.010670428689004696	-0.462759548748781	-0.05383749233700469	0.47571655008516694	0.9630572724576241	0.9962022281508706	0.810365983634834	0.9326448287052762	0.9486811027432371	0.9800070785375024	0.6804523191676501	0.3492869080497194	
-0.9992215005692499	-0.6231464780997198	-0.23109331953700119	0.0	-0.2206985661012781	-0.6550938767691568	-0.2831383643204353	0.2595702900652949	0.9992215014006204	0.9893578272437161	0.6530275346526775	0.8240221119021665	0.8499221670085105	0.9075009111520116	0.4926901376415156	0.12329416920348579	
-0.9658759503125596	-0.43517148716841436	-0.010670428689004696	0.2206985661012781	0.0	-0.47219236615677124	-0.06448938081259392	0.4663037726935045	0.965875955770684	0.9970745840033478	0.8040677883645018	0.9287418865688031	0.9452527376158312	0.9778282696043187	0.6725943719683448	0.33926866238218795	
-0.7291150955008517	0.041535536589769884	0.462759548748781	0.6550938767691568	0.47219236615677124	0.0	0.41436234646533143	0.8287577032648479	0.7291151099233156	0.8428248743376755	0.9895182908053697	0.9937362805747919	0.9873309336435799	0.9608322934276057	0.942316646748718	0.7432502200373673	
-0.9471622971291778	-0.37620277292356985	0.05383749233700469	0.2831383643204353	0.06448938081259392	-0.41436234646533143	0.0	0.5223820083195502	0.9471623038885776	0.99006983597199	0.8407353990320034	0.9507165659165302	0.9643305050338096	0.9892974333815843	0.7189171693506335	0.39922692321392683	
-0.9752127468894147	-0.8047989058733169	-0.47571655008516694	-0.2595702900652949	-0.4663037726935045	-0.8287577032648479	-0.5223820083195502	0.0	0.9752127422265129	0.9176785874910047	0.4340630558487037	0.6487165784516022	0.6840206909848048	0.767363078109082	0.24992348023548483	-0.1385216469412094	
-2.1073424255447017e-08	-0.7569124543739898	-0.9630572724576241	-0.9992215014006204	-0.965875955770684	-0.7291151099233156	-0.9471623038885776	-0.9752127422265129	0.0	-0.1844208893922526	-0.7825072522717454	-0.5986251733987884	-0.5600284427619833	-0.45552503362503627	-0.8889645459159684	-0.9964617014431393	
-0.18442091010421197	-0.8644514632393226	-0.9962022281508706	-0.9893578272437161	-0.9970745840033478	-0.8428248743376755	-0.99006983597199	-0.9176785874910047	0.1844208893922526	0.0	-0.654257094403375	-0.44063064046778616	-0.3976346794127651	-0.2835358646369468	-0.7892561130440362	-0.9638695346126557	
-0.7825072653929331	-0.9826663167196048	-0.810365983634834	-0.6530275346526775	-0.8040677883645018	-0.9895182908053697	-0.8407353990320034	-0.4340630558487037	0.7825072522717454	0.654257094403375	0.0	0.2540823601916189	0.2995894962416541	0.4129771568771352	-0.19513663358182254	-0.554670156644744	
-0.598625190279218	-0.9975203358679223	-0.9326448287052762	-0.8240221119021665	-0.9287418865688031	-0.9937362805747919	-0.9507165659165302	-0.6487165784516022	0.5986251733987884	0.44063064046778616	-0.2540823601916189	0.0	0.047345843143506317	0.1680209941745549	-0.43793065185339475	-0.7478817070957811	
-0.5600284602207541	-0.993069528437047	-0.9486811027432371	-0.8499221670085105	-0.9452527376158312	-0.9873309336435799	-0.9643305050338096	-0.6840206909848048	0.5600284427619833	0.3976346794127651	-0.2995894962416541	-0.047345843143506317	0.0	0.12115982112337215	-0.4800038650477078	-0.7784726869473235	
-0.4555250523850826	-0.971513884594834	-0.9800070785375024	-0.9075009111520116	-0.9778282696043187	-0.9608322934276057	-0.9892974333815843	-0.767363078109082	0.45552503362503627	0.2835358646369468	-0.4129771568771352	-0.1680209941745549	-0.12115982112337215	0.0	-0.5827571194859988	-0.8487871009848321	
-0.8889645555670912	-0.9276005630102381	-0.6804523191676501	-0.4926901376415156	-0.6725943719683448	-0.942316646748718	-0.7189171693506335	-0.24992348023548483	0.8889645459159684	0.7892561130440362	0.19513663358182254	0.43793065185339475	0.4800038650477078	0.5827571194859988	0.0	-0.38163981375893463	
-0.9964617032143196	-0.714820979168449	-0.3492869080497194	-0.12329416920348579	-0.33926866238218795	-0.7432502200373673	-0.39922692321392683	0.1385216469412094	0.9964617014431393	0.9638695346126557	0.554670156644744	0.7478817070957811	0.7784726869473235	0.8487871009848321	0.38163981375893463	0.0	
