0.0	-0.04194279158688913	0.0	0.7364758146186217	0.9021253983189927	0.8680476111181892	0.8587779031046001	0.8118446697852733	0.45613961532155245	0.9501593168784326	0.8856860286722842	0.6677894662846141	0.038759795123021135	-0.45613958880022043	-0.08802487638207152	-0.08802487638207152	
0.04194279158688913	0.0	0.04194279158688913	0.7642005094948228	0.9194287623086786	0.8881075387940026	0.8795114975346436	0.7866409744049816	0.4184129835442667	0.9623994747362953	0.9043800326271973	0.6984219464012164	0.08063696100488593	-0.4184129564761019	-0.0461674344422498	-0.0461674344422498	
0.0	-0.04194279158688913	0.0	0.7364758146186217	0.9021253983189927	0.8680476111181892	0.8587779031046001	0.8118446697852733	0.45613961532155245	0.9501593168784326	0.8856860286722842	0.6677894662846141	0.038759795123021135	-0.45613958880022043	-0.08802487638207152	-0.08802487638207152	
-0.7364758146186217	-0.7642005094948228	-0.7364758146186217	0.0	0.29248511733190685	0.22155663055428387	0.2036002888474821	0.979192282854747	0.9639578577637993	0.41314123975050054	0.2572001696054747	-0.09646047390527085	-0.7097027936695691	-0.9639578498347428	-0.793162668268585	-0.793162668268585	
-0.9021253983189927	-0.9194287623086786	-0.9021253983189927	-0.29248511733190685	0.0	-0.07334815716461937	-0.09166188860140503	0.8770169120058191	0.9996211727225136	0.12871807099303087	-0.03669255123657531	-0.3833634699726081	-0.8847236605984052	-0.99962117354276	-0.9366040378447673	-0.9366040378447673	
-0.8680476111181892	-0.8881075387940026	-0.8680476111181892	-0.22155663055428387	0.07334815716461937	0.0	-0.01837561258723263	0.9098953951846516	0.9989473446571759	0.20110934608108233	0.03670504859360216	-0.3145866617907039	-0.8481518223116019	-0.9989473432900956	-0.9083807656996061	-0.9083807656996061	
-0.8587779031046001	-0.8795114975346436	-0.8587779031046001	-0.2036002888474821	0.09166188860140503	0.01837561258723263	0.0	0.9173646611715264	0.9979357580369987	0.2190755663510081	0.055062081145298925	-0.2970908852600976	-0.8382740752694575	-0.9979357561230898	-0.9005437376960426	-0.9005437376960426	
-0.8118446697852733	-0.7866409744049816	-0.8118446697852733	-0.979192282854747	-0.8770169120058191	-0.9098953951846516	-0.9173646611715264	0.0	0.45613942892331844	-0.8078773876886681	-0.8940556152370999	-0.994201301670316	-0.833865430815089	-0.45613945544465295	-0.7572979231405786	-0.7572979231405786	
-0.45613961532155245	-0.4184129835442667	-0.45613961532155245	-0.9639578577637993	-0.9996211727225136	-0.9989473446571759	-0.9979357580369987	-0.45613942892331844	0.0	-0.9877628552349644	-0.9999579155320191	-0.933798956010474	-0.4902895128446348	-2.9802322387695312e-08	-0.37603494592375053	-0.37603494592375053	
-0.9501593168784326	-0.9623994747362953	-0.9501593168784326	-0.41314123975050054	-0.12871807099303087	-0.20110934608108233	-0.2190755663510081	0.8078773876886681	0.9877628552349644	0.0	-0.1650187067241911	-0.49905805280935467	-0.9373613874705209	-0.9877628598830317	-0.97391411674477	-0.97391411674477	
-0.8856860286722842	-0.9043800326271973	-0.8856860286722842	-0.2572001696054747	0.03669255123657531	-0.03670504859360216	-0.055062081145298925	0.8940556152370999	0.9999579155320191	0.1650187067241911	0.0	-0.34921616289509994	-0.8670249070880965	-0.9999579152586042	-0.923116641606218	-0.923116641606218	
-0.6677894662846141	-0.6984219464012164	-0.6677894662846141	0.09646047390527085	0.3833634699726081	0.3145866617907039	0.2970908852600976	0.994201301670316	0.933798956010474	0.49905805280935467	0.34921616289509994	0.0	-0.6384367989636555	-0.933798945347258	-0.7307186271824914	-0.7307186271824914	
-0.038759795123021135	-0.08063696100488593	-0.038759795123021135	0.7097027936695691	0.8847236605984052	0.8481518223116019	0.8382740752694575	0.833865430815089	0.4902895128446348	0.9373613874705209	0.8670249070880965	0.6384367989636555	0.0	-0.4902894868701334	-0.12656807101040257	-0.12656807101040257	
0.45613958880022043	0.4184129564761019	0.45613958880022043	0.9639578498347428	0.99962117354276	0.9989473432900956	0.9979357561230898	0.45613945544465295	2.9802322387695312e-08	0.9877628598830317	0.9999579152586042	0.933798945347258	0.4902894868701334	0.0	0.3760349183087551	0.3760349183087551	
0.08802487638207152	0.0461674344422498	0.08802487638207152	0.793162668268585	0.9366040378447673	0.9083807656996061	0.9005437376960426	0.7572979231405786	0.37603494592375053	0.97391411674477	0.923116641606218	0.7307186271824914	0.12656807101040257	-0.3760349183087551	0.0	0.0	
0.08802487638207152	0.0461674344422498	0.08802487638207152	0.793162668268585	0.9366040378447673	0.9083807656996061	0.9005437376960426	0.7572979231405786	0.37603494592375053	0.97391411674477	0.923116641606218	0.7307186271824914	0.12656807101040257	-0.3760349183087551	0.0	0.0	
