0.0	0.6699301089879961	0.7836424407587682	0.9981617693827025	0.9995407558587238	0.9860133162647473	0.9860132781017781	0.0	0.17341719215156798	0.9428090415820634	0.8745981174962248	0.925483573032776	0.2980653217375188	0.38180625598704576	0.4772126362218103	0.2980653217375188	
-0.6699301089879961	0.0	0.16562637129822977	0.7004576677097722	0.7623841702805575	0.620385175977411	0.8436951839736324	0.6699301089879961	0.7885287472143198	0.47665418438886165	0.32450812868029977	0.433340058557886	-0.4181878548763268	-0.33571560757741403	-0.2344322500229032	-0.4181878548763268	
-0.7836424407587682	-0.16562637129822977	0.0	0.572576809721618	0.6446736425824275	0.48191645898186863	0.7431305821941583	0.7836424407587682	0.8794979116683478	0.32447027705074133	0.1633630553271475	0.27808747923083504	-0.5628605490053282	-0.4870928750072375	-0.3922051783469046	-0.5628605490053282	
-0.9981617693827025	-0.7004576677097722	-0.572576809721618	0.0	0.0908255128566412	-0.10660190060281453	0.2261186868785165	0.9981617693827025	0.9935481905400266	-0.2755807446360211	-0.4309514467088064	-0.32200162760495776	-0.9347262659877806	-0.8994036786385776	-0.8482505145368421	-0.9347262659877806	
-0.9995407558587238	-0.7623841702805575	-0.6446736425824275	-0.0908255128566412	0.0	-0.19646926525648944	0.1367109878528746	0.9995407558587238	0.9791410910713823	-0.36175028096345074	-0.5111289301956506	-0.40665880306769003	-0.9631394064837427	-0.9353878403475928	-0.89284529844834	-0.9631394064837427	
-0.9860133162647473	-0.620385175977411	-0.48191645898186863	0.10660190060281453	0.19646926525648944	0.0	0.32867109906109204	0.9860133162647473	0.999976535988805	-0.17153637158934135	-0.3323008891983792	-0.21924260328140086	-0.8915170294246975	-0.8476809643873102	-0.7869611449200409	-0.8915170294246975	
-0.9860132781017781	-0.8436951839736324	-0.7431305821941583	-0.2261186868785165	-0.1367109878528746	-0.32867109906109204	0.0	0.9860132781017781	0.9421707676868745	-0.4858060393957062	-0.6238335765271933	-0.5277371131699946	-0.9908721002422476	-0.9749496811111585	-0.9460319901234905	-0.9908721002422476	
-0.0	-0.6699301089879961	-0.7836424407587682	-0.9981617693827025	-0.9995407558587238	-0.9860133162647473	-0.9860132781017781	0.0	-0.17341719215156798	-0.9428090415820634	-0.8745981174962248	-0.925483573032776	-0.2980653217375188	-0.38180625598704576	-0.4772126362218103	-0.2980653217375188	
-0.17341719215156798	-0.7885287472143198	-0.8794979116683478	-0.9935481905400266	-0.9791410910713823	-0.999976535988805	-0.9421707676868745	0.17341719215156798	0.0	-0.9863297577939814	-0.9454276810397129	-0.9771493733845483	-0.45908376739008405	-0.5363008199203442	-0.6223790499182418	-0.45908376739008405	
-0.9428090415820634	-0.47665418438886165	-0.32447027705074133	0.2755807446360211	0.36175028096345074	0.17153637158934135	0.4858060393957062	0.9428090415820634	0.9863297577939814	0.0	-0.16558690688512134	-0.04862998683603764	-0.8005989972518456	-0.7441153234914604	-0.6694582596621607	-0.8005989972518456	
-0.8745981174962248	-0.32450812868029977	-0.1633630553271475	0.4309514467088064	0.5111289301956506	0.3323008891983792	0.6238335765271933	0.8745981174962248	0.9454276810397129	0.16558690688512134	0.0	0.11743233508350487	-0.6903271314596792	-0.6232224323829822	-0.5372103437133565	-0.6903271314596792	
-0.925483573032776	-0.433340058557886	-0.27808747923083504	0.32200162760495776	0.40665880306769003	0.21924260328140086	0.5277371131699946	0.925483573032776	0.9771493733845483	0.04862998683603764	-0.11743233508350487	0.0	-0.7705126656949756	-0.7107476122697148	-0.6325414284638831	-0.7705126656949756	
-0.2980653217375188	0.4181878548763268	0.5628605490053282	0.9347262659877806	0.9631394064837427	0.8915170294246975	0.9908721002422476	0.2980653217375188	0.45908376739008405	0.8005989972518456	0.6903271314596792	0.7705126656949756	0.0	0.08896683069634026	0.19358497683983394	0.0	
-0.38180625598704576	0.33571560757741403	0.4870928750072375	0.8994036786385776	0.9353878403475928	0.8476809643873102	0.9749496811111585	0.38180625598704576	0.5363008199203442	0.7441153234914604	0.6232224323829822	0.7107476122697148	-0.08896683069634026	0.0	0.10553344222095207	-0.08896683069634026	
-0.4772126362218103	0.2344322500229032	0.3922051783469046	0.8482505145368421	0.89284529844834	0.7869611449200409	0.9460319901234905	0.4772126362218103	0.6223790499182418	0.6694582596621607	0.5372103437133565	0.6325414284638831	-0.19358497683983394	-0.10553344222095207	0.0	-0.19358497683983394	
-0.2980653217375188	0.4181878548763268	0.5628605490053282	0.9347262659877806	0.9631394064837427	0.8915170294246975	0.9908721002422476	0.2980653217375188	0.45908376739008405	0.8005989972518456	0.6903271314596792	0.7705126656949756	0.0	0.08896683069634026	0.19358497683983394	0.0	
