0.0	0.4804926079441562	0.639540109822334	0.9166224529955237	0.9801955484119697	0.6944332400152985	0.0	0.22044335897130113	0.8599044089840157	0.9791886679638873	0.7442539878288627	0.7284331636641126	0.6734449519557485	0.30215266861049084	0.1847804288399995	0.5228926331532682	
-0.4804926079441562	0.0	0.19149348701866642	0.6117979167445614	0.9547832254743439	0.9547589876545275	0.4804926079441562	0.6620009388366926	0.9994050158872354	0.7612302825962766	0.33179040949281174	0.30964140138903473	0.23541230456877993	-0.19304664537291188	-0.3101662332884124	0.04900499540412401	
-0.639540109822334	-0.19149348701866642	0.0	0.44900186494700345	0.8801823344594613	0.9940365726536791	0.639540109822334	0.793274816978837	0.9875146713882141	0.6229628533409817	0.14500427772705832	0.12182890706740751	0.04494406073117274	-0.37736551594965884	-0.4864757369565895	-0.14316531072271999	
-0.9166224529955237	-0.6117979167445614	-0.44900186494700345	0.0	0.5733577231734517	0.9371647102970939	0.9166224529955237	0.9821964560126237	0.8116448510026388	0.20540416259464497	-0.3146905857715369	-0.33679941887050585	-0.40838924746228306	-0.7529923600011625	-0.8269713382538989	-0.5722992195955791	
-0.9801955484119697	-0.9547832254743439	-0.8801823344594613	-0.5733577231734517	0.0	0.5677866760409932	0.9801955484119697	0.9124276726234395	0.3300571950574644	-0.3928434637878312	-0.8020555036832863	-0.8158016082230422	-0.8579608585277445	-0.9942166727516403	-0.9999088582133532	-0.9390667599327978	
-0.6944332400152985	-0.9547589876545275	-0.9940365726536791	-0.9371647102970939	-0.5677866760409932	0.0	0.6944332400152985	0.5187284351144454	-0.2642733678556149	-0.8455188760242272	-0.9993429388263162	-0.9999172107145238	-0.9979331278804702	-0.8793912256589184	-0.8154350577418198	-0.968185016074318	
-0.0	-0.4804926079441562	-0.639540109822334	-0.9166224529955237	-0.9801955484119697	-0.6944332400152985	0.0	-0.22044335897130113	-0.8599044089840157	-0.9791886679638873	-0.7442539878288627	-0.7284331636641126	-0.6734449519557485	-0.30215266861049084	-0.1847804288399995	-0.5228926331532682	
-0.22044335897130113	-0.6620009388366926	-0.793274816978837	-0.9821964560126237	-0.9124276726234395	-0.5187284351144454	0.22044335897130113	0.0	-0.7262241325111833	-0.9998398499815896	-0.8731785659049353	-0.8615430097829035	-0.8198380261720966	-0.504859382278981	-0.39688207586007984	-0.6979349582501193	
-0.8599044089840157	-0.9994050158872354	-0.9875146713882141	-0.8116448510026388	-0.3300571950574644	0.2642733678556149	0.8599044089840157	0.7262241325111833	0.0	-0.6743512483838703	-0.9542355594408023	-0.960967439690072	-0.979436887269298	-0.9739474579454253	-0.9394188203528434	-0.9998944849312866	
-0.9791886679638873	-0.7612302825962766	-0.6229628533409817	-0.20540416259464497	0.3928434637878312	0.8455188760242272	0.9791886679638873	0.9998398499815896	0.6743512483838703	0.0	-0.5029489743825537	-0.5230216396693025	-0.5871757972811268	-0.8720984296596771	-0.9248252970768629	-0.7285368493538139	
-0.7442539878288627	-0.33179040949281174	-0.14500427772705832	0.3146905857715369	0.8020555036832863	0.9993429388263162	0.7442539878288627	0.8731785659049353	0.9542355594408023	0.5029489743825537	0.0	-0.02338285687187802	-0.10038870343365103	-0.5076604494438844	-0.6080235685952393	-0.2851627587110926	
-0.7284331636641126	-0.30964140138903473	-0.12182890706740751	0.33679941887050585	0.8158016082230422	0.9999172107145238	0.7284331636641126	0.8615430097829035	0.960967439690072	0.5230216396693025	0.02338285687187802	0.0	-0.0770965219588946	-0.4873759772656901	-0.5892932312171015	-0.26267281073901083	
-0.6734449519557485	-0.23541230456877993	-0.04494406073117274	0.40838924746228306	0.8579608585277445	0.9979331278804702	0.6734449519557485	0.8198380261720966	0.979436887269298	0.5871757972811268	0.10038870343365103	0.0770965219588946	0.0	-0.41860528453948254	-0.5252515158297174	-0.18750172541176185	
-0.30215266861049084	0.19304664537291188	0.37736551594965884	0.7529923600011625	0.9942166727516403	0.8793912256589184	0.30215266861049084	0.504859382278981	0.9739474579454253	0.8720984296596771	0.5076604494438844	0.4873759772656901	0.41860528453948254	0.0	-0.12080584013807383	0.2408978971649458	
-0.1847804288399995	0.3101662332884124	0.4864757369565895	0.8269713382538989	0.9999088582133532	0.8154350577418198	0.1847804288399995	0.39688207586007984	0.9394188203528434	0.9248252970768629	0.6080235685952393	0.5892932312171015	0.5252515158297174	0.12080584013807383	0.0	0.35638176253772214	
-0.5228926331532682	-0.04900499540412401	0.14316531072271999	0.5722992195955791	0.9390667599327978	0.968185016074318	0.5228926331532682	0.6979349582501193	0.9998944849312866	0.7285368493538139	0.2851627587110926	0.26267281073901083	0.18750172541176185	-0.2408978971649458	-0.35638176253772214	0.0	
