0.0	0.02538688776854514	-0.2582244923037987	-0.2915770048674819	0.5201054939763263	0.9720180120310489	0.9477915898188874	0.7778670048312388	0.961780474976144	0.40282207378168056	0.3273676526746965	0.41459293082486015	0.031654143874277174	-0.4642027669506857	-0.7778670048312388	-0.5498625312995816	
-0.02538688776854514	0.0	-0.2826671567653065	-0.3157667903492732	0.49825487216832687	0.9657411909652949	0.9555817529568897	0.7935701538656228	0.954519013601743	0.3794561770171173	0.30327414725813945	0.39135706290598254	0.006269775833360525	-0.4865390565844318	-0.7935701538656228	-0.5708898403934648	
0.2582244923037987	0.2826671567653065	0.0	-0.03468419712261578	0.7230161477093511	0.999710531002888	0.8333018635832617	0.5892098568429848	0.9998690995006738	0.6255076148428855	0.5602605180896267	0.635518076888717	0.2886756830600555	-0.2197423912263251	-0.5892098568429848	-0.3155305687825574	
0.2915770048674819	0.3157667903492732	0.03468419712261578	0.0	0.7465420480544062	0.9982745468040635	0.8136264276375617	0.5608312033993665	0.9998286816474808	0.6521924978641109	0.588652913040905	0.6619148824151537	0.32170957811820367	-0.18577373344574621	-0.5608312033993665	-0.282428351831222	
-0.5201054939763263	-0.49825487216832687	-0.7230161477093511	-0.7465420480544062	0.0	0.7080264825812903	0.9753673807807992	0.9912271269493633	0.6790424892986789	-0.1319901249560463	-0.21184076656279777	-0.11919496606991065	-0.4928089912717164	-0.8571490233389586	-0.9912271269493633	-0.9040595054554337	
-0.9720180120310489	-0.9657411909652949	-0.999710531002888	-0.9982745468040635	-0.7080264825812903	0.0	0.5326094804134031	0.7935701253727756	-0.04023129234808226	-0.7950415438066334	-0.841556210201436	-0.7871526704099989	-0.9640951575416556	-0.969988671980182	-0.7935701253727756	-0.9410492582367426	
-0.9477915898188874	-0.9555817529568897	-0.8333018635832617	-0.8136264276375617	-0.9753673807807992	-0.5326094804134031	0.0	0.347565318033581	-0.5662284780441668	-0.9959491822272312	-0.9999598790901363	-0.9947066766463272	-0.9574108377686934	-0.6914566424607266	-0.347565318033581	-0.616301928619696	
-0.7778670048312388	-0.7935701538656228	-0.5892098568429848	-0.5608312033993665	-0.9912271269493633	-0.7935701253727756	-0.347565318033581	0.0	-0.8174075347914637	-0.9651098399204913	-0.9407315363342885	-0.9684065958852004	-0.7973695815292665	-0.39726088431134504	-0.0	-0.30416791288084605	
-0.961780474976144	-0.954519013601743	-0.9998690995006738	-0.9998286816474808	-0.6790424892986789	0.04023129234808226	0.5662284780441668	0.8174075347914637	0.0	-0.7699953825440342	-0.8191431619285324	-0.761702407420569	-0.9526309183217085	-0.9789856063430271	-0.8174075347914637	-0.9538964004107724	
-0.40282207378168056	-0.3794561770171173	-0.6255076148428855	-0.6521924978641109	0.1319901249560463	0.7950415438066334	0.9959491822272312	0.9651098399204913	0.7699953825440342	0.0	-0.08099287548987846	0.012897016867800315	-0.37364786122761856	-0.781665898639036	-0.9651098399204913	-0.8397364651648107	
-0.3273676526746965	-0.30327414725813945	-0.5602605180896267	-0.588652913040905	0.21184076656279777	0.841556210201436	0.9999598790901363	0.9407315363342885	0.8191431619285324	0.08099287548987846	0.0	0.09384078535946053	-0.2972936959466705	-0.7285828320274131	-0.9407315363342885	-0.7929990032611137	
-0.41459293082486015	-0.39135706290598254	-0.635518076888717	-0.6619148824151537	0.11919496606991065	0.7871526704099989	0.9947066766463272	0.9684065958852004	0.761702407420569	-0.012897016867800315	-0.09384078535946053	0.0	-0.3855796790184366	-0.7896447231428491	-0.9684065958852004	-0.8466696292738151	
-0.031654143874277174	-0.006269775833360525	-0.2886756830600555	-0.32170957811820367	0.4928089912717164	0.9640951575416556	0.9574108377686934	0.7973695815292665	0.9526309183217085	0.37364786122761856	0.2972936959466705	0.3855796790184366	0.0	-0.49200713854528577	-0.7973695815292665	-0.5760262725817127	
0.4642027669506857	0.4865390565844318	0.2197423912263251	0.18577373344574621	0.8571490233389586	0.969988671980182	0.6914566424607266	0.39726088431134504	0.9789856063430271	0.781665898639036	0.7285828320274131	0.7896447231428491	0.49200713854528577	0.0	-0.39726088431134504	-0.09930140779476926	
0.7778670048312388	0.7935701538656228	0.5892098568429848	0.5608312033993665	0.9912271269493633	0.7935701253727756	0.347565318033581	0.0	0.8174075347914637	0.9651098399204913	0.9407315363342885	0.9684065958852004	0.7973695815292665	0.39726088431134504	0.0	0.30416791288084605	
0.5498625312995816	0.5708898403934648	0.3155305687825574	0.282428351831222	0.9040595054554337	0.9410492582367426	0.616301928619696	0.30416791288084605	0.9538964004107724	0.8397364651648107	0.7929990032611137	0.8466696292738151	0.5760262725817127	0.09930140779476926	-0.30416791288084605	0.0	
