0.0	0.9848496315986878	0.9700827588139062	0.6852331929097538	0.9119034562924053	0.8609612046924817	0.5272489745543036	2.9802322387695312e-08	0.18542278439547413	0.9715110666351159	0.4880199908225494	0.9441626381137965	0.7312767506084256	0.9555597156638783	0.8160121441484761	0.9700827588139062	
-0.9848496315986878	0.0	-0.0708738020086721	-0.5984627339396631	-0.2460533613427003	0.6502637939679092	0.9282679227017913	0.9848496367667231	0.9999254527789772	-0.06493341905229305	-0.7749809254891464	0.48821574065595147	0.7985581645148804	-0.12462722326860756	-0.42777223998287056	-0.0708738020086721	
-0.9700827588139062	0.0708738020086721	0.0	-0.5401771816473855	-0.17673973060427337	0.7024719987402301	0.9522924279135144	0.9700827660491486	0.998276313464507	0.005954099493284459	-0.7282409202474943	0.5488412150717231	0.8392102148634567	-0.05399257792276929	-0.36263463995594625	0.0	
-0.6852331929097538	0.5984627339396631	0.5401771816473855	0.0	0.382937956234544	0.9756164812599697	0.9662580203056588	0.6852332146154924	0.8083982687500358	0.5451782868170139	-0.24265722240691562	0.9134265329697708	0.9999906712983613	0.49395172028984	0.19823241498961808	0.5401771816473855	
-0.9119034562924053	0.2460533613427003	0.17673973060427337	-0.382937956234544	0.0	0.8172010973034993	0.9912397570236486	0.9119034685234205	0.9721883880280292	0.18259696556175553	-0.5956531906476467	0.6879425958486723	0.9221113799438003	0.12333932049994539	-0.19221660556935272	0.17673973060427337	
-0.8609612046924817	-0.6502637939679092	-0.7024719987402301	-0.9756164812599697	-0.8172010973034993	0.0	0.46337200706118303	0.8609611895329154	0.7517120130881461	-0.6982219464790638	-0.9997163124172072	-0.196598506762243	0.21526616677760818	-0.7398744610083074	-0.9127469077572103	-0.7024719987402301	
-0.5272489745543036	-0.9282679227017913	-0.9522924279135144	-0.9662580203056588	-0.9912397570236486	-0.46337200706118303	0.0	0.5272489492309469	0.3605501137667965	-0.9504584337380729	-0.8748758934726304	-0.628547366309683	-0.26174734555823437	-0.9673811893498967	-0.9981426009432406	-0.9522924279135144	
-2.9802322387695312e-08	-0.9848496367667231	-0.9700827660491486	-0.6852332146154924	-0.9119034685234205	-0.8609611895329154	-0.5272489492309469	0.0	-0.18542275510995856	-0.9715110736980928	-0.48802001683498325	-0.944162628294534	-0.7312767302808312	-0.9555597244495312	-0.816012161375254	-0.9700827660491486	
-0.18542278439547413	-0.9999254527789772	-0.998276313464507	-0.8083982687500358	-0.9721883880280292	-0.7517120130881461	-0.3605501137667965	0.18542275510995856	0.0	-0.998608058521012	-0.6414001803713023	-0.8666967057795705	-0.5921222274776731	-0.9936513927552143	-0.9090423591693352	-0.998276313464507	
-0.9715110666351159	0.06493341905229305	-0.005954099493284459	-0.5451782868170139	-0.18259696556175553	0.6982219464790638	0.9504584337380729	0.9715110736980928	0.998608058521012	0.0	-0.7323084822635517	0.5438542961298823	0.8359574573146288	-0.05993703532888009	-0.368177024188249	-0.005954099493284459	
-0.4880199908225494	0.7749809254891464	0.7282409202474943	0.24265722240691562	0.5956531906476467	0.9997163124172072	0.8748758934726304	0.48802001683498325	0.6414001803713023	0.7323084822635517	0.0	0.9848884999809733	0.9711511792317673	0.6901764032202315	0.4301493633747036	0.7282409202474943	
-0.9441626381137965	-0.48821574065595147	-0.5488412150717231	-0.9134265329697708	-0.6879425958486723	0.196598506762243	0.628547366309683	0.944162628294534	0.8666967057795705	-0.5438542961298823	-0.9848884999809733	0.0	0.4030543852959081	-0.5931744740337828	-0.8146183074176047	-0.5488412150717231	
-0.7312767506084256	-0.7985581645148804	-0.8392102148634567	-0.9999906712983613	-0.9221113799438003	-0.21526616677760818	0.26174734555823437	0.7312767302808312	0.5921222274776731	-0.8359574573146288	-0.9711511792317673	-0.4030543852959081	0.0	-0.8673476397686292	-0.9792896527184988	-0.8392102148634567	
-0.9555597156638783	0.12462722326860756	0.05399257792276929	-0.49395172028984	-0.12333932049994539	0.7398744610083074	0.9673811893498967	0.9555597244495312	0.9936513927552143	0.05993703532888009	-0.6901764032202315	0.5931744740337828	0.8673476397686292	0.0	-0.31178829993548624	0.05399257792276929	
-0.8160121441484761	0.42777223998287056	0.36263463995594625	-0.19823241498961808	0.19221660556935272	0.9127469077572103	0.9981426009432406	0.816012161375254	0.9090423591693352	0.368177024188249	-0.4301493633747036	0.8146183074176047	0.9792896527184988	0.31178829993548624	0.0	0.36263463995594625	
-0.9700827588139062	0.0708738020086721	0.0	-0.5401771816473855	-0.17673973060427337	0.7024719987402301	0.9522924279135144	0.9700827660491486	0.998276313464507	0.005954099493284459	-0.7282409202474943	0.5488412150717231	0.8392102148634567	-0.05399257792276929	-0.36263463995594625	0.0	
