0.0	-0.3012249849912356	-0.058057690304116505	0.4840078802705481	0.15517909466734062	0.08993222800523765	-0.12980983659485407	-0.34163154198313994	-0.9158262218189909	-0.14813293250308818	0.8207903303043322	0.9158262218189909	0.9632390828359897	0.28045654945596754	0.22907615888486246	0.6426139492710368	
0.3012249849912356	0.0	0.245355797250762	0.7251182445519295	0.4455475584595847	0.3857595419430051	0.17489572103766365	-0.04266234157852383	-0.7523245625550938	0.15664909136826893	0.9547357831086529	0.7523245625550938	0.9994223833348626	0.556566050158336	0.5116512423705895	0.8435621311732321	
0.058057690304116505	-0.245355797250762	0.0	0.5339956438878151	0.21227174318033118	0.14760296699837455	-0.07202441836567103	-0.2864906985282306	-0.8909669271503629	-0.0904658998359687	0.8525701156329658	0.8909669271503629	0.9772112639844243	0.33571112855325425	0.2852036094220586	0.6860132363117373	
-0.4840078802705481	-0.7251182445519295	-0.5339956438878151	0.0	-0.34235319695144967	-0.403350203150329	-0.593504513081024	-0.7538363874370873	-0.9957716007222369	-0.6082937862600054	0.44176415465166985	0.9957716007222369	0.7128688995809743	-0.2191657287492471	-0.2706811689630042	0.19148604102681963	
-0.15517909466734062	-0.4455475584595847	-0.21227174318033118	0.34235319695144967	0.0	-0.06570747066022803	-0.2821034762875455	-0.4833357229150932	-0.9670482433583341	-0.2998055775015692	0.7222046777140543	0.9670482433583341	0.9098825615086996	0.12810794920972643	0.07524856119296255	0.5159328610247557	
-0.08993222800523765	-0.3857595419430051	-0.14760296699837455	0.403350203150329	0.06570747066022803	0.0	-0.21845513567854097	-0.4247685752971132	-0.9482297085779661	-0.2364727281599246	0.7660924465640688	0.9482297085779661	0.9351760304112859	0.1929971550398693	0.14060712106827722	0.5711048198897937	
0.12980983659485407	-0.17489572103766365	0.07202441836567103	0.593504513081024	0.2821034762875455	0.21845513567854097	0.0	-0.21674127216011563	-0.8559489709968957	-0.018501861943709508	0.8879967664159575	0.8559489709968957	0.9899618725281794	0.40268372315019907	0.35349592315353545	0.7366357489179686	
0.34163154198313994	0.04266234157852383	0.2864906985282306	0.7538363874370873	0.4833357229150932	0.4247685752971132	0.21674127216011563	0.0	-0.7235339700722985	0.19864211596397163	0.9665566763745319	0.7235339700722985	0.9970626279428964	0.5915033403534488	0.5478406034466664	0.8657051334302739	
0.9158262218189909	0.7523245625550938	0.8909669271503629	0.9957716007222369	0.9670482433583341	0.9482297085779661	0.8559489709968957	0.7235339700722985	0.0	0.8462358763234246	0.8527557529519313	0.0	0.6328452591868803	0.9916954001433438	0.9834642474063494	0.9597545873999622	
0.14813293250308818	-0.15664909136826893	0.0904658998359687	0.6082937862600054	0.2998055775015692	0.2364727281599246	0.018501861943709508	-0.19864211596397163	-0.8462358763234246	0.0	0.8963528399591689	0.8462358763234246	0.9924073713804951	0.41955027331431216	0.3707427227455916	0.749022274827877	
-0.8207903303043322	-0.9547357831086529	-0.8525701156329658	-0.44176415465166985	-0.7222046777140543	-0.7660924465640688	-0.8879967664159575	-0.9665566763745319	-0.8527557529519313	-0.8963528399591689	0.0	0.8527557529519313	0.3297289298369596	-0.6276442466362655	-0.66810920842895	-0.261801351525906	
-0.9158262218189909	-0.7523245625550938	-0.8909669271503629	-0.9957716007222369	-0.9670482433583341	-0.9482297085779661	-0.8559489709968957	-0.7235339700722985	-0.0	-0.8462358763234246	-0.8527557529519313	0.0	-0.6328452591868803	-0.9916954001433438	-0.9834642474063494	-0.9597545873999622	
-0.9632390828359897	-0.9994223833348626	-0.9772112639844243	-0.7128688995809743	-0.9098825615086996	-0.9351760304112859	-0.9899618725281794	-0.9970626279428964	-0.6328452591868803	-0.9924073713804951	-0.3297289298369596	0.6328452591868803	0.0	-0.849237717184892	-0.8760848067191862	-0.565388853141595	
-0.28045654945596754	-0.556566050158336	-0.33571112855325425	0.2191657287492471	-0.12810794920972643	-0.1929971550398693	-0.40268372315019907	-0.5915033403534488	-0.9916954001433438	-0.41955027331431216	0.6276442466362655	0.9916954001433438	0.849237717184892	0.0	-0.053116208220870736	0.401940705434465	
-0.22907615888486246	-0.5116512423705895	-0.2852036094220586	0.2706811689630042	-0.07524856119296255	-0.14060712106827722	-0.35349592315353545	-0.5478406034466664	-0.9834642474063494	-0.3707427227455916	0.66810920842895	0.9834642474063494	0.8760848067191862	0.053116208220870736	0.0	0.45000999078230014	
-0.6426139492710368	-0.8435621311732321	-0.6860132363117373	-0.19148604102681963	-0.5159328610247557	-0.5711048198897937	-0.7366357489179686	-0.8657051334302739	-0.9597545873999622	-0.749022274827877	0.261801351525906	0.9597545873999622	0.565388853141595	-0.401940705434465	-0.45000999078230014	0.0	
