0.0	0.7039189190734871	0.8816185832055553	0.8828653757337158	0.787102354243405	0.9939522538308053	0.7925452689522073	0.1524073154246162	0.0	0.8357793203851359	0.926551352900514	0.9700286003601049	0.9914033459543918	0.980081010088416	0.8116729751723167	0.774006584635339	
-0.7039189190734871	0.0	0.2939729565033593	0.29650317796142517	0.12487036121883421	0.7832842597892599	0.9921882862278382	0.8039474940032065	0.7039189190734871	0.9801352123400038	0.9229031896450768	0.8600380403840593	0.7962758598898099	0.5563352942565464	0.16534777358762953	0.10405600184179165	
-0.8816185832055553	-0.2939729565033593	0.0	0.0026482694539028406	-0.17231924291114337	0.5659215371070487	0.9116742538265373	0.9432498595158976	0.8816185832055553	0.8785229132199575	0.768934528196595	0.6720423763410945	0.5832572638901361	0.28747376477330644	-0.13188484045997495	-0.19291895052240549	
-0.8828653757337158	-0.29650317796142517	-0.0026482694539028406	0.0	-0.17492729304774268	0.5637361627454257	0.9105828467292465	0.944125999440528	0.8828653757337158	0.8772547536533861	0.7672387202253943	0.6700789425713314	0.5811040624545761	0.2849362746363905	-0.13450951492175506	-0.1955167949246116	
-0.787102354243405	-0.12487036121883421	0.17231924291114337	0.17492729304774268	0.0	0.6995261735540824	0.9688449954207338	0.871915489210584	0.787102354243405	0.947698164373828	0.867600592391726	0.7895939852521371	0.7145051743822621	0.44821888083338546	0.04090204635541256	-0.020950932538866762	
-0.9939522538308053	-0.7832842597892599	-0.5659215371070487	-0.5637361627454257	-0.6995261735540824	0.0	0.5190932351426508	0.9656043529444004	0.9939522538308053	0.45396537639568574	0.2721458531816327	0.13499937540756402	0.021180776956076286	-0.3050227847140463	-0.6697118951511646	-0.7143443137239195	
-0.7925452689522073	-0.9921882862278382	-0.9116742538265373	-0.9105828467292465	-0.9688449954207338	-0.5190932351426508	0.0	0.6903465961649446	0.7925452689522073	-0.07450989689706378	-0.2668927303866445	-0.3989549462992189	-0.5008731995875013	-0.7550642239442729	-0.9579041055076705	-0.973821211787947	
-0.1524073154246162	-0.8039474940032065	-0.9432498595158976	-0.944125999440528	-0.871915489210584	-0.9656043529444004	-0.6903465961649446	0.0	0.1524073154246162	-0.7423339528723549	-0.8583963640220704	-0.9216629300529311	-0.9598803939984099	-0.9988992826511928	-0.8912137847945671	-0.8614653502468637	
-0.0	-0.7039189190734871	-0.8816185832055553	-0.8828653757337158	-0.787102354243405	-0.9939522538308053	-0.7925452689522073	-0.1524073154246162	0.0	-0.8357793203851359	-0.926551352900514	-0.9700286003601049	-0.9914033459543918	-0.980081010088416	-0.8116729751723167	-0.774006584635339	
-0.8357793203851359	-0.9801352123400038	-0.8785229132199575	-0.8772547536533861	-0.947698164373828	-0.45396537639568574	0.07450989689706378	0.7423339528723549	0.8357793203851359	0.0	-0.19434369881163088	-0.32952258137568147	-0.43499105321224746	-0.704112876303685	-0.933850470875426	-0.9541770159649201	
-0.926551352900514	-0.9229031896450768	-0.768934528196595	-0.7672387202253943	-0.867600592391726	-0.2721458531816327	0.2668927303866445	0.8583963640220704	0.926551352900514	0.19434369881163088	0.0	-0.1397505831850832	-0.251703470587767	-0.5526867657904841	-0.8465355288402538	-0.8778282551286378	
-0.9700286003601049	-0.8600380403840593	-0.6720423763410945	-0.6700789425713314	-0.7895939852521371	-0.13499937540756402	0.3989549462992189	0.9216629300529311	0.9700286003601049	0.32952258137568147	0.1397505831850832	0.0	-0.113982208520506	-0.4307964970093493	-0.7638345142388461	-0.8022767866671259	
-0.9914033459543918	-0.7962758598898099	-0.5832572638901361	-0.5811040624545761	-0.7145051743822621	-0.021180776956076286	0.5008731995875013	0.9598803939984099	0.9914033459543918	0.43499105321224746	0.251703470587767	0.113982208520506	0.0	-0.3251257647295499	-0.6852909436056962	-0.7290062483669634	
-0.980081010088416	-0.5563352942565464	-0.28747376477330644	-0.2849362746363905	-0.44821888083338546	0.3050227847140463	0.7550642239442729	0.9988992826511928	0.980081010088416	0.704112876303685	0.5526867657904841	0.4307964970093493	0.3251257647295499	0.0	-0.41128047944783097	-0.46684903718922954	
-0.8116729751723167	-0.16534777358762953	0.13188484045997495	0.13450951492175506	-0.04090204635541256	0.6697118951511646	0.9579041055076705	0.8912137847945671	0.8116729751723167	0.933850470875426	0.8465355288402538	0.7638345142388461	0.6852909436056962	0.41128047944783097	0.0	-0.06182646855043816	
-0.774006584635339	-0.10405600184179165	0.19291895052240549	0.1955167949246116	0.020950932538866762	0.7143443137239195	0.973821211787947	0.8614653502468637	0.774006584635339	0.9541770159649201	0.8778282551286378	0.8022767866671259	0.7290062483669634	0.46684903718922954	0.06182646855043816	0.0	
