0.0	0.9127372879927298	0.9300151174402218	0.41963643110982696	0.5789197149489667	0.8491167582403775	0.9917476815493221	0.9593993353183714	0.9300151174402218	0.9934198114276807	0.8174015352560761	0.0	0.9520370130110617	0.9961926251477448	0.6686360947318599	0.6531077059385111	
-0.9127372879927298	0.0	0.04450451289548918	-0.657043384349664	-0.5077159753832468	-0.13520848384067335	0.2881579959634868	0.1345210051715141	0.04450451289548918	0.3013230421521583	0.8597459895355384	0.9127372879927296	0.668233844659021	0.4865634181243726	0.9518713904455914	0.9580092165030327	
-0.9300151174402218	-0.04450451289548918	0.0	-0.6899422248913687	-0.5455546507657223	-0.17917035257157765	0.24525572464233636	0.09028771960592735	0.0	0.2585884489778255	0.8361647105910017	0.9300151174402216	0.63446255742339	0.44720016623230835	0.9372877283826654	0.9442988963114043	
-0.41963643110982696	0.657043384349664	0.6899422248913687	0.0	0.18331589061898185	0.5490825777806879	0.8464021973145579	0.7524803793765379	0.6899422248913687	0.8536586060966782	0.9836883204163507	0.41963643110982685	0.9925582078133081	0.9408200163160207	0.9189531826706542	0.9105968135323501	
-0.5789197149489667	0.5077159753832468	0.5455546507657223	-0.18331589061898185	0.0	0.3865682829464502	0.7344353026592625	0.6189943576472436	0.5455546507657223	0.7437155982606639	0.9999939007093609	0.5789197149489665	0.9534157955186422	0.8627499676313358	0.9756743290246327	0.970929587456893	
-0.8491167582403775	0.13520848384067335	0.17917035257157765	-0.5490825777806879	-0.3865682829464502	0.0	0.4149852194614881	0.26726526083873875	0.17917035257157765	0.42748032362506216	0.9209050193008985	0.8491167582403772	0.762686093984084	0.6002196403528275	0.9845716108553711	0.9879813116534452	
-0.9917476815493221	-0.2881579959634868	-0.24525572464233636	-0.8464021973145579	-0.7344353026592625	-0.4149852194614881	0.0	-0.15672384231184067	-0.24525572464233636	0.013776764251650128	0.6761094475535935	0.9917476815493219	0.42551377436892446	0.2141769312671467	0.8231759756118835	0.8347475464202604	
-0.9593993353183714	-0.1345210051715141	-0.09028771960592735	-0.7524803793765379	-0.6189943576472436	-0.26726526083873875	0.15672384231184067	0.0	-0.09028771960592735	0.170315485968818	0.7832287166921782	0.9593993353183712	0.56208301906962	0.3646172792954688	0.9019892038763148	0.9107294195045468	
-0.9300151174402218	-0.04450451289548918	0.0	-0.6899422248913687	-0.5455546507657223	-0.17917035257157765	0.24525572464233636	0.09028771960592735	0.0	0.2585884489778255	0.8361647105910017	0.9300151174402216	0.63446255742339	0.44720016623230835	0.9372877283826654	0.9442988963114043	
-0.9934198114276807	-0.3013230421521583	-0.2585884489778255	-0.8536586060966782	-0.7437155982606639	-0.42748032362506216	-0.013776764251650128	-0.170315485968818	-0.2585884489778255	0.0	0.6658945454869319	0.9934198114276804	0.41300608171473574	0.2006995321781111	0.8152755944473347	0.8270823864972048	
-0.8174015352560761	-0.8597459895355384	-0.8361647105910017	-0.9836883204163507	-0.9999939007093609	-0.9209050193008985	-0.6761094475535935	-0.7832287166921782	-0.8361647105910017	-0.6658945454869319	0.0	0.8174015352560758	-0.2983275000083796	-0.5026144273235843	0.22263135042836102	0.24275492670068682	
-0.0	-0.9127372879927296	-0.9300151174402216	-0.41963643110982685	-0.5789197149489665	-0.8491167582403772	-0.9917476815493219	-0.9593993353183712	-0.9300151174402216	-0.9934198114276804	-0.8174015352560758	0.0	-0.9520370130110615	-0.9961926251477445	-0.6686360947318598	-0.653107705938511	
-0.9520370130110617	-0.668233844659021	-0.63446255742339	-0.9925582078133081	-0.9534157955186422	-0.762686093984084	-0.42551377436892446	-0.56208301906962	-0.63446255742339	-0.41300608171473574	0.2983275000083796	0.9520370130110615	0.0	-0.2218198460338055	0.5033337994554488	0.5211045564347303	
-0.9961926251477448	-0.4865634181243726	-0.44720016623230835	-0.9408200163160207	-0.8627499676313358	-0.6002196403528275	-0.2141769312671467	-0.3646172792954688	-0.44720016623230835	-0.2006995321781111	0.5026144273235843	0.9961926251477445	0.2218198460338055	0.0	0.6824673470795288	0.697444277639889	
-0.6686360947318599	-0.9518713904455914	-0.9372877283826654	-0.9189531826706542	-0.9756743290246327	-0.9845716108553711	-0.8231759756118835	-0.9019892038763148	-0.9372877283826654	-0.8152755944473347	-0.22263135042836102	0.6686360947318598	-0.5033337994554488	-0.6824673470795288	0.0	0.02069051119717824	
-0.6531077059385111	-0.9580092165030327	-0.9442988963114043	-0.9105968135323501	-0.970929587456893	-0.9879813116534452	-0.8347475464202604	-0.9107294195045468	-0.9442988963114043	-0.8270823864972048	-0.24275492670068682	0.653107705938511	-0.5211045564347303	-0.697444277639889	-0.02069051119717824	0.0	
