0.0	-0.16963794647044667	-0.10044866832446923	-0.18852666698802942	-0.6320503801785022	-0.2894100330734096	0.018809369222366965	0.05640500044921232	0.938818125759725	0.999759212382142	0.05640500044921232	-0.6832002361502787	-0.9997592123821418	-0.7152439495468705	-0.3399467346694108	-0.42221619659156745	
0.16963794647044667	0.0	0.06978714806152639	-0.019198235870703934	-0.49143265224673394	-0.12283712706163666	0.18814469023863728	0.22495536975949065	0.9836368865887586	0.9815467038133913	0.22495536975949065	-0.5494233391098502	-0.981546703813391	-0.5863218282542594	-0.17548459416611842	-0.2623208077211513	
0.10044866832446923	-0.06978714806152639	0.0	-0.08892571481734486	-0.5510132072336296	-0.19179627754099537	0.1191451337521187	0.15640846870992658	0.9686656690726547	0.992498476784182	0.15640846870992658	-0.6063940346847925	-0.9924984767841818	-0.6414253681372117	-0.2437609494881327	-0.3290244971494206	
0.18852666698802942	0.019198235870703934	0.08892571481734486	0.0	-0.47462203694122024	-0.1037616431656721	0.20696539533618954	0.2436200769861663	0.986914398696757	0.9776946658494107	0.2436200769861663	-0.5332811053748544	-0.9776946658494104	-0.570661694678517	-0.15655193076068602	-0.24374653366771024	
0.6320503801785022	0.49143265224673394	0.5510132072336296	0.47462203694122024	0.0	0.38073018817160764	0.646514456651761	0.6747539120257402	0.945202355621226	0.7608713064776111	0.6747539120257402	-0.06788767805794488	-0.7608713064776109	-0.11253792988550027	0.3309744202357541	0.24576375705479375	
0.2894100330734096	0.12283712706163666	0.19179627754099537	0.1037616431656721	-0.38073018817160764	0.0	0.30736325941387704	0.3429404446674244	0.9983182772591922	0.9506240671181251	0.3429404446674244	-0.4426266297654933	-0.9506240671181249	-0.4823738408695438	-0.05322465962701495	-0.14179875169859602	
-0.018809369222366965	-0.18814469023863728	-0.1191451337521187	-0.20696539533618954	-0.646514456651761	-0.30736325941387704	0.0	0.03761559758198658	0.9321738406473983	0.9999950865674498	0.03761559758198658	-0.6968145560365429	-0.9999950865674496	-0.7282628100152725	-0.3575757655028694	-0.4391921037979492	
-0.05640500044921232	-0.22495536975949065	-0.15640846870992658	-0.2436200769861663	-0.6747539120257402	-0.3429404446674244	-0.03761559758198658	0.0	0.9178968669867572	0.9994052896172053	0.0	-0.7233012460159344	-0.9994052896172051	-0.7535252979188796	-0.3924513127427964	-0.4726748761918177	
-0.938818125759725	-0.9836368865887586	-0.9686656690726547	-0.986914398696757	-0.945202355621226	-0.9983182772591922	-0.9321738406473983	-0.9178968669867572	0.0	0.3649313344939638	-0.9178968669867572	-0.9208574318542562	-0.36493133449396375	-0.902455936158849	-0.9999887020033323	-0.9964509683543982	
-0.999759212382142	-0.9815467038133913	-0.992498476784182	-0.9776946658494107	-0.7608713064776111	-0.9506240671181251	-0.9999950865674498	-0.9994052896172053	-0.3649313344939638	0.0	-0.9994052896172053	-0.7150634488854688	-0.0	-0.6830116391585278	-0.9327586222917016	-0.8970119899962593	
-0.05640500044921232	-0.22495536975949065	-0.15640846870992658	-0.2436200769861663	-0.6747539120257402	-0.3429404446674244	-0.03761559758198658	0.0	0.9178968669867572	0.9994052896172053	0.0	-0.7233012460159344	-0.9994052896172051	-0.7535252979188796	-0.3924513127427964	-0.4726748761918177	
0.6832002361502787	0.5494233391098502	0.6063940346847925	0.5332811053748544	0.06788767805794488	0.4426266297654933	0.6968145560365429	0.7233012460159344	0.9208574318542562	0.7150634488854688	0.7233012460159344	0.0	-0.7150634488854687	-0.04482188474581028	0.3942723623937649	0.3110023191925911	
0.9997592123821418	0.981546703813391	0.9924984767841818	0.9776946658494104	0.7608713064776109	0.9506240671181249	0.9999950865674496	0.9994052896172051	0.36493133449396375	0.0	0.9994052896172051	0.7150634488854687	0.0	0.6830116391585277	0.9327586222917014	0.8970119899962591	
0.7152439495468705	0.5863218282542594	0.6414253681372117	0.570661694678517	0.11253792988550027	0.4823738408695438	0.7282628100152725	0.7535252979188796	0.902455936158849	0.6830116391585278	0.7535252979188796	0.04482188474581028	-0.6830116391585277	0.0	0.43506714328971186	0.3532888895926774	
0.3399467346694108	0.17548459416611842	0.2437609494881327	0.15655193076068602	-0.3309744202357541	0.05322465962701495	0.3575757655028694	0.3924513127427964	0.9999887020033323	0.9327586222917016	0.3924513127427964	-0.3942723623937649	-0.9327586222917014	-0.43506714328971186	0.0	-0.08891090952956138	
0.42221619659156745	0.2623208077211513	0.3290244971494206	0.24374653366771024	-0.24576375705479375	0.14179875169859602	0.4391921037979492	0.4726748761918177	0.9964509683543982	0.8970119899962593	0.4726748761918177	-0.3110023191925911	-0.8970119899962591	-0.3532888895926774	0.08891090952956138	0.0	
