0.0	0.858400792667035	0.871612240366882	0.3963592494814549	0.46724116207726657	0.9316807983490047	0.5515924412383657	0.0	0.48448863049621194	0.44395086383785465	-0.3040839455335185	-0.6696035942198135	-0.8716122257579031	-0.6546962798599045	-0.33180978445043746	-0.4192491261767808	
-0.858400792667035	0.0	0.8679039271534714	-0.5847696913332576	-0.5192526263505097	0.16609514647147455	-0.433048245258717	-0.858400792667035	-0.5023941287451233	-0.5414332611594789	-0.9737402929482127	-0.9810432871582628	-0.8679039419572412	-0.9847041707387243	-0.9799808766107214	-0.9943836362208311	
-0.871612240366882	-0.8679039271534714	0.0	-0.9945169869866691	-0.999658192064622	-0.7733437185536381	-0.9974121698044013	-0.871612240366882	-0.9999786399364756	-0.9986320647410215	-0.681276523455022	-0.319125693612571	-2.980232238769532e-08	-0.3379152704085711	-0.6595803699432364	-0.5857974388907234	
-0.3963592494814549	0.5847696913332576	0.9945169869866691	0.0	0.0785389405863517	0.7113833604141165	0.17580583034625447	-0.3963592494814549	0.09807272758319882	0.05243113585239373	-0.6567678542330064	-0.9091434616337101	-0.9945169838700865	-0.9006785107500037	-0.6785371064073215	-0.7447538950528904	
-0.46724116207726657	0.5192526263505097	0.999658192064622	-0.0785389405863517	0.0	0.653988434669982	0.0979470885350399	-0.46724116207726657	0.019609461489607016	-0.02616173506000764	-0.7139647803489518	-0.9390453006780678	-0.9996581912854754	-0.9320204392306366	-0.7341331823189716	-0.7948655003928349	
-0.9316807983490047	-0.16609514647147455	0.7733437185536381	-0.7113833604141165	-0.653988434669982	0.0	-0.5767463944763132	-0.9316807983490047	-0.6390280364220443	-0.6735560611129645	-0.9980282792887396	-0.9352289662274056	-0.7733437374479224	-0.9420868437472087	-0.999436834247249	-0.9981501675655947	
-0.5515924412383657	0.433048245258717	0.9974121698044013	-0.17580583034625447	-0.0979470885350399	0.5767463944763132	0.0	-0.5515924412383657	-0.07841308305998933	-0.12394950311491945	-0.7791125195331929	-0.9682035831277889	-0.997412171947054	-0.9630355186854681	-0.7971098056499188	-0.850476376634493	
0.0	0.858400792667035	0.871612240366882	0.3963592494814549	0.46724116207726657	0.9316807983490047	0.5515924412383657	0.0	0.48448863049621194	0.44395086383785465	-0.3040839455335185	-0.6696035942198135	-0.8716122257579031	-0.6546962798599045	-0.33180978445043746	-0.4192491261767808	
-0.48448863049621194	0.5023941287451233	0.9999786399364756	-0.09807272758319882	-0.019609461489607016	0.6390280364220443	0.07841308305998933	-0.48448863049621194	0.0	-0.04575945420407617	-0.7275576807550813	-0.9456063413612538	-0.9999786397416865	-0.9389478075081877	-0.7473069524977916	-0.8066114005113523	
-0.44395086383785465	0.5414332611594789	0.9986320647410215	-0.05243113585239373	0.02616173506000764	0.6735560611129645	0.12394950311491945	-0.44395086383785465	0.04575945420407617	0.0	-0.6954024409155966	-0.9297296546280669	-0.9986320631827276	-0.9222202680383463	-0.7161179435606302	-0.7787188707430602	
0.3040839455335185	0.9737402929482127	0.681276523455022	0.6567678542330064	0.7139647803489518	0.9980282792887396	0.7791125195331929	0.3040839455335185	0.7275576807550813	0.6954024409155966	0.0	-0.41204585261108573	-0.6812765016389423	-0.393838659993503	-0.02924054290383693	-0.12332661895237429	
0.6696035942198135	0.9810432871582628	0.319125693612571	0.9091434616337101	0.9390453006780678	0.9352289662274056	0.9682035831277889	0.6696035942198135	0.9456063413612538	0.9297296546280669	0.41204585261108573	0.0	-0.3191256653685405	0.01989287711721338	0.3852267593664231	0.2965296841971483	
0.8716122257579031	0.8679039419572412	2.980232238769532e-08	0.9945169838700865	0.9996581912854754	0.7733437374479224	0.997412171947054	0.8716122257579031	0.9999786397416865	0.9986320631827276	0.6812765016389423	0.3191256653685405	0.0	0.3379152423593245	0.6595803475427962	0.5857974147372076	
0.6546962798599045	0.9847041707387243	0.3379152704085711	0.9006785107500037	0.9320204392306366	0.9420868437472087	0.9630355186854681	0.6546962798599045	0.9389478075081877	0.9222202680383463	0.393838659993503	-0.01989287711721338	-0.3379152423593245	0.0	0.36679294602277207	0.27747283820937696	
0.33180978445043746	0.9799808766107214	0.6595803699432364	0.6785371064073215	0.7341331823189716	0.999436834247249	0.7971098056499188	0.33180978445043746	0.7473069524977916	0.7161179435606302	0.02924054290383693	-0.3852267593664231	-0.6595803475427962	-0.36679294602277207	0.0	-0.09425656043739056	
0.4192491261767808	0.9943836362208311	0.5857974388907234	0.7447538950528904	0.7948655003928349	0.9981501675655947	0.850476376634493	0.4192491261767808	0.8066114005113523	0.7787188707430602	0.12332661895237429	-0.2965296841971483	-0.5857974147372076	-0.27747283820937696	0.09425656043739056	0.0	
