0.0	-0.7602959473981922	-0.6870408517421218	-0.9964462439073707	-0.33630781077157634	0.6870408517421221	-0.7634069507942726	-0.7906488232766645	0.03557387673648965	-0.5833012813158004	-0.9999878679677625	-0.9935528865934113	-0.8615427451906922	-0.6945601465407248	-0.8488291740808986	-0.9120034232676346	
0.7602959473981922	0.0	-0.9987311485321835	-0.7113089889670786	0.49755255532245674	0.9987311485321839	-0.004802776197465997	-0.04808083643826309	0.782922684044484	0.23865585043366316	-0.6458238627712024	-0.7315833772494165	-0.1736473375658664	0.0958130561803523	-0.1494362258842985	-0.2805561429053217	
0.6870408517421218	0.9987311485321835	0.0	0.6661663392125872	0.8913897539855046	0.0	0.9984777637084998	0.9951547303742786	0.6607573414570174	0.9818906439508178	0.7299942305878171	0.6440446652448528	0.97481350945792	0.9989614428494201	0.9799912081269313	0.944491020187067	
0.9964462439073707	0.7113089889670786	-0.6661663392125872	0.0	0.9667329495500946	0.6661663392125875	0.7079250124632473	0.6766912910699097	0.9928191148118779	0.8585014462601599	0.08913844311718455	-0.02927861077432481	0.5784495672461551	0.775381530808234	0.5982863083668507	0.48554397718304376	
0.33630781077157634	-0.49755255532245674	-0.8913897539855046	-0.9667329495500946	0.0	0.891389753985505	-0.5017129074179226	-0.5386840540557514	0.3695967183686737	-0.2761572216356981	-0.9400840960383388	-0.9738076128195117	-0.6406212633370151	-0.41215200165339516	-0.621591758039194	-0.720933549369001	
-0.6870408517421221	-0.9987311485321839	-0.0	-0.6661663392125875	-0.891389753985505	0.0	-0.9984777637085003	-0.995154730374279	-0.6607573414570177	-0.9818906439508183	-0.7299942305878174	-0.6440446652448532	-0.9748135094579204	-0.9989614428494206	-0.9799912081269317	-0.9444910201870674	
0.7634069507942726	0.004802776197465997	-0.9984777637084998	-0.7079250124632473	0.5017129074179226	0.9984777637085003	0.0	-0.043283060366952016	0.7859015526919358	0.2433170941022322	-0.6421495597458619	-0.728300637426777	-0.1689155228756462	0.10059263141696342	-0.14468565479533366	-0.27594302188066006	
0.7906488232766645	0.04808083643826309	-0.9951547303742786	-0.6766912910699097	0.5386840540557514	0.995154730374279	0.043283060366952016	0.0	0.8119291957559693	0.2850713351246216	-0.6083678672849594	-0.697958057430018	-0.12609611773358784	0.1435618765290247	-0.10172244075741695	-0.23408186961261757	
-0.03557387673648965	-0.782922684044484	-0.6607573414570174	-0.9928191148118779	-0.3695967183686737	0.6607573414570177	-0.7859015526919358	-0.8119291957559693	0.0	-0.611827170948338	-0.9995301562689116	-0.9888910211872459	-0.8790577561128681	-0.7197136034761952	-0.8670986497338695	-0.9260179549376739	
0.5833012813158004	-0.23865585043366316	-0.9818906439508178	-0.8585014462601599	0.2761572216356981	0.9818906439508183	-0.2433170941022322	-0.2850713351246216	0.611827170948338	0.0	-0.8093727762429703	-0.873147795554428	-0.40365982758152263	-0.14451341532099482	-0.3810942192155876	-0.5015201140041603	
0.9999878679677625	0.6458238627712024	-0.7299942305878171	-0.08913844311718455	0.9400840960383388	0.7299942305878174	0.6421495597458619	0.6083678672849594	0.9995301562689116	0.8093727762429703	0.0	-0.11826228835857883	0.5034350558892637	0.7160046195195907	0.5244796115028917	0.40568522762961867	
0.9935528865934113	0.7315833772494165	-0.6440446652448528	0.02927861077432481	0.9738076128195117	0.6440446652448532	0.728300637426777	0.697958057430018	0.9888910211872459	0.873147795554428	0.11826228835857883	0.0	0.6020846740667523	0.7935383561034005	0.6214902524601967	0.5109315394241083	
0.8615427451906922	0.1736473375658664	-0.97481350945792	-0.5784495672461551	0.6406212633370151	0.9748135094579204	0.1689155228756462	0.12609611773358784	0.8790577561128681	0.40365982758152263	-0.5034350558892637	-0.6020846740667523	0.0	0.2672059010285456	0.024531539214318887	-0.10962065958998496	
0.6945601465407248	-0.0958130561803523	-0.9989614428494201	-0.775381530808234	0.41215200165339516	0.9989614428494206	-0.10059263141696342	-0.1435618765290247	0.7197136034761952	0.14451341532099482	-0.7160046195195907	-0.7935383561034005	-0.2672059010285456	0.0	-0.24348592798097898	-0.37123037670436937	
0.8488291740808986	0.1494362258842985	-0.9799912081269313	-0.5982863083668507	0.621591758039194	0.9799912081269317	0.14468565479533366	0.10172244075741695	0.8670986497338695	0.3810942192155876	-0.5244796115028917	-0.6214902524601967	-0.024531539214318887	0.24348592798097898	0.0	-0.1339713697640226	
0.9120034232676346	0.2805561429053217	-0.944491020187067	-0.48554397718304376	0.720933549369001	0.9444910201870674	0.27594302188066006	0.23408186961261757	0.9260179549376739	0.5015201140041603	-0.40568522762961867	-0.5109315394241083	0.10962065958998496	0.37123037670436937	0.1339713697640226	0.0	
