0.0	-0.05879009952166475	0.4882757202404811	0.482044455065845	-0.01922364890378131	0.5944277695874931	0.7142152383285281	0.9217345453279779	0.724137936096878	0.8733766342401182	0.18377868521932483	-0.26178444170303306	-0.4774867006566448	-0.724137936096878	-0.30144380867170245	0.09998914195158604	
0.05879009952166475	0.0	0.538736679851886	0.5327194498814716	0.039588836583663745	0.6406756274734451	0.7541286346584838	0.9429403400982259	0.682340546797304	0.9004994621010664	0.24124958119688678	-0.204591775284158	-0.42500555069859147	-0.682340546797304	-0.24486700537489586	0.15831167196325213	
-0.4882757202404811	-0.538736679851886	0.0	-0.007126094652196269	-0.5049617660622049	0.12610438857102602	0.2815311436714528	0.6150242174057334	0.9686893877413062	0.5243740869295836	-0.31957752184271804	-0.6997042846076793	-0.8457156700902142	-0.9686893877413062	-0.7286298812499461	-0.3985692741591705	
-0.482044455065845	-0.5327194498814716	0.007126094652196269	0.0	-0.4987981150736711	0.13317039353929214	0.2883618543559651	0.6206275855711227	0.9668955550015413	0.530428556676287	-0.3128170042672006	-0.6945954042604388	-0.8418914717915287	-0.9668955550015413	-0.7237306638771452	-0.3920235402735846	
0.01922364890378131	-0.039588836583663745	0.5049617660622049	0.4987981150736711	0.0	0.6097766026325508	0.7275383917482785	0.9290195588738608	0.7107464328278308	0.8825780321612877	0.2026409494243414	-0.24318281574132233	-0.4605078180209551	-0.7107464328278308	-0.2830586638822778	0.11909797494855445	
-0.5944277695874931	-0.6406756274734451	-0.12610438857102602	-0.13317039353929214	-0.6097766026325508	0.0	0.15827994442657478	0.5106801182098453	0.992264985584244	0.41281162284843176	-0.43651781855190536	-0.7842116133138851	-0.9062578635322632	-0.992264985584244	-0.8091830734293848	-0.5110426423644245	
-0.7142152383285281	-0.7541286346584838	-0.2815311436714528	-0.2883618543559651	-0.7275383917482785	-0.15827994442657478	0.0	0.3681581529715322	0.9994052957750905	0.26344386059748975	-0.5734189675080981	-0.87253773116691	-0.9617427663955896	-0.9994052957750905	-0.8919811615201542	-0.6406509553010605	
-0.9217345453279779	-0.9429403400982259	-0.6150242174057334	-0.6206275855711227	-0.9290195588738608	-0.5106801182098453	-0.3681581529715322	0.0	0.9165151703868876	-0.11021246428076503	-0.8347619325508651	-0.9911159191187061	-0.9950514516983562	-0.9165151703868876	-0.995765444873477	-0.8783373710767896	
-0.724137936096878	-0.682340546797304	-0.9686893877413062	-0.9668955550015413	-0.7107464328278308	-0.992264985584244	-0.9994052957750905	-0.9165151703868876	0.0	-0.9550167839762456	-0.83854808294276	-0.518343623262252	-0.30695464455287186	-0.0	-0.4825616145939089	-0.7894669677395816	
-0.8733766342401182	-0.9004994621010664	-0.5243740869295836	-0.530428556676287	-0.8825780321612877	-0.41281162284843176	-0.26344386059748975	0.11021246428076503	0.9550167839762456	0.0	-0.768992405520114	-0.9704197358621034	-0.9999404691865555	-0.9550167839762456	-0.9795674278550801	-0.8203004769377676	
-0.18377868521932483	-0.24124958119688678	0.31957752184271804	0.3128170042672006	-0.2026409494243414	0.43651781855190536	0.5734189675080981	0.8347619325508651	0.83854808294276	0.768992405520114	0.0	-0.43469529162626885	-0.6308290944214135	-0.83854808294276	-0.47153953676903004	-0.08457159196322	
0.26178444170303306	0.204591775284158	0.6997042846076793	0.6945954042604388	0.24318281574132233	0.7842116133138851	0.87253773116691	0.9911159191187061	0.518343623262252	0.9704197358621034	0.43469529162626885	0.0	-0.23082099126914896	-0.518343623262252	-0.04132410641869655	0.35697467379222975	
0.4774867006566448	0.42500555069859147	0.8457156700902142	0.8418914717915287	0.4605078180209551	0.9062578635322632	0.9617427663955896	0.9950514516983562	0.30695464455287186	0.9999404691865555	0.6308290944214135	0.23082099126914896	0.0	-0.30695464455287186	0.19041562276894097	0.5629481469062783	
0.724137936096878	0.682340546797304	0.9686893877413062	0.9668955550015413	0.7107464328278308	0.992264985584244	0.9994052957750905	0.9165151703868876	0.0	0.9550167839762456	0.83854808294276	0.518343623262252	0.30695464455287186	0.0	0.4825616145939089	0.7894669677395816	
0.30144380867170245	0.24486700537489586	0.7286298812499461	0.7237306638771452	0.2830586638822778	0.8091830734293848	0.8919811615201542	0.995765444873477	0.4825616145939089	0.9795674278550801	0.47153953676903004	0.04132410641869655	-0.19041562276894097	-0.4825616145939089	0.0	0.3952711729214575	
-0.09998914195158604	-0.15831167196325213	0.3985692741591705	0.3920235402735846	-0.11909797494855445	0.5110426423644245	0.6406509553010605	0.8783373710767896	0.7894669677395816	0.8203004769377676	0.08457159196322	-0.35697467379222975	-0.5629481469062783	-0.7894669677395816	-0.3952711729214575	0.0	
