0.0	0.7571033619253908	0.9991950842655892	0.9985169723544736	0.9908904384889746	0.9268798393067058	0.0	0.333660055078546	0.9336578252792709	0.9684305174279916	0.7716040055351961	0.7419211688124272	0.6007633017794234	0.41202005782833573	0.3336601757100875	0.3716654231951211	
-0.7571033619253908	0.0	0.6223983398171766	0.6935439508720154	0.5453844017518618	0.8897110057912788	0.7571033619253908	0.9316948731215907	0.8811229654859756	0.4439374388552561	0.022489264936352338	-0.02293458254495051	-0.21277310802039573	-0.42068279745204695	-0.49573779792668843	-0.4600623805963421	
-0.9991950842655892	-0.6223983398171766	0.0	0.09445262583288078	-0.09481288051358089	0.41223749081686223	0.9991950842655892	0.9553193253230147	0.3953312987209623	-0.21023475479630643	-0.6046385633582109	-0.6401855417073629	-0.7746840850857135	-0.8939133244525326	-0.9285499781829517	-0.9127102668705067	
-0.9985169723544736	-0.6935439508720154	-0.09445262583288078	0.0	-0.18841613332893883	0.3243409637123875	0.9985169723544736	0.9231305343075218	0.3068055308479568	-0.3016365681704563	-0.6771669544155995	-0.709883928149451	-0.8309477214235266	-0.9322543888634364	-0.9594602773004728	-0.9472239028878944	
-0.9908904384889746	-0.5453844017518618	0.09481288051358089	0.18841613332893883	0.0	0.49676218719248055	0.9908904384889746	0.9790401008824497	0.48063966619670706	-0.11659376959080656	-0.5263962774389983	-0.5644643952808778	-0.7112394414297963	-0.847387433003797	-0.8891717209776999	-0.8698573690753388	
-0.9268798393067058	-0.8897110057912788	-0.41223749081686223	-0.3243409637123875	-0.49676218719248055	0.0	0.9268798393067058	0.7485215356121501	-0.018479022599304895	-0.5945642964345951	-0.8792190908704014	-0.8999471746803842	-0.9664741466456477	-0.9992046288557201	-0.9990056035157335	-0.9999920763283826	
-0.0	-0.7571033619253908	-0.9991950842655892	-0.9985169723544736	-0.9908904384889746	-0.9268798393067058	0.0	-0.333660055078546	-0.9336578252792709	-0.9684305174279916	-0.7716040055351961	-0.7419211688124272	-0.6007633017794234	-0.41202005782833573	-0.3336601757100875	-0.3716654231951211	
-0.333660055078546	-0.9316948731215907	-0.9553193253230147	-0.9231305343075218	-0.9790401008824497	-0.7485215356121501	0.333660055078546	0.0	-0.7606473578495078	-0.9961091122939625	-0.9396282759209189	-0.9231190065524255	-0.8330724797797968	-0.6924312415377047	-0.6290784059173266	-0.6601254646205819	
-0.9336578252792709	-0.8811229654859756	-0.3953312987209623	-0.3068055308479568	-0.48063966619670706	0.018479022599304895	0.9336578252792709	0.7606473578495078	0.0	-0.5796047511209781	-0.8702652299282153	-0.8917366727397588	-0.9615643727692325	-0.9982971401325869	-0.9996589050700772	-0.9998948884462509	
-0.9684305174279916	-0.4439374388552561	0.21023475479630643	0.3016365681704563	0.11659376959080656	0.5945642964345951	0.9684305174279916	0.9961091122939625	0.5796047511209781	0.0	-0.4236734793161239	-0.4643713802326701	-0.6244289966469948	-0.779699599982782	-0.8297570551131623	-0.8064085778482272	
-0.7716040055351961	-0.022489264936352338	0.6046385633582109	0.6771669544155995	0.5263962774389983	0.8792190908704014	0.7716040055351961	0.9396282759209189	0.8702652299282153	0.4236734793161239	0.0	-0.045412131570564174	-0.2346935919351733	-0.44097883671297805	-0.5151437205005027	-0.47991394056168246	
-0.7419211688124272	0.02293458254495051	0.6401855417073629	0.709883928149451	0.5644643952808778	0.8999471746803842	0.7419211688124272	0.9231190065524255	0.8917366727397588	0.4643713802326701	0.045412131570564174	0.0	-0.19030772376084926	-0.3997657122915948	-0.4756893546273443	-0.4395780609994041	
-0.6007633017794234	0.21277310802039573	0.7746840850857135	0.8309477214235266	0.7112394414297963	0.9664741466456477	0.6007633017794234	0.8330724797797968	0.9615643727692325	0.6244289966469948	0.2346935919351733	0.19030772376084926	0.0	-0.21802042683900313	-0.29959867449800615	-0.260609313704332	
-0.41202005782833573	0.42068279745204695	0.8939133244525326	0.9322543888634364	0.847387433003797	0.9992046288557201	0.41202005782833573	0.6924312415377047	0.9982971401325869	0.779699599982782	0.44097883671297805	0.3997657122915948	0.21802042683900313	0.0	-0.08438586230935374	-0.04385356132561474	
-0.3336601757100875	0.49573779792668843	0.9285499781829517	0.9594602773004728	0.8891717209776999	0.9990056035157335	0.3336601757100875	0.6290784059173266	0.9996589050700772	0.8297570551131623	0.5151437205005027	0.4756893546273443	0.29959867449800615	0.08438586230935374	0.0	0.04060753822922947	
-0.3716654231951211	0.4600623805963421	0.9127102668705067	0.9472239028878944	0.8698573690753388	0.9999920763283826	0.3716654231951211	0.6601254646205819	0.9998948884462509	0.8064085778482272	0.47991394056168246	0.4395780609994041	0.260609313704332	0.04385356132561474	-0.04060753822922947	0.0	
