0.0	0.6602597248326838	0.7129205241187397	0.1814376145817043	0.2850716704272736	0.9040693094698867	0.8227077109107686	0.0	0.8742493563795886	0.9927337125241906	0.8599528630838067	0.5988919330392265	0.6204672337871371	0.3358691339111782	0.3792086782259955	0.5517268386671234	
-0.6602597248326838	0.0	0.07242621325329263	-0.5130346109162274	-0.41876357146427917	0.3968041368786916	0.9932185086494448	0.6602597248326838	0.9771349260176756	0.6661297589520854	0.3088776731252383	-0.07896548980161827	-0.05180298468859673	-0.3696540899682466	-0.3261458251192263	-0.13630557492902629	
-0.7129205241187397	-0.07242621325329263	0.0	-0.5738556038191321	-0.48343370713074096	0.3292817787541291	0.9821896312085066	0.7129205241187397	0.9591694744519363	0.6103622834458424	0.23918179047427635	-0.15095816007843899	-0.12399590662114623	-0.4359795187471026	-0.3937552017817147	-0.20769785348989572	
-0.1814376145817043	0.5130346109162274	0.5738556038191321	0.0	0.10643110187965671	0.8115201068979153	0.9121936484695689	0.1814376145817043	0.9478227808816716	0.954424031503834	0.7530788143315715	0.4436511401903174	0.4678797513818128	0.15939687091674704	0.2050284927020514	0.39124604443165045	
-0.2850716704272736	0.41876357146427917	0.48343370713074096	-0.10643110187965671	0.0	0.7447204373126338	0.9506236031756027	0.2850716704272736	0.9763692137725278	0.9172381947556774	0.6787771381708594	0.34574772946304794	0.371159260821289	0.05342117325523027	0.09969386709332845	0.2910767327934096	
-0.9040693094698867	-0.3968041368786916	-0.3292817787541291	-0.8115201068979153	-0.7447204373126338	0.0	0.8655450675578346	0.9040693094698867	0.8125468150956909	0.3154919487136674	-0.0938812812716055	-0.46804774058943827	-0.44382148833108304	-0.7080049896494771	-0.6744770071735816	-0.5182160385442315	
-0.8227077109107686	-0.9932185086494448	-0.9821896312085066	-0.9121936484695689	-0.9506236031756027	-0.8655450675578346	0.0	0.8227077109107686	-0.0975740322680329	-0.6633320067997139	-0.9087409608766555	-0.999297768916981	-0.9979076881092115	-0.9658452370888169	-0.9768273586957497	-0.9997958842398733	
-0.0	-0.6602597248326838	-0.7129205241187397	-0.1814376145817043	-0.2850716704272736	-0.9040693094698867	-0.8227077109107686	0.0	-0.8742493563795886	-0.9927337125241906	-0.8599528630838067	-0.5988919330392265	-0.6204672337871371	-0.3358691339111782	-0.3792086782259955	-0.5517268386671234	
-0.8742493563795886	-0.9771349260176756	-0.9591694744519363	-0.9478227808816716	-0.9763692137725278	-0.8125468150956909	0.0975740322680329	0.8742493563795886	0.0	-0.5871496551022646	-0.8636811376959683	-0.9908733316785606	-0.9868373097732824	-0.9865198300847485	-0.9930498511114629	-0.9969964849854053	
-0.9927337125241906	-0.6661297589520854	-0.6103622834458424	-0.954424031503834	-0.9172381947556774	-0.3154919487136674	0.6633320067997139	0.9927337125241906	0.5871496551022646	0.0	-0.40318514703616065	-0.7229449637667668	-0.7038718866394681	-0.894648696685712	-0.8729566858862338	-0.7615742511224461	
-0.8599528630838067	-0.3088776731252383	-0.23918179047427635	-0.7530788143315715	-0.6787771381708594	0.0938812812716055	0.9087409608766555	0.8599528630838067	0.8636811376959683	0.40318514703616065	0.0	-0.3830173737076483	-0.357732861082393	-0.6385783559382652	-0.6021859509213703	-0.43563534276702115	
-0.5988919330392265	0.07896548980161827	0.15095816007843899	-0.4436511401903174	-0.34574772946304794	0.46804774058943827	0.999297768916981	0.5988919330392265	0.9908733316785606	0.7229449637667668	0.3830173737076483	0.0	0.02721824262271244	-0.29512746953901736	-0.25047977095240254	-0.05765144801292532	
-0.6204672337871371	0.05180298468859673	0.12399590662114623	-0.4678797513818128	-0.371159260821289	0.44382148833108304	0.9979076881092115	0.6204672337871371	0.9868373097732824	0.7038718866394681	0.357732861082393	-0.02721824262271244	0.0	-0.3210240138652089	-0.27673754690599695	-0.08480306149887662	
-0.3358691339111782	0.3696540899682466	0.4359795187471026	-0.15939687091674704	-0.05342117325523027	0.7080049896494771	0.9658452370888169	0.3358691339111782	0.9865198300847485	0.894648696685712	0.6385783559382652	0.29512746953901736	0.3210240138652089	0.0	0.04639647383295076	0.2395530745116355	
-0.3792086782259955	0.3261458251192263	0.3937552017817147	-0.2050284927020514	-0.09969386709332845	0.6744770071735816	0.9768273586957497	0.3792086782259955	0.9930498511114629	0.8729566858862338	0.6021859509213703	0.25047977095240254	0.27673754690599695	-0.04639647383295076	0.0	0.19424954046128112	
-0.5517268386671234	0.13630557492902629	0.20769785348989572	-0.39124604443165045	-0.2910767327934096	0.5182160385442315	0.9997958842398733	0.5517268386671234	0.9969964849854053	0.7615742511224461	0.43563534276702115	0.05765144801292532	0.08480306149887662	-0.2395530745116355	-0.19424954046128112	0.0	
