0.0	0.5880822277854322	0.6867868541084261	0.9087692742876552	0.994503414306786	0.9993907632457649	0.9945034238293108	0.9841132860751296	0.6531738882579252	0.0	0.8425008788594447	0.9806535935271211	0.971206360330619	0.9912472950025306	0.9741040759586282	0.9999712160911457	
-0.5880822277854322	0.0	0.12802121088116503	0.4896075394230033	0.7427808514180346	0.8288332420771576	0.8659301049762747	0.9003610468278646	0.973588324281921	0.5880822277854322	0.9982126133057896	0.9082715476095172	0.9256174134578914	0.879359493987425	0.6548910500303575	0.8043159141217026	
-0.6867868541084261	-0.12802121088116503	0.0	0.37395158100650255	0.6509541945417139	0.7503858106956647	0.7947730063029124	0.8372447476252315	0.9948056967179593	0.6867868541084261	0.982347859616636	0.8472361088633573	0.8695499252840644	0.8111652401288818	0.5527536207474278	0.7216270963276338	
-0.9087692742876552	-0.4896075394230033	-0.37395158100650255	0.0	0.31985330755488006	0.4487619569578228	0.5101570573286639	0.572013835345212	0.9606960863191256	0.9087692742876552	0.8411241601048244	0.5871183754766746	0.6217884021418091	0.5336205130781692	0.20101978756732397	0.4103918322426066	
-0.994503414306786	-0.7427808514180346	-0.6509541945417139	-0.31985330755488006	0.0	0.13934984470162776	0.20825717947820388	0.2796065293040163	0.8214359029390643	0.994503414306786	0.6239473234870914	0.2973537301537799	0.3386196375064714	0.23508023690220933	-0.12286456934478862	0.09715554865306117	
-0.9993907632457649	-0.8288332420771576	-0.7503858106956647	-0.4487619569578228	-0.13934984470162776	0.0	0.06993078443351336	0.14308663710868402	0.7339499931356491	0.9993907632457649	0.5089623805542063	0.16140582632403788	0.20419827581370842	0.09734190890602598	-0.2599598590836571	-0.042482987125695246	
-0.9945034238293108	-0.8659301049762747	-0.7947730063029124	-0.5101570573286639	-0.20825717947820388	-0.06993078443351336	0.0	0.07352513065408646	0.6846559362759221	0.9945034238293108	0.44752072879317223	0.09199681969619111	0.135241055633811	0.027504917788837735	-0.3268499610779607	-0.11224663247723281	
-0.9841132860751296	-0.9003610468278646	-0.8372447476252315	-0.572013835345212	-0.2796065293040163	-0.14308663710868402	-0.07352513065408646	0.0	0.6292128240201418	0.9841132860751296	0.3805578731421435	0.018534485158657965	0.06202537232014366	-0.04606684175180337	-0.39545215157851066	-0.18500330138937984	
-0.6531738882579252	-0.973588324281921	-0.9948056967179593	-0.9606960863191256	-0.8214359029390643	-0.7339499931356491	-0.6846559362759221	-0.6292128240201418	0.0	0.6531738882579252	-0.28608687180927744	-0.614699124369487	-0.5797931510065996	-0.6643494983643016	-0.8852820181552213	-0.7621419699716968	
-0.0	-0.5880822277854322	-0.6867868541084261	-0.9087692742876552	-0.994503414306786	-0.9993907632457649	-0.9945034238293108	-0.9841132860751296	-0.6531738882579252	0.0	-0.8425008788594447	-0.9806535935271211	-0.971206360330619	-0.9912472950025306	-0.9741040759586282	-0.9999712160911457	
-0.8425008788594447	-0.9982126133057896	-0.982347859616636	-0.8411241601048244	-0.6239473234870914	-0.5089623805542063	-0.44752072879317223	-0.3805578731421435	0.28608687180927744	0.8425008788594447	0.0	-0.3633526046910886	-0.32246673291433503	-0.422754496756665	-0.715234486290562	-0.5450717623687376	
-0.9806535935271211	-0.9082715476095172	-0.8472361088633573	-0.5871183754766746	-0.2973537301537799	-0.16140582632403788	-0.09199681969619111	-0.018534485158657965	0.614699124369487	0.9806535935271211	0.3633526046910886	0.0	0.04351591934589036	-0.06457373666560176	-0.4124078973377031	-0.20318606283945403	
-0.971206360330619	-0.9256174134578914	-0.8695499252840644	-0.6217884021418091	-0.3386196375064714	-0.20419827581370842	-0.135241055633811	-0.06202537232014366	0.5797931510065996	0.971206360330619	0.32246673291433503	-0.04351591934589036	0.0	-0.10793766708221583	-0.4516602093465162	-0.24560177511977657	
-0.9912472950025306	-0.879359493987425	-0.8111652401288818	-0.5336205130781692	-0.23508023690220933	-0.09734190890602598	-0.027504917788837735	0.04606684175180337	0.6643494983643016	0.9912472950025306	0.422754496756665	0.06457373666560176	0.10793766708221583	0.0	-0.3527205476744848	-0.13953526310816244	
-0.9741040759586282	-0.6548910500303575	-0.5527536207474278	-0.20101978756732397	0.12286456934478862	0.2599598590836571	0.3268499610779607	0.39545215157851066	0.8852820181552213	0.9741040759586282	0.715234486290562	0.4124078973377031	0.4516602093465162	0.3527205476744848	0.0	0.2187027672688029	
-0.9999712160911457	-0.8043159141217026	-0.7216270963276338	-0.4103918322426066	-0.09715554865306117	0.042482987125695246	0.11224663247723281	0.18500330138937984	0.7621419699716968	0.9999712160911457	0.5450717623687376	0.20318606283945403	0.24560177511977657	0.13953526310816244	-0.2187027672688029	0.0	
