0.0	0.7275951228993508	0.9875991395605478	0.9886600957961944	0.9107449351767433	0.8355016326615567	0.0	0.44078886130621214	0.9726962376373184	0.980894732830482	0.9954233690324101	0.8355015657665938	0.8630494273403755	0.8875295292619667	0.6486437949812831	0.5325216555072766	
-0.7275951228993508	0.0	0.5632697538135134	0.7874909643973849	0.9252516900431802	0.9729645681705831	0.7275951228993508	0.9554814117227604	0.83613793009944	0.8144462778698969	0.6133359207572336	0.17335492388434232	0.2245353127101184	0.27361123454044	-0.10879286270131067	-0.25053494947526095	
-0.9875991395605478	-0.5632697538135134	0.0	0.30352467070720834	0.5508320285911534	0.6738447743497674	0.9875991395605478	0.9556820336026294	0.381913953605872	0.34612396460365025	0.061900018525202175	-0.41150301612839557	-0.36335971546913104	-0.31569799248798486	-0.649819045545358	-0.752315986050502	
-0.9886600957961944	-0.7874909643973849	-0.30352467070720834	0.0	0.27151916082681354	0.4177890246189059	0.9886600957961944	0.8212384604484358	0.08337976151692345	0.04503163220796805	-0.2439628209499247	-0.6687247107813981	-0.6289961376618199	-0.58880682689411	-0.8498686567006426	-0.916787205153789	
-0.9107449351767433	-0.9252516900431802	-0.5508320285911534	-0.27151916082681354	0.0	0.15540683459128357	0.9107449351767433	0.6354622274869284	-0.1903262521517712	-0.22790379091812077	-0.4981129747955078	-0.8454799894648914	-0.8164479443612069	-0.7861489623080202	-0.9610307906472577	-0.9907845385073817	
-0.8355016326615567	-0.9729645681705831	-0.6738447743497674	-0.4177890246189059	-0.15540683459128357	0.0	0.8355016326615567	0.5077471298938847	-0.34058003041326973	-0.37645198085209297	-0.6268163307878117	-0.9181962291672312	-0.8962634197217243	-0.8726448707817406	-0.9923156733270706	-0.9997965063574392	
-0.0	-0.7275951228993508	-0.9875991395605478	-0.9886600957961944	-0.9107449351767433	-0.8355016326615567	0.0	-0.44078886130621214	-0.9726962376373184	-0.980894732830482	-0.9954233690324101	-0.8355015657665938	-0.8630494273403755	-0.8875295292619667	-0.6486437949812831	-0.5325216555072766	
-0.44078886130621214	-0.9554814117227604	-0.9556820336026294	-0.8212384604484358	-0.6354622274869284	-0.5077471298938847	0.44078886130621214	0.0	-0.7708035287218905	-0.7947109848053795	-0.9356259578588535	-0.992163461978425	-0.997333541101203	-0.9997499435573011	-0.9177106195290506	-0.8510881103848535	
-0.9726962376373184	-0.83613793009944	-0.381913953605872	-0.08337976151692345	0.1903262521517712	0.34058003041326973	0.9726962376373184	0.7708035287218905	0.0	-0.03842035279340755	-0.323973712038744	-0.7283898020713222	-0.6916260046587054	-0.6541501861500013	-0.8908499630343415	-0.9468946888687811	
-0.980894732830482	-0.8144462778698969	-0.34612396460365025	-0.04503163220796805	0.22790379091812077	0.37645198085209297	0.980894732830482	0.7947109848053795	0.03842035279340755	0.0	-0.2873863184423517	-0.701527803829577	-0.6633660300250278	-0.6246074066468607	-0.8727379424271049	-0.933841735821038	
-0.9954233690324101	-0.6133359207572336	-0.061900018525202175	0.2439628209499247	0.4981129747955078	0.6268163307878117	0.9954233690324101	0.9356259578588535	0.323973712038744	0.2873863184423517	0.0	-0.46713009621048746	-0.4203320062309801	-0.37382703041480697	-0.6956224433422219	-0.7916531945341668	
-0.8355015657665938	-0.17335492388434232	0.41150301612839557	0.6687247107813981	0.8454799894648914	0.9181962291672312	0.8355015657665938	0.992163461978425	0.7283898020713222	0.701527803829577	0.46713009621048746	0.0	0.05220724597879728	0.10272883713363418	-0.27947164080473774	-0.4145679157676113	
-0.8630494273403755	-0.2245353127101184	0.36335971546913104	0.6289961376618199	0.8164479443612069	0.8962634197217243	0.8630494273403755	0.997333541101203	0.6916260046587054	0.6633660300250278	0.4203320062309801	-0.05220724597879728	0.0	0.05065770472023717	-0.3292175107526415	-0.46151211099316425	
-0.8875295292619667	-0.27361123454044	0.31569799248798486	0.58880682689411	0.7861489623080202	0.8726448707817406	0.8875295292619667	0.9997499435573011	0.6541501861500013	0.6246074066468607	0.37382703041480697	-0.10272883713363418	-0.05065770472023717	0.0	-0.376628565967021	-0.5058597312852359	
-0.6486437949812831	0.10879286270131067	0.649819045545358	0.8498686567006426	0.9610307906472577	0.9923156733270706	0.6486437949812831	0.9177106195290506	0.8908499630343415	0.8727379424271049	0.6956224433422219	0.27947164080473774	0.3292175107526415	0.376628565967021	0.0	-0.14372469215199135	
-0.5325216555072766	0.25053494947526095	0.752315986050502	0.916787205153789	0.9907845385073817	0.9997965063574392	0.5325216555072766	0.8510881103848535	0.9468946888687811	0.933841735821038	0.7916531945341668	0.4145679157676113	0.46151211099316425	0.5058597312852359	0.14372469215199135	0.0	
