0.0	0.10900795551288278	0.20669195725838185	0.22345796690291342	0.426146746183736	0.4193263901957492	0.19820218135115952	0.8110935333013396	0.6496026028201589	0.9859927494281218	0.31099727435241387	0.04118245653162422	-0.6496026028201589	-0.077309740437704	0.08054800946159779	0.07086460375920378	
-0.10900795551288278	0.0	0.09880620932818074	0.11587482033557239	0.32499279694255556	0.31786627595671474	0.09017570633469174	0.7424995785174162	0.7286074486078495	0.9619358587383008	0.20554166483500447	-0.06797843260918845	-0.7286074486078495	-0.18553075035372435	-0.028585745270452878	-0.038291590492129046	
-0.20669195725838185	-0.09880620932818074	0.0	0.01716717600526585	0.22995984622440524	0.22262917897351653	-0.008669211122838916	0.6726813044623743	0.7927176366609336	0.9302275134551474	0.10783935133381939	-0.16622344325980076	-0.7927176366609336	-0.28171367292365346	-0.12721169806575738	-0.13683796368956058	
-0.22345796690291342	-0.11587482033557239	-0.01716717600526585	0.0	0.21321886006291352	0.20586003600204483	-0.0258344644604121	0.6598796249016299	0.803065738028425	0.923790361159532	0.09075639663989737	-0.1831272956340903	-0.803065738028425	-0.2981440376135264	-0.14422065409191742	-0.15382349031963716	
-0.426146746183736	-0.32499279694255556	-0.22995984622440524	-0.21321886006291352	0.0	-0.00752584668877182	-0.2383880820057106	0.48449879836640464	0.9116538899405066	0.8209060927345221	-0.12366952756107691	-0.3885293454132207	-0.9116538899405066	-0.4948099113567883	-0.3518939974320252	-0.3609674384701236	
-0.4193263901957492	-0.31786627595671474	-0.22262917897351653	-0.20586003600204483	0.00752584668877182	0.0	-0.23107245460571363	0.4910686274835846	0.9085352589016049	0.8251805791634166	-0.11619795107070502	-0.3815837537171022	-0.9085352589016049	-0.4882559284559067	-0.34483953947889634	-0.3539387738122011	
-0.19820218135115952	-0.09017570633469174	0.008669211122838916	0.0258344644604121	0.2383880820057106	0.23107245460571363	0.0	0.679070655873103	0.7874031919300849	0.933374013140188	0.1164539540827707	-0.15766859082390272	-0.7874031919300849	-0.2733849913714049	-0.11860813877641585	-0.12824515784453377	
-0.8110935333013396	-0.7424995785174162	-0.6726813044623743	-0.6598796249016299	-0.48449879836640464	-0.4910686274835846	-0.679070655873103	0.0	0.9966165365828836	0.4414425843993637	-0.5889646278842612	-0.7863171390292386	-0.9966165365828836	-0.8538857711092889	-0.7613442139946257	-0.7676045244341148	
-0.6496026028201589	-0.7286074486078495	-0.7927176366609336	-0.803065738028425	-0.9116538899405066	-0.9085352589016049	-0.7874031919300849	-0.9966165365828836	0.0	-0.8579706268609404	-0.8538324536698636	-0.6803614561022482	-0.0	-0.5888818416791556	-0.7087304209312087	-0.7018459765752484	
-0.9859927494281218	-0.9619358587383008	-0.9302275134551474	-0.923790361159532	-0.8209060927345221	-0.8251805791634166	-0.933374013140188	-0.4414425843993637	0.8579706268609404	0.0	-0.8852274908078286	-0.9782875282551803	-0.8579706268609404	-0.9959361459184766	-0.9693545368097523	-0.9716945296533989	
-0.31099727435241387	-0.20554166483500447	-0.10783935133381939	-0.09075639663989737	0.12366952756107691	0.11619795107070502	-0.1164539540827707	0.5889646278842612	0.8538324536698636	0.8852274908078286	0.0	-0.2715931859690116	-0.8538324536698636	-0.3835425104005145	-0.23343306191371022	-0.24286492470801224	
-0.04118245653162422	0.06797843260918845	0.16622344325980076	0.1831272956340903	0.3885293454132207	0.3815837537171022	0.15766859082390272	0.7863171390292386	0.6803614561022482	0.9782875282551803	0.2715931859690116	0.0	-0.6803614561022482	-0.11830335668093628	0.03943103235668888	0.02972556374263957	
0.6496026028201589	0.7286074486078495	0.7927176366609336	0.803065738028425	0.9116538899405066	0.9085352589016049	0.7874031919300849	0.9966165365828836	0.0	0.8579706268609404	0.8538324536698636	0.6803614561022482	0.0	0.5888818416791556	0.7087304209312087	0.7018459765752484	
0.077309740437704	0.18553075035372435	0.28171367292365346	0.2981440376135264	0.4948099113567883	0.4882559284559067	0.2733849913714049	0.8538857711092889	0.5888818416791556	0.9959361459184766	0.3835425104005145	0.11830335668093628	-0.5888818416791556	0.0	0.15736547943933182	0.1477678941419477	
-0.08054800946159779	0.028585745270452878	0.12721169806575738	0.14422065409191742	0.3518939974320252	0.34483953947889634	0.11860813877641585	0.7613442139946257	0.7087304209312087	0.9693545368097523	0.23343306191371022	-0.03943103235668888	-0.7087304209312087	-0.15736547943933182	0.0	-0.009711161690234171	
-0.07086460375920378	0.038291590492129046	0.13683796368956058	0.15382349031963716	0.3609674384701236	0.3539387738122011	0.12824515784453377	0.7676045244341148	0.7018459765752484	0.9716945296533989	0.24286492470801224	-0.02972556374263957	-0.7018459765752484	-0.1477678941419477	0.009711161690234171	0.0	
