0.0	0.0	0.18809630785091586	0.17363927789924344	0.08480245827875776	0.18809630785091586	0.33425682552320635	0.784992551341803	0.901574409034932	0.7751489838895294	-0.12155517060508075	-0.3344199559107089	-0.901574409034932	-0.5176961519684551	-0.22466100257120775	-0.1983269152728222	
0.0	0.0	0.18809630785091586	0.17363927789924344	0.08480245827875776	0.18809630785091586	0.33425682552320635	0.784992551341803	0.901574409034932	0.7751489838895294	-0.12155517060508075	-0.3344199559107089	-0.901574409034932	-0.5176961519684551	-0.22466100257120775	-0.1983269152728222	
-0.18809630785091586	-0.18809630785091586	0.0	-0.014699078432428986	-0.10412995991167151	0.0	0.15101314814862826	0.6544542554172651	0.9668568266749633	0.6424778306828844	-0.3060869952990226	-0.5057172610859764	-0.9668568266749633	-0.6693841128827657	-0.4039389346873773	-0.37914684559111356	
-0.17363927789924344	-0.17363927789924344	0.014699078432428986	0.0	-0.08949954017481576	0.014699078432428986	0.16552733888555182	0.6654975466557365	0.9629994136324984	0.6536723857148248	-0.29206035170134415	-0.49298174034840075	-0.9629994136324984	-0.6583916066991375	-0.39044878376994985	-0.3655042895555649	
-0.08480245827875776	-0.08480245827875776	0.10412995991167151	0.08949954017481576	0.0	0.10412995991167151	0.2531279671639772	0.7296292742829218	0.9350143274222473	0.7187803609449922	-0.2052909232077259	-0.41313518816290706	-0.9350143274222473	-0.5883852751847991	-0.30648637661266703	-0.28073043482267557	
-0.18809630785091586	-0.18809630785091586	0.0	-0.014699078432428986	-0.10412995991167151	0.0	0.15101314814862826	0.6544542554172651	0.9668568266749633	0.6424778306828844	-0.3060869952990226	-0.5057172610859764	-0.9668568266749633	-0.6693841128827657	-0.4039389346873773	-0.37914684559111356	
-0.33425682552320635	-0.33425682552320635	-0.15101314814862826	-0.16552733888555182	-0.2531279671639772	-0.15101314814862826	0.0	0.5327675304185475	0.9943252260403117	0.5193877164732087	-0.44634176691183924	-0.6301965057763901	-0.9943252260403117	-0.7738976091441924	-0.5374511701178569	-0.5145366768877624	
-0.784992551341803	-0.784992551341803	-0.6544542554172651	-0.6654975466557365	-0.7296292742829218	-0.6544542554172651	-0.5327675304185475	0.0	0.8981367072845449	-0.01573257675484252	-0.8544756382419174	-0.9469708461073569	-0.8981367072845449	-0.9923272554533785	-0.9041044330454688	-0.8922639572633686	
-0.901574409034932	-0.901574409034932	-0.9668568266749633	-0.9629994136324984	-0.9350143274222473	-0.9668568266749633	-0.9943252260403117	-0.8981367072845449	0.0	-0.9049434207007323	-0.842301250848613	-0.7049873810327357	-0.0	-0.5473872852262385	-0.7813336900788239	-0.7978644717752813	
-0.7751489838895294	-0.7751489838895294	-0.6424778306828844	-0.6536723857148248	-0.7187803609449922	-0.6424778306828844	-0.5193877164732087	0.01573257675484252	0.9049434207007323	0.0	-0.8461969449998501	-0.9417984610097685	-0.9049434207007323	-0.9902592793630579	-0.8972698248767152	-0.8850500454602641	
0.12155517060508075	0.12155517060508075	0.3060869952990226	0.29206035170134415	0.2052909232077259	0.3060869952990226	0.44634176691183924	0.8544756382419174	0.842301250848613	0.8461969449998501	0.0	-0.2173835945568317	-0.842301250848613	-0.4098589731660171	-0.10454721489543845	-0.07771566730678275	
0.3344199559107089	0.3344199559107089	0.5057172610859764	0.49298174034840075	0.41313518816290706	0.5057172610859764	0.6301965057763901	0.9469708461073569	0.7049873810327357	0.9417984610097685	0.2173835945568317	0.0	-0.7049873810327357	-0.20177150186666043	0.11414521678250078	0.14086893728857114	
0.901574409034932	0.901574409034932	0.9668568266749633	0.9629994136324984	0.9350143274222473	0.9668568266749633	0.9943252260403117	0.8981367072845449	0.0	0.9049434207007323	0.842301250848613	0.7049873810327357	0.0	0.5473872852262385	0.7813336900788239	0.7978644717752813	
0.5176961519684551	0.5176961519684551	0.6693841128827657	0.6583916066991375	0.5883852751847991	0.6693841128827657	0.7738976091441924	0.9923272554533785	0.5473872852262385	0.9902592793630579	0.4098589731660171	0.20177150186666043	-0.5473872852262385	0.0	0.3122502875439921	0.3377311201832541	
0.22466100257120775	0.22466100257120775	0.4039389346873773	0.39044878376994985	0.30648637661266703	0.4039389346873773	0.5374511701178569	0.9041044330454688	0.7813336900788239	0.8972698248767152	0.10454721489543845	-0.11414521678250078	-0.7813336900788239	-0.3122502875439921	0.0	0.02694123895876488	
0.1983269152728222	0.1983269152728222	0.37914684559111356	0.3655042895555649	0.28073043482267557	0.37914684559111356	0.5145366768877624	0.8922639572633686	0.7978644717752813	0.8850500454602641	0.07771566730678275	-0.14086893728857114	-0.7978644717752813	-0.3377311201832541	-0.02694123895876488	0.0	
