0.0	0.42785740711931497	-0.7928836179013058	-0.9920108880233369	-0.9716225439057622	-0.9781864230987254	-0.7617769238382208	-0.5503010366352246	-0.9999856562600209	-0.8531439243708359	-0.9888454910907573	-0.9998740988913893	-0.42785742058767356	-0.7057339771340372	-0.8620515090684903	-0.8231860006302081	
-0.42785740711931497	0.0	-0.9773696750060472	-0.8426501307268154	-0.9794013891253716	-0.9730085029790556	-0.965712109924074	-0.8546340551515945	-0.9015416572241592	-0.5479081598744897	-0.9574914817632081	-0.9105215984678716	-1.4901161193847656e-08	-0.33474790677344946	-0.562315042146386	-0.5011082107109532	
0.7928836179013058	0.9773696750060472	0.0	-0.7045288218419989	-0.4045345255181414	-0.43137559681675064	0.04945490421984078	0.32669247738329044	-0.6136110784397897	-0.9335110000921245	-0.4844798351958136	-0.5967150729699962	-0.9773696781582157	-0.9917950452741874	-0.9271608055362401	-0.9518043536485022	
0.9920108880233369	0.8426501307268154	0.7045288218419989	0.0	0.3572194277230699	0.32946984076838254	0.7387636582287272	0.897717419717438	0.1208372115107606	-0.40988183504473724	0.27250011527774953	0.14187740660623305	-0.8426501227031141	-0.6137868725849475	-0.39402186264893296	-0.4593890082766732	
0.9716225439057622	0.9794013891253716	0.4045345255181414	-0.3572194277230699	0.0	-0.029542890901729485	0.44926715376606696	0.6811056913079283	-0.24173741226948892	-0.7086716730467532	-0.08918003449486003	-0.22108947524620562	-0.9794013861164835	-0.855304170788028	-0.696345251467086	-0.7463736112758007	
0.9781864230987254	0.9730085029790556	0.43137559681675064	-0.32946984076838254	0.029542890901729485	0.0	0.47546459847826317	0.7024392627589203	-0.21296519804805863	-0.6875187029343179	-0.05971593069377587	-0.1921811641033284	-0.9730084995403255	-0.8396238958320961	-0.674838167560967	-0.7263862323157025	
0.7617769238382208	0.965712109924074	-0.04945490421984078	-0.7387636582287272	-0.44926715376606696	-0.47546459847826317	0.0	0.27955137475276537	-0.6519102462813273	-0.9501007109704059	-0.5271502754383512	-0.6356701527288879	-0.9657121137926438	-0.9969036653866129	-0.9445552465072338	-0.9658077934078118	
0.5503010366352246	0.8546340551515945	-0.32669247738329044	-0.897717419717438	-0.6811056913079283	-0.7024392627589203	-0.27955137475276537	0.0	-0.8379017915720288	-0.999425080033536	-0.7436881346238794	-0.8261291504587496	-0.8546340628887363	-0.9791396938714166	-0.9986879255238902	-0.9997779982868664	
0.9999856562600209	0.9015416572241592	0.6136110784397897	-0.1208372115107606	0.24173741226948892	0.21296519804805863	0.6519102462813273	0.8379017915720288	0.0	-0.5170986476435979	0.15423910835639576	0.02122292591332775	-0.9015416507765411	-0.7046868163350997	-0.5021962132179226	-0.5633546229564084	
0.8531439243708359	0.5479081598744897	0.9335110000921245	0.40988183504473724	0.7086716730467532	0.6875187029343179	0.9501007109704059	0.999425080033536	0.5170986476435979	0.0	0.6429280463588564	0.5351474306665225	-0.5479081474090947	-0.2362685797434419	0.01732026982697432	-0.054954994416610614	
0.9888454910907573	0.9574914817632081	0.4844798351958136	-0.27250011527774953	0.08918003449486003	0.05971593069377587	0.5271502754383512	0.7436881346238794	-0.15423910835639576	-0.6429280463588564	0.0	-0.13323540597853467	-0.957491477464796	-0.8056897169378344	-0.6295655475239182	-0.6840479653503969	
0.9998740988913893	0.9105215984678716	0.5967150729699962	-0.14187740660623305	0.22108947524620562	0.1921811641033284	0.6356701527288879	0.8261291504587496	-0.02122292591332775	-0.5351474306665225	0.13323540597853467	0.0	-0.910521592306815	-0.7195861569516615	-0.5204357064628208	-0.5807624417945554	
0.42785742058767356	1.4901161193847656e-08	0.9773696781582157	0.8426501227031141	0.9794013861164835	0.9730084995403255	0.9657121137926438	0.8546340628887363	0.9015416507765411	0.5479081474090947	0.957491477464796	0.910521592306815	0.0	0.3347478927319702	0.5623150298242716	0.5011081978157172	
0.7057339771340372	0.33474790677344946	0.9917950452741874	0.6137868725849475	0.855304170788028	0.8396238958320961	0.9969036653866129	0.9791396938714166	0.7046868163350997	0.2362685797434419	0.8056897169378344	0.7195861569516615	-0.3347478927319702	0.0	0.2530630324567411	0.18251244135085437	
0.8620515090684903	0.562315042146386	0.9271608055362401	0.39402186264893296	0.696345251467086	0.674838167560967	0.9445552465072338	0.9986879255238902	0.5021962132179226	-0.01732026982697432	0.6295655475239182	0.5204357064628208	-0.5623150298242716	-0.2530630324567411	0.0	-0.07224084677370712	
0.8231860006302081	0.5011082107109532	0.9518043536485022	0.4593890082766732	0.7463736112758007	0.7263862323157025	0.9658077934078118	0.9997779982868664	0.5633546229564084	0.054954994416610614	0.6840479653503969	0.5807624417945554	-0.5011081978157172	-0.18251244135085437	0.07224084677370712	0.0	
