0.0	0.38078723757473615	0.326786999895425	0.6747369461632361	0.9991552036077708	0.9083640522658061	0.7536742026412724	0.272646137815613	-0.6971538122985375	-0.9991552036077708	-0.08240111394814945	-0.24806936832884077	-0.9991552036077708	-0.8415238797275691	-0.10993100361518839	0.326786999895425	
-0.38078723757473615	0.0	-0.057713517604703723	0.3428608947810465	0.9395303551088919	0.6806926283451902	0.44662268484574086	-0.11425516799918775	-0.9176267061317137	-0.9395303551088919	-0.455685508929182	-0.5982651814745068	-0.9395303551088919	-0.9838345797884486	-0.48012846705567175	-0.057713517604703723	
-0.326786999895425	0.057713517604703723	0.0	0.3965046905708385	0.9577292290905352	0.7218371822029133	0.49751582493923585	-0.05672914889666375	-0.8931593382859377	-0.9577292290905352	-0.40355280675372174	-0.5510222479843461	-0.9577292290905352	-0.9718593940461197	-0.42870198924122493	0.0	
-0.6747369461632361	-0.3428608947810465	-0.3965046905708385	0.0	0.7651637627234029	0.3882639410929607	0.11278585711694966	-0.447945374943716	-0.9982736394988563	-0.7651637627234029	-0.7332591575937413	-0.8367358580088262	-0.7651637627234029	-0.9856000214281769	-0.751783004038607	-0.3965046905708385	
-0.9991552036077708	-0.9395303551088919	-0.9577292290905352	-0.7651637627234029	0.0	-0.45515711090732425	-0.6876659346538018	-0.9725062496448765	-0.6876657191411368	-0.0	-0.992370968136789	-0.9577292290905352	-0.0	-0.505180298470697	-0.9885818227323308	-0.9577292290905352	
-0.9083640522658061	-0.6806926283451902	-0.7218371822029133	-0.3882639410929607	0.45515711090732425	0.0	-0.2818489473415654	-0.7599348796376941	-0.9427617760542943	-0.45515711090732425	-0.939733450356378	-0.9837083737884271	-0.45515711090732425	-0.8426250475001449	-0.9488296363517186	-0.7218371822029133	
-0.7536742026412724	-0.44662268484574086	-0.49751582493923585	-0.11278585711694966	0.6876659346538018	0.2818489473415654	0.0	-0.5459246062117906	-0.9985283936736822	-0.6876659346538018	-0.8052691256266136	-0.8931592047857694	-0.6876659346538018	-0.9602398711051192	-0.8213583038737542	-0.49751582493923585	
-0.272646137815613	0.11425516799918775	0.05672914889666375	0.447945374943716	0.9725062496448765	0.7599348796376941	0.5459246062117906	0.0	-0.8662076109207332	-0.9725062496448765	-0.3509982320752472	-0.5027949457861445	-0.9725062496448765	-0.9569311014811819	-0.3767598893234303	0.05672914889666375	
0.6971538122985375	0.9176267061317137	0.8931593382859377	0.9982736394988563	0.6876657191411368	0.9427617760542943	0.9985283936736822	0.8662076109207332	0.0	-0.6876657191411368	0.635707826047725	0.4975160824329814	-0.6876657191411368	-0.22669026006419463	0.6141166073242115	0.8931593382859377	
0.9991552036077708	0.9395303551088919	0.9577292290905352	0.7651637627234029	0.0	0.45515711090732425	0.6876659346538018	0.9725062496448765	0.6876657191411368	0.0	0.992370968136789	0.9577292290905352	0.0	0.505180298470697	0.9885818227323308	0.9577292290905352	
0.08240111394814945	0.455685508929182	0.40355280675372174	0.7332591575937413	0.992370968136789	0.939733450356378	0.8052691256266136	0.3509982320752472	-0.635707826047725	-0.992370968136789	0.0	-0.16740030304788386	-0.992370968136789	-0.7941473407051568	-0.027655456293519495	0.40355280675372174	
0.24806936832884077	0.5982651814745068	0.5510222479843461	0.8367358580088262	0.9577292290905352	0.9837083737884271	0.8931592047857694	0.5027949457861445	-0.4975160824329814	-0.9577292290905352	0.16740030304788386	0.0	-0.9577292290905352	-0.6812077409008316	0.14007106449099785	0.5510222479843461	
0.9991552036077708	0.9395303551088919	0.9577292290905352	0.7651637627234029	0.0	0.45515711090732425	0.6876659346538018	0.9725062496448765	0.6876657191411368	0.0	0.992370968136789	0.9577292290905352	0.0	0.505180298470697	0.9885818227323308	0.9577292290905352	
0.8415238797275691	0.9838345797884486	0.9718593940461197	0.9856000214281769	0.505180298470697	0.8426250475001449	0.9602398711051192	0.9569311014811819	0.22669026006419463	-0.505180298470697	0.7941473407051568	0.6812077409008316	-0.505180298470697	0.0	0.7770366714530322	0.9718593940461197	
0.10993100361518839	0.48012846705567175	0.42870198924122493	0.751783004038607	0.9885818227323308	0.9488296363517186	0.8213583038737542	0.3767598893234303	-0.6141166073242115	-0.9885818227323308	0.027655456293519495	-0.14007106449099785	-0.9885818227323308	-0.7770366714530322	0.0	0.42870198924122493	
-0.326786999895425	0.057713517604703723	0.0	0.3965046905708385	0.9577292290905352	0.7218371822029133	0.49751582493923585	-0.05672914889666375	-0.8931593382859377	-0.9577292290905352	-0.40355280675372174	-0.5510222479843461	-0.9577292290905352	-0.9718593940461197	-0.42870198924122493	0.0	
