0.0	0.43772322379745454	0.705008503194428	0.8377890315925052	0.8702662768620858	1.4901161193847656e-08	0.9136382307568515	0.9492441737035616	0.9788147512118909	0.9728458547349949	0.8070344176082268	0.7675829957241037	0.9997181935181375	0.9972445734702214	0.9870785068638339	0.9948975656816517	
-0.43772322379745454	0.0	0.3234472260603592	0.5142700137606089	0.9980793071274834	0.4377232371952341	0.9994078973924662	0.7157931877236473	0.7904390165430438	0.9760079936086986	0.9840900204896719	0.9706998809151076	0.9092474465227729	0.864160295175742	0.9576315568447465	0.8503601354071333	
-0.705008503194428	-0.3234472260603592	0.0	0.20922854755618941	0.9644660421255347	0.7050085137623143	0.9345570264959151	0.45144940522251353	0.5498253204961427	0.8531181835449229	0.9886585063707457	0.996243872037944	0.7257350935481898	0.6549443795604315	0.8130036658019004	0.6344517569718102	
-0.8377890315925052	-0.5142700137606089	-0.20922854755618941	0.0	0.8878396778266947	0.837789039728451	0.8394259409658685	0.25476342407274133	0.3628915579338894	0.7250776825067882	0.9353541278099395	0.9560762890182699	0.5657283760606547	0.4823391239859156	0.6731841522305624	0.45868347539864335	
-0.8702662768620858	-0.9980793071274834	-0.9644660421255347	-0.8878396778266947	0.0	0.8702662695220482	-0.09625356868925666	-0.7413138646979773	-0.6603312617838799	-0.2777793528874639	0.11636578345634846	0.1796995510014488	-0.4717836309575104	-0.5557841051260711	-0.3467674877136563	-0.5778695537130161	
-1.4901161193847656e-08	-0.4377232371952341	-0.7050085137623143	-0.837789039728451	-0.8702662695220482	0.0	-0.913638224699109	-0.9492441783905748	-0.9788147542628716	-0.9728458512860617	-0.8070344088090254	-0.7675829861732109	-0.9997181931644008	-0.9972445745756485	-0.9870785044761107	-0.9948975671850327	
-0.9136382307568515	-0.9994078973924662	-0.9345570264959151	-0.8394259409658685	0.09625356868925666	0.913638224699109	0.0	-0.6732704277757338	-0.5849812711064171	-0.18402408029361317	0.21142514211969093	0.2735518872531543	-0.3847249134892361	-0.4731853553173107	-0.2548762499408527	-0.49663107370296367	
-0.9492441737035616	-0.7157931877236473	-0.45144940522251353	-0.25476342407274133	0.7413138646979773	0.9492441783905748	0.6732704277757338	0.0	0.11352082196936947	0.5257054078609755	0.8143775805966791	0.8498533018063442	0.3369854750296823	0.24325474950452827	0.46258021946232963	0.2171657771834669	
-0.9788147512118909	-0.7904390165430438	-0.5498253204961427	-0.3628915579338894	0.6603312617838799	0.9788147542628716	0.5849812711064171	-0.11352082196936947	0.0	0.42573866463717813	0.7432329826657915	0.7845318582934331	0.22792610039748662	0.13157132473646943	0.3589449252574362	0.1049503167824316	
-0.9728458547349949	-0.9760079936086986	-0.8531181835449229	-0.7250776825067882	0.2777793528874639	0.9728458512860617	0.18402408029361317	-0.5257054078609755	-0.42573866463717813	0.0	0.38767843511772604	0.44588499111824786	-0.20829449751535375	-0.30298578437526863	-0.07257696382431267	-0.3284236164515899	
-0.8070344176082268	-0.9840900204896719	-0.9886585063707457	-0.9353541278099395	-0.11636578345634846	0.8070344088090254	-0.21142514211969093	-0.8143775805966791	-0.7432329826657915	-0.38767843511772604	0.0	0.06400722089629501	-0.571179915719021	-0.6487463236211943	-0.4535571143809163	-0.6689132612637382	
-0.7675829957241037	-0.9706998809151076	-0.996243872037944	-0.9560762890182699	-0.1796995510014488	0.7675829861732109	-0.2735518872531543	-0.8498533018063442	-0.7845318582934331	-0.44588499111824786	-0.06400722089629501	0.0	-0.6225473946211612	-0.6961258256083679	-0.5096720432795445	-0.7151207688596214	
-0.9997181935181375	-0.9092474465227729	-0.7257350935481898	-0.5657283760606547	0.4717836309575104	0.9997181931644008	0.3847249134892361	-0.3369854750296823	-0.22792610039748662	0.20829449751535375	0.571179915719021	0.6225473946211612	0.0	-0.09783651050489764	0.13676011444400618	-0.12447951074197319	
-0.9972445734702214	-0.864160295175742	-0.6549443795604315	-0.4823391239859156	0.5557841051260711	0.9972445745756485	0.4731853553173107	-0.24325474950452827	-0.13157132473646943	0.30298578437526863	0.6487463236211943	0.6961258256083679	0.09783651050489764	0.0	0.23302126560545322	-0.026806764779623543	
-0.9870785068638339	-0.9576315568447465	-0.8130036658019004	-0.6731841522305624	0.3467674877136563	0.9870785044761107	0.2548762499408527	-0.46258021946232963	-0.3589449252574362	0.07257696382431267	0.4535571143809163	0.5096720432795445	-0.13676011444400618	-0.23302126560545322	0.0	-0.2590063442076545	
-0.9948975656816517	-0.8503601354071333	-0.6344517569718102	-0.45868347539864335	0.5778695537130161	0.9948975671850327	0.49663107370296367	-0.2171657771834669	-0.1049503167824316	0.3284236164515899	0.6689132612637382	0.7151207688596214	0.12447951074197319	0.026806764779623543	0.2590063442076545	0.0	
