0.0	-0.8061465210181302	-0.9302746644978771	-0.8961323245972975	-0.9715861035493323	-0.9588172696272088	-0.9819098326899375	-0.9922496443549716	-0.9230769128128045	-0.8270487468973863	-0.5936359484323314	-0.6794435431686348	-0.6093525320965623	-2.1073424255447017e-08	-0.4490808564826221	-0.6597566610606973	
0.8061465210181302	0.0	-0.2547123965188676	-0.8880131114559995	-0.7657069150085865	-0.7963121798302334	-0.7336548426861008	-0.6873020357519513	-0.856255722993809	-0.9425372609452329	-0.9999971588345387	-0.9935297000565297	-0.999756732970339	-0.8061465334876117	-0.9860130728739962	-0.9961909798677285	
0.9302746644978771	0.2547123965188676	0.0	-0.7416022667668363	-0.5766231156300975	-0.6159753697498772	-0.5363738411238971	-0.4796167641719685	-0.6964414757873016	-0.8263497372674676	-0.9664069322841617	-0.9318316157468312	-0.9611636289017665	-0.9302746722289534	-0.995943663391294	-0.9411229962960335	
0.8961323245972975	0.8880131114559995	0.7416022667668363	0.0	0.21907491572417467	0.17098780247653672	0.2660769233327088	0.32899369545248164	0.06498318680052567	-0.1367096089096802	-0.45770001268697663	-0.355989013607356	-0.44012009963120596	-0.8961323152451867	-0.6013900522762872	-0.3806335016516125	
0.9715861035493323	0.7657069150085865	0.5766231156300975	-0.21907491572417467	0.0	-0.04901445754181574	0.048435734487582205	0.11412231501471833	-0.15520725210326236	-0.3504067224734339	-0.6413625549697155	-0.5520646918059365	-0.6261446126965056	-0.9715860985615395	-0.7618122342573698	-0.5739714342985043	
0.9588172696272088	0.7963121798302334	0.6159753697498772	-0.17098780247653672	0.04901445754181574	0.0	0.09733444740777167	0.1626793795965831	-0.1066002067739944	-0.3040787328389185	-0.6029859295715159	-0.5105328307436716	-0.5871751171007131	-0.9588172636418574	-0.7291451259526734	-0.5331448306375595	
0.9819098326899375	0.7336548426861008	0.5363738411238971	-0.2660769233327088	-0.048435734487582205	-0.09733444740777167	0.0	0.06586908014546923	-0.20287387240876606	-0.39536024480698456	-0.6777715220697581	-0.5918025115024838	-0.66317538609565	-0.9819098286997034	-0.7922946631253089	-0.612960592279775	
0.9922496443549716	0.6873020357519513	0.4796167641719685	-0.32899369545248164	-0.11412231501471833	-0.1626793795965831	-0.06586908014546923	0.0	-0.26693261048112826	-0.4550041028426064	-0.7247313163599597	-0.643613223665085	-0.7110357881428389	-0.9922496417363796	-0.8307632875038824	-0.6636734579710784	
0.9230769128128045	0.856255722993809	0.6964414757873016	-0.06498318680052567	0.15520725210326236	0.1066002067739944	0.20287387240876606	0.26693261048112826	0.0	-0.2007937243395691	-0.5145095850003576	-0.4159627279705609	-0.49754077608505276	-0.9230769047076406	-0.652037608730891	-0.4399206201421799	
0.8270487468973863	0.9425372609452329	0.8263497372674676	0.1367096089096802	0.3504067224734339	0.3040787328389185	0.39536024480698456	0.4550041028426064	0.2007937243395691	0.0	-0.33185331612316177	-0.22489291036451986	-0.31323100710538065	-0.8270487350513778	-0.4865187973986049	-0.2506408699852443	
0.5936359484323314	0.9999971588345387	0.9664069322841617	0.45770001268697663	0.6413625549697155	0.6029859295715159	0.6777715220697581	0.7247313163599597	0.5145095850003576	0.33185331612316177	0.0	0.1112039370400546	0.019672930457739157	-0.5936359314738361	-0.16901794098242418	0.08482330152958462	
0.6794435431686348	0.9935297000565297	0.9318316157468312	0.355989013607356	0.5520646918059365	0.5105328307436716	0.5918025115024838	0.643613223665085	0.4159627279705609	0.22489291036451986	-0.1112039370400546	0.0	-0.09163150443195922	-0.6794435277064775	-0.27757366851771065	-0.026505964986420605	
0.6093525320965623	0.999756732970339	0.9611636289017665	0.44012009963120596	0.6261446126965056	0.5871751171007131	0.66317538609565	0.7110357881428389	0.49754077608505276	0.31323100710538065	-0.019672930457739157	0.09163150443195922	0.0	-0.6093525153874562	-0.18837512630793635	0.065204856205196	
2.1073424255447017e-08	0.8061465334876117	0.9302746722289534	0.8961323152451867	0.9715860985615395	0.9588172636418574	0.9819098286997034	0.9922496417363796	0.9230769047076406	0.8270487350513778	0.5936359314738361	0.6794435277064775	0.6093525153874562	0.0	0.44908083765370455	0.6597566452244549	
0.4490808564826221	0.9860130728739962	0.995943663391294	0.6013900522762872	0.7618122342573698	0.7291451259526734	0.7922946631253089	0.8307632875038824	0.652037608730891	0.4865187973986049	0.16901794098242418	0.27757366851771065	0.18837512630793635	-0.44908083765370455	0.0	0.2520117484420858	
0.6597566610606973	0.9961909798677285	0.9411229962960335	0.3806335016516125	0.5739714342985043	0.5331448306375595	0.612960592279775	0.6636734579710784	0.4399206201421799	0.2506408699852443	-0.08482330152958462	0.026505964986420605	-0.065204856205196	-0.6597566452244549	-0.2520117484420858	0.0	
