0.0	0.37216053807080063	0.8724506254797423	0.9966789984316737	0.910393712364009	0.6544791679575537	0.9706167771511115	0.8287405513474604	0.9662353903422114	0.910393712364009	0.3369078697757101	0.597059540985574	0.3008259290050945	-0.828740534669097	0.3008259290050945	0.6404103304400935	
-0.37216053807080063	0.0	0.6279053812805802	0.9553912550267242	0.6910198275806344	0.3260837138433646	0.8113425946635853	0.9774840912207088	0.9927203745456891	0.6910198275806344	-0.0376959164645832	0.2556257456424517	-0.07570460031997445	-0.9774840849321466	-0.07570460031997445	0.3085770612224361	
-0.8724506254797423	-0.6279053812805802	0.0	0.5581236328227765	0.08394111282244299	-0.33979704578760606	0.2644043271441243	0.893259550377843	0.6969978919954862	0.08394111282244299	-0.6567974444378126	-0.408092856492967	-0.6850235838367799	-0.8932595637752174	-0.6850235838367799	-0.35710084504851847	
-0.9966789984316737	-0.9553912550267242	-0.5581236328227765	0.0	-0.48650306320212217	-0.8068638494079182	-0.3188695310182534	0.4902894608956327	0.17812395354506944	-0.48650306320212217	-0.9658454457949495	-0.8481518585604828	-0.9750083900924189	-0.4902894868701346	-0.9750083900924189	-0.8176314302167749	
-0.910393712364009	-0.6910198275806344	-0.08394111282244299	0.48650306320212217	0.0	-0.417544320564905	0.18251735961343202	0.8523719879769476	0.6343460687939605	0.0	-0.7177766476769939	-0.4832858165143712	-0.7437587960187251	-0.8523720035616528	-0.7437587960187251	-0.43424706080513	
-0.6544791679575537	-0.3260837138433646	0.33979704578760606	0.8068638494079182	0.417544320564905	0.0	0.5763762702616965	0.9928623271917193	0.8991850182509931	0.417544320564905	-0.3614874434028912	-0.07359637680978101	-0.39671460263809566	-0.9928623307461254	-0.39671460263809566	-0.018460099744933067	
-0.9706167771511115	-0.8113425946635853	-0.2644043271441243	0.3188695310182534	-0.18251735961343202	-0.5763762702616965	0.0	0.7426094946460218	0.4825958249866379	-0.18251735961343202	-0.832801875727228	-0.6349550142648477	-0.8532689860276144	-0.7426095146053722	-0.8532689860276144	-0.5913633606158384	
-0.8287405513474604	-0.9774840912207088	-0.893259550377843	-0.4902894608956327	-0.8523719879769476	-0.9928623271917193	-0.7426094946460218	0.0	-0.3272031272588216	-0.8523719879769476	-0.9688351682214821	-0.9989473450618245	-0.9587046329184102	-2.980232238769532e-08	-0.9587046329184102	-0.994894805148548	
-0.9662353903422114	-0.9927203745456891	-0.6969978919954862	-0.17812395354506944	-0.6343460687939605	-0.8991850182509931	-0.4825958249866379	0.3272031272588216	0.0	-0.6343460687939605	-0.9965549737034195	-0.928949992449637	-0.9989895620935897	-0.3272031554206461	-0.9989895620935897	-0.9071093556734949	
-0.910393712364009	-0.6910198275806344	-0.08394111282244299	0.48650306320212217	0.0	-0.417544320564905	0.18251735961343202	0.8523719879769476	0.6343460687939605	0.0	-0.7177766476769939	-0.4832858165143712	-0.7437587960187251	-0.8523720035616528	-0.7437587960187251	-0.43424706080513	
-0.3369078697757101	0.0376959164645832	0.6567974444378126	0.9658454457949495	0.7177766476769939	0.3614874434028912	0.832801875727228	0.9688351682214821	0.9965549737034195	0.7177766476769939	0.0	0.29188756166548396	-0.038063053673822234	-0.9688351608392586	-0.038063053673822234	0.3442140731563946	
-0.597059540985574	-0.2556257456424517	0.408092856492967	0.8481518585604828	0.4832858165143712	0.07359637680978101	0.6349550142648477	0.9989473450618245	0.928949992449637	0.4832858165143712	-0.29188756166548396	0.0	-0.3280815504002265	-0.9989473464289038	-0.3280815504002265	0.0551737978526916	
-0.3008259290050945	0.07570460031997445	0.6850235838367799	0.9750083900924189	0.7437587960187251	0.39671460263809566	0.8532689860276144	0.9587046329184102	0.9989895620935897	0.7437587960187251	0.038063053673822234	0.3280815504002265	0.0	-0.9587046244425212	0.0	0.3797017006455643	
0.828740534669097	0.9774840849321466	0.8932595637752174	0.4902894868701346	0.8523720035616528	0.9928623307461254	0.7426095146053722	2.980232238769532e-08	0.3272031554206461	0.8523720035616528	0.9688351608392586	0.9989473464289038	0.9587046244425212	0.0	0.9587046244425212	0.9948948081561214	
-0.3008259290050945	0.07570460031997445	0.6850235838367799	0.9750083900924189	0.7437587960187251	0.39671460263809566	0.8532689860276144	0.9587046329184102	0.9989895620935897	0.7437587960187251	0.038063053673822234	0.3280815504002265	0.0	-0.9587046244425212	0.0	0.3797017006455643	
-0.6404103304400935	-0.3085770612224361	0.35710084504851847	0.8176314302167749	0.43424706080513	0.018460099744933067	0.5913633606158384	0.994894805148548	0.9071093556734949	0.43424706080513	-0.3442140731563946	-0.0551737978526916	-0.3797017006455643	-0.9948948081561214	-0.3797017006455643	0.0	
