0.0	-0.074023636160336	-0.14753987532824664	0.49465941783516454	0.5422404176269712	0.47500040787832887	0.9995027242434793	0.8255992338871768	0.7893668726681365	0.14753989006633114	0.8889591387400066	0.6504525950256241	0.3297424101788561	0.30102058587799485	0.5660016095005936	0.4868940354717649	
0.074023636160336	0.0	-0.07392156829746128	0.5576352867518284	0.6029491639349907	0.5388369702288385	0.9990947327061906	0.7815658407053845	0.7417565127869791	0.07392158315785377	0.8526184406838729	0.7048924898938868	0.3987213215569682	0.3707849774092187	0.6254741685967892	0.5502149981012987	
0.14753987532824664	0.07392156829746128	0.0	0.6174708933172163	0.6602726500102956	0.5996350168663701	0.9932165889779847	0.7333135652346162	0.6901501855455854	1.4901161193847656e-08	0.8116591925165999	0.7553975601819448	0.46542185396025604	0.43842287715137224	0.6814398324526846	0.6104358536099149	
-0.49465941783516454	-0.5576352867518284	-0.6174708933172163	0.0	0.05562964168155837	-0.022476514709301454	0.8530568434026502	0.9966325027291707	0.9897106032910251	0.6174709050383762	0.9991300964672298	0.1895828330818315	-0.18041876943986213	-0.2101028961790346	0.08410532135105486	-0.008912498644123579	
-0.5422404176269712	-0.6029491639349907	-0.6602726500102956	-0.05562964168155837	0.0	-0.07805729724224625	0.8227073132415401	0.9996507033280506	0.9961376996176895	0.6602726612014548	0.9952630530497006	0.13466847570519624	-0.23485613904351238	-0.2641654940520417	0.028542543287931543	-0.06452612962826043	
-0.47500040787832887	-0.5388369702288385	-0.5996350168663701	0.022476514709301454	0.07805729724224625	0.0	0.8645699865874501	0.9945376978338338	0.9862445528771326	0.5996350287913761	0.9998150013351429	0.21160383606660793	-0.15826551788459609	-0.18807499544296924	0.10648095143610342	0.013565374916635176	
-0.9995027242434793	-0.9990947327061906	-0.9932165889779847	-0.8530568434026502	-0.8227073132415401	-0.8645699865874501	0.0	0.5900096402677124	0.6385072640472463	0.9932165872452924	0.485789955312714	-0.7386586936110678	-0.9332038458768017	-0.9436514722261611	-0.8061466822825659	-0.8576736646447813	
-0.8255992338871768	-0.7815658407053845	-0.7333135652346162	-0.9966325027291707	-0.9996507033280506	-0.9945376978338338	-0.5900096402677124	0.0	0.061447599848328316	0.7333135551034569	-0.12348805434006749	-0.9941036968195651	-0.9654836926607664	-0.957158952055471	-0.9999977639501547	-0.995862113258891	
-0.7893668726681365	-0.7417565127869791	-0.6901501855455854	-0.9897106032910251	-0.9961376996176895	-0.9862445528771326	-0.6385072640472463	-0.061447599848328316	0.0	0.6901501747621192	-0.1842319838270201	-0.9988881326389805	-0.9476543710895988	-0.9375572667298	-0.998238024202418	-0.9883960623000931	
-0.14753989006633114	-0.07392158315785377	-1.4901161193847656e-08	-0.6174709050383762	-0.6602726612014548	-0.5996350287913761	-0.9932165872452924	-0.7333135551034569	-0.6901501747621192	0.0	-0.8116591838123655	-0.7553975699461803	-0.4654218671491095	-0.4384228905440712	-0.6814398433584591	-0.6104358654126135	
-0.8889591387400066	-0.8526184406838729	-0.8116591925165999	-0.9991300964672298	-0.9952630530497006	-0.9998150013351429	-0.485789955312714	0.12348805434006749	0.1842319838270201	0.8116591838123655	0.0	-0.9731046345091496	-0.990258069135477	-0.9855904872379466	-0.9920826956392463	-0.9994620822395253	
-0.6504525950256241	-0.7048924898938868	-0.7553975601819448	-0.1895828330818315	-0.13466847570519624	-0.21160383606660793	0.7386586936110678	0.9941036968195651	0.9988881326389805	0.7553975699461803	0.9731046345091496	0.0	-0.3636185840140302	-0.39164383117701446	-0.10633106786873814	-0.19832617148170162	
-0.3297424101788561	-0.3987213215569682	-0.46542185396025604	0.18041876943986213	0.23485613904351238	0.15826551788459609	0.9332038458768017	0.9654836926607664	0.9476543710895988	0.4654218671491095	0.990258069135477	0.3636185840140302	0.0	-0.030263391642221138	0.2625046659912429	0.1716453601861646	
-0.30102058587799485	-0.3707849774092187	-0.43842287715137224	0.2101028961790346	0.2641654940520417	0.18807499544296924	0.9436514722261611	0.957158952055471	0.9375572667298	0.4384228905440712	0.9855904872379466	0.39164383117701446	0.030263391642221138	0.0	0.29158650438287037	0.201380986249855	
-0.5660016095005936	-0.6254741685967892	-0.6814398324526846	-0.08410532135105486	-0.028542543287931543	-0.10648095143610342	0.8061466822825659	0.9999977639501547	0.998238024202418	0.6814398433584591	0.9920826956392463	0.10633106786873814	-0.2625046659912429	-0.29158650438287037	0.0	-0.09298290143914206	
-0.4868940354717649	-0.5502149981012987	-0.6104358536099149	0.008912498644123579	0.06452612962826043	-0.013565374916635176	0.8576736646447813	0.995862113258891	0.9883960623000931	0.6104358654126135	0.9994620822395253	0.19832617148170162	-0.1716453601861646	-0.201380986249855	0.09298290143914206	0.0	
