0.0	-0.46080779997970345	-0.7999999161809545	-0.7378176557461376	-0.7378176557461376	-0.6887488705995016	-0.6469882394263486	-0.8992184276131255	-0.9367497101989272	-0.7490619483361187	-0.0	-0.4841228761942942	-0.3479853667665047	-0.22220508519011387	-0.409076688718047	-0.31224992825480236	
0.46080779997970345	0.0	-0.4335151587332341	-0.3437678353702893	-0.3437678353702893	-0.9453502450277882	-0.9255679716979406	-0.9996597111247761	-0.9926480434798544	-0.9700775952586582	-0.46080779997970334	-0.8328658669171521	-0.7408442939986027	-0.6464945846527281	-0.783542663840789	-0.7148892032019909	
0.7999999161809545	0.4335151587332341	0.0	0.09730933084684107	0.09730933084684107	-0.993249334839289	-0.9981929352865537	-0.8895310924528604	-0.8420498791208908	-0.9794371655207866	-0.7999999161809542	-0.9904737251063103	-0.9587911524302686	-0.9133229532456628	-0.9754459880517675	-0.9473499047708577	
0.7378176557461376	0.3437678353702893	-0.09730933084684107	0.0	0.0	-0.9998233391579097	-0.9993030598755794	-0.9297677084441175	-0.8905422874364108	-0.9944210421525375	-0.7378176557461374	-0.972373445712014	-0.926594176608774	-0.8693606266530594	-0.9493854132901299	-0.9116954923778198	
0.7378176557461376	0.3437678353702893	-0.09730933084684107	0.0	0.0	-0.9998233391579097	-0.9993030598755794	-0.9297677084441175	-0.8905422874364108	-0.9944210421525375	-0.7378176557461374	-0.972373445712014	-0.926594176608774	-0.8693606266530594	-0.9493854132901299	-0.9116954923778198	
0.6887488705995016	0.9453502450277882	0.993249334839289	0.9998233391579097	0.9998233391579097	0.0	-0.056104528828224864	0.3506057489991987	0.4380814500657372	0.08677380954493846	-0.6887488705995015	-0.2516661948242581	-0.393412652847473	-0.5104314278267983	-0.33190275181722845	-0.42793022412434806	
0.6469882394263486	0.9255679716979406	0.9981929352865537	0.9993030598755794	0.9993030598755794	0.056104528828224864	0.0	0.40259670005887954	0.48782576867473887	0.14253003689849986	-0.6469882394263485	-0.1969710416084528	-0.3412126169988875	-0.4613821274989698	-0.2784558064202962	-0.3765482576783185	
0.8992184276131255	0.9996597111247761	0.8895310924528604	0.9297677084441175	0.9297677084441175	-0.3506057489991987	-0.40259670005887954	0.0	0.09510154095570333	-0.268017596465177	-0.8992184276131253	-0.5750124036708385	-0.6907736586753666	-0.7795232038521114	-0.6415657844506384	-0.7176481651515717	
0.9367497101989272	0.9926480434798544	0.8420498791208908	0.8905422874364108	0.8905422874364108	-0.4380814500657372	-0.48782576867473887	-0.09510154095570333	0.0	-0.3584249849400099	-0.9367497101989269	-0.6502130250926996	-0.75640795195021	-0.8355591458528631	-0.7116072874777967	-0.7806247497998006	
0.7490619483361187	0.9700775952586582	0.9794371655207866	0.9944210421525375	0.9944210421525375	-0.08677380954493846	-0.14253003689849986	0.268017596465177	0.3584249849400099	0.0	-0.7490619483361186	-0.3346978359180113	-0.4717052586952969	-0.5831245011154039	-0.41250574300489	-0.5047432788335531	
0.0	0.46080779997970334	0.7999999161809542	0.7378176557461374	0.7378176557461374	0.6887488705995015	0.6469882394263485	0.8992184276131253	0.9367497101989269	0.7490619483361186	0.0	0.4841228761942941	0.34798536676650466	0.2222050851901138	0.40907668871804687	0.3122499282548023	
0.4841228761942942	0.8328658669171521	0.9904737251063103	0.972373445712014	0.972373445712014	0.2516661948242581	0.1969710416084528	0.5750124036708385	0.6502130250926996	0.3346978359180113	-0.4841228761942941	0.0	-0.14937797550149678	-0.27759032477637025	-0.08382001575600262	-0.18669803338274632	
0.3479853667665047	0.7408442939986027	0.9587911524302686	0.926594176608774	0.926594176608774	0.393412652847473	0.3412126169988875	0.6907736586753666	0.75640795195021	0.4717052586952969	-0.34798536676650466	0.14937797550149678	0.0	-0.13096845516726854	0.06597273178124502	-0.037851798353638944	
0.22220508519011387	0.6464945846527281	0.9133229532456628	0.8693606266530594	0.8693606266530594	0.5104314278267983	0.4613821274989698	0.7795232038521114	0.8355591458528631	0.5831245011154039	-0.2222050851901138	0.27759032477637025	0.13096845516726854	0.0	0.1960876087580022	0.09334883519297252	
0.409076688718047	0.783542663840789	0.9754459880517675	0.9493854132901299	0.9493854132901299	0.33190275181722845	0.2784558064202962	0.6415657844506384	0.7116072874777967	0.41250574300489	-0.40907668871804687	0.08382001575600262	-0.06597273178124502	-0.1960876087580022	0.0	-0.1036947887587732	
0.31224992825480236	0.7148892032019909	0.9473499047708577	0.9116954923778198	0.9116954923778198	0.42793022412434806	0.3765482576783185	0.7176481651515717	0.7806247497998006	0.5047432788335531	-0.3122499282548023	0.18669803338274632	0.037851798353638944	-0.09334883519297252	0.1036947887587732	0.0	
