0.0	0.7599342179076491	0.9762456461276394	0.9762456461276394	0.8754363847675259	0.8122328329376259	0.9994442893264271	0.988685995367008	0.9367497310730806	0.43588981161807777	1.4901161193847656e-08	0.909059376367437	0.9236100364257978	0.7872243430409058	0.6420453004929171	0.6420453004929171	
-0.7599342179076491	0.0	0.4699072549984926	0.4699072549984926	0.2017320812309104	0.0846563404265514	0.6749699329123472	0.7566360243486603	0.8748642265739839	0.9672691989069786	0.7599342275934037	0.9075277857176962	0.30903834009072734	0.043069678047125304	-0.16528682301713588	-0.16528682301713588	
-0.9762456461276394	-0.4699072549984926	0.0	0.0	-0.2821742164688626	-0.3934928973328431	0.24908779114147828	0.3606521405102061	0.5446483230300438	0.9730639070879551	0.976245649356224	0.6037318001425349	-0.17411207416100125	-0.4314529293541608	-0.6093452237840028	-0.6093452237840028	
-0.9762456461276394	-0.4699072549984926	0.0	0.0	-0.2821742164688626	-0.3934928973328431	0.24908779114147828	0.3606521405102061	0.5446483230300438	0.9730639070879551	0.976245649356224	0.6037318001425349	-0.17411207416100125	-0.4314529293541608	-0.6093452237840028	-0.6093452237840028	
-0.8754363847675259	-0.2017320812309104	0.2821742164688626	0.2821742164688626	0.0	-0.11809203626730547	0.5122459973011806	0.6091803886473796	0.7591650556556562	0.9985728683101109	0.8754363919697542	0.8041438185666288	0.11082752996902873	-0.15936069072931047	-0.3608460140929161	-0.3608460140929161	
-0.8122328329376259	-0.0846563404265514	0.3934928973328431	0.3934928973328431	0.11809203626730547	0.0	0.6100836543971311	0.6985684692844493	0.8307188045774857	0.9852786566477643	0.8122328416299704	0.8687149608120575	0.22741657991006964	-0.0416627184518471	-0.24818541603976596	-0.24818541603976596	
-0.9994442893264271	-0.6749699329123472	-0.24908779114147828	-0.24908779114147828	-0.5122459973011806	-0.6100836543971311	0.0	0.11696043101519459	0.31858040649080815	0.8849702307596654	0.9994442888297214	0.38613304894792827	-0.4139074050421562	-0.6425648519768338	-0.7876421809427139	-0.7876421809427139	
-0.988685995367008	-0.7566360243486603	-0.3606521405102061	-0.3606521405102061	-0.6091803886473796	-0.6985684692844493	-0.11696043101519459	0.0	0.20552754784816804	0.8244339599780239	0.9886859931318336	0.2755935116208158	-0.5175378840203289	-0.7277734001787095	-0.8542994320481362	-0.8542994320481362	
-0.9367497310730806	-0.8748642265739839	-0.5446483230300438	-0.5446483230300438	-0.7591650556556562	-0.8307188045774857	-0.31858040649080815	-0.20552754784816804	0.0	0.6905133979668049	0.9367497258576754	0.0721416139778781	-0.6823509008846609	-0.8531908307429823	-0.9428906283826526	-0.9428906283826526	
-0.43588981161807777	-0.9672691989069786	-0.9730639070879551	-0.9730639070879551	-0.9985728683101109	-0.9852786566477643	-0.8849702307596654	-0.8244339599780239	-0.6905133979668049	0.0	0.43588979820703205	-0.6365327521571543	-0.9983401961817091	-0.9773006772187369	-0.9120230005248827	-0.9120230005248827	
-1.4901161193847656e-08	-0.7599342275934037	-0.976245649356224	-0.976245649356224	-0.8754363919697542	-0.8122328416299704	-0.9994442888297214	-0.9886859931318336	-0.9367497258576754	-0.43588979820703205	0.0	-0.9090593701586209	-0.9236100421379105	-0.7872243522299558	-0.6420453119171412	-0.6420453119171412	
-0.909059376367437	-0.9075277857176962	-0.6037318001425349	-0.6037318001425349	-0.8041438185666288	-0.8687149608120575	-0.38613304894792827	-0.2755935116208158	-0.0721416139778781	0.6365327521571543	0.9090593701586209	0.0	-0.7333102752524855	-0.8885967420921925	-0.964464382402072	-0.964464382402072	
-0.9236100364257978	-0.30903834009072734	0.17411207416100125	0.17411207416100125	-0.11082752996902873	-0.22741657991006964	0.4139074050421562	0.5175378840203289	0.6823509008846609	0.9983401961817091	0.9236100421379105	0.7333102752524855	0.0	-0.2677901751848114	-0.46198364842890804	-0.46198364842890804	
-0.7872243430409058	-0.043069678047125304	0.4314529293541608	0.4314529293541608	0.15936069072931047	0.0416627184518471	0.6425648519768338	0.7277734001787095	0.8531908307429823	0.9773006772187369	0.7872243522299558	0.8885967420921925	0.2677901751848114	0.0	-0.20761072646692708	-0.20761072646692708	
-0.6420453004929171	0.16528682301713588	0.6093452237840028	0.6093452237840028	0.3608460140929161	0.24818541603976596	0.7876421809427139	0.8542994320481362	0.9428906283826526	0.9120230005248827	0.6420453119171412	0.964464382402072	0.46198364842890804	0.20761072646692708	0.0	0.0	
-0.6420453004929171	0.16528682301713588	0.6093452237840028	0.6093452237840028	0.3608460140929161	0.24818541603976596	0.7876421809427139	0.8542994320481362	0.9428906283826526	0.9120230005248827	0.6420453119171412	0.964464382402072	0.46198364842890804	0.20761072646692708	0.0	0.0	
