0.0	0.12069829459105774	0.12069829459105774	0.15141378666249472	0.04126017374865182	0.40453599487896974	0.7258975570794535	0.8404216906904984	0.8391761853646358	0.9980412298595944	0.19643391002166805	-0.41930969215573194	-0.3395516866164397	-0.6876659728023571	-0.8391761853646356	-0.05101849769305289	
-0.12069829459105774	0.0	0.0	0.031000136699549874	-0.07963698191702862	0.2911972731539276	0.6375740633156262	0.7688671775946951	0.8986841008133243	0.9831939501982803	0.07665109047886731	-0.5258193515239475	-0.45059659956037634	-0.7702688560894382	-0.8986841008133241	-0.17118662378249688	
-0.12069829459105774	0.0	0.0	0.031000136699549874	-0.07963698191702862	0.2911972731539276	0.6375740633156262	0.7688671775946951	0.8986841008133243	0.9831939501982803	0.07665109047886731	-0.5258193515239475	-0.45059659956037634	-0.7702688560894382	-0.8986841008133241	-0.17118662378249688	
-0.15141378666249472	-0.031000136699549874	-0.031000136699549874	0.0	-0.11050038496462261	0.26140063337092123	0.6133854662646143	0.7486758931400856	0.9118487268532461	0.9770618952430556	0.045705316854781075	-0.551935232921841	-0.4780547139502245	-0.7896680347565527	-0.9118487268532459	-0.20164688003792713	
-0.04126017374865182	0.07963698191702862	0.07963698191702862	0.11050038496462261	0.0	0.3664581669880971	0.6969005447987515	0.8173457682698642	0.8609013175857385	0.9946101143791631	0.15581032950950907	-0.4564103938897218	-0.37807133621889294	-0.7170363903621768	-0.8609013175857383	-0.09218149317373064	
-0.40453599487896974	-0.2911972731539276	-0.2911972731539276	-0.26140063337092123	-0.3664581669880971	0.0	0.38560833820785256	0.5493527826074287	0.9874559564768172	0.8874231283469589	-0.21701129992426402	-0.7507232462529425	-0.691028972176486	-0.922589853310881	-0.9874559564768169	-0.45066671353968984	
-0.7258975570794535	-0.6375740633156262	-0.6375740633156262	-0.6133854662646143	-0.6969005447987515	-0.38560833820785256	0.0	0.18465657512351805	0.9719741560838189	0.641043724505578	-0.5766471439817805	-0.9474035976101816	-0.9163147058720937	-0.9999999822297317	-0.9719741560838187	-0.760042894067302	
-0.8404216906904984	-0.7688671775946951	-0.7688671775946951	-0.7486758931400856	-0.8173457682698642	-0.5493527826074287	-0.18465657512351805	0.0	0.9118487268532462	0.4882950382746345	-0.7175937922087847	-0.9902089276787023	-0.9745043166031184	-0.9828379024441656	-0.911848726853246	-0.8669758243979195	
-0.8391761853646358	-0.8986841008133243	-0.8986841008133243	-0.9118487268532461	-0.8609013175857385	-0.9874559564768172	-0.9719741560838189	-0.9118487268532462	0.0	-0.5952928902057297	-0.9296590516473296	-0.5337948159398465	-0.6046500792581796	-0.23527096241684609	-0.0	-0.8103364305063271	
-0.9980412298595944	-0.9831939501982803	-0.9831939501982803	-0.9770618952430556	-0.9946101143791631	-0.8874231283469589	-0.641043724505578	-0.4882950382746345	0.5952928902057297	0.0	-0.96630763285143	-0.9322968487100143	-0.9599872204281151	-0.7676251976174774	-0.5952928902057296	-0.9999331860014697	
-0.19643391002166805	-0.07665109047886731	-0.07665109047886731	-0.045705316854781075	-0.15581032950950907	0.21701129992426402	0.5766471439817805	0.7175937922087847	0.9296590516473296	0.96630763285143	0.0	-0.5894715105451304	-0.5176994840957201	-0.8168845865064847	-0.9296590516473294	-0.24620260353239198	
0.41930969215573194	0.5258193515239475	0.5258193515239475	0.551935232921841	0.4564103938897218	0.7507232462529425	0.9474035976101816	0.9902089276787023	0.5337948159398465	0.9322968487100143	0.5894715105451304	0.0	0.08613770242394392	-0.31986267155484854	-0.5337948159398463	0.3724468295019413	
0.3395516866164397	0.45059659956037634	0.45059659956037634	0.4780547139502245	0.37807133621889294	0.691028972176486	0.9163147058720937	0.9745043166031184	0.6046500792581796	0.9599872204281151	0.5176994840957201	-0.08613770242394392	0.0	-0.4002861838978744	-0.6046500792581795	0.29112213536574266	
0.6876659728023571	0.7702688560894382	0.7702688560894382	0.7896680347565527	0.7170363903621768	0.922589853310881	0.9999999822297317	0.9828379024441656	0.23527096241684609	0.7676251976174774	0.8168845865064847	0.31986267155484854	0.4002861838978744	0.0	-0.23527096241684603	0.6497296136819017	
0.8391761853646356	0.8986841008133241	0.8986841008133241	0.9118487268532459	0.8609013175857383	0.9874559564768169	0.9719741560838187	0.911848726853246	0.0	0.5952928902057296	0.9296590516473294	0.5337948159398463	0.6046500792581795	0.23527096241684603	0.0	0.8103364305063269	
0.05101849769305289	0.17118662378249688	0.17118662378249688	0.20164688003792713	0.09218149317373064	0.45066671353968984	0.760042894067302	0.8669758243979195	0.8103364305063271	0.9999331860014697	0.24620260353239198	-0.3724468295019413	-0.29112213536574266	-0.6497296136819017	-0.8103364305063269	0.0	
