0.0	0.24415921542976485	0.7832635822788487	0.9781138155183676	0.9144088293860008	0.8838112560345703	0.9950253863359656	0.7092887412124393	0.6832989408997937	0.6912950254045443	0.834457740527246	0.9878976410282366	0.9699310974151436	0.6434981402242834	0.0	0.23391393554351345	
-0.24415921542976485	0.0	0.6077669494350744	0.8977090076905024	0.7879007151829609	0.7428345143489055	0.9892346536433044	0.8599344720929158	0.8408891049049361	0.8467958544204723	0.9437523009023896	0.9201282173965808	0.9999996769624212	0.8109138748070027	0.24415921542976485	0.4642201485871333	
-0.7832635822788487	-0.6077669494350744	0.0	0.44510924217405357	0.2514198441119428	0.18301153087393518	0.6966271355507873	0.9930941995961233	0.9966910293181741	0.995735857090478	0.95040841357362	0.4926760100384694	0.7936266696957925	0.9996034940565479	0.7832635822788487	0.9069556400849587	
-0.9781138155183676	-0.8977090076905024	-0.44510924217405357	0.0	-0.2056709921265682	-0.27370920403032384	0.30447685209289105	0.8370722161560293	0.8563331769691553	0.8505964130393104	0.7126371758085629	0.05383991111496114	0.4398671431389591	0.8825879738085279	0.9781138155183676	0.9996489109931933	
-0.9144088293860008	-0.7879007151829609	-0.2514198441119428	0.2056709921265682	0.0	-0.07004069861949269	0.4938731798203126	0.9316976510685369	0.9442391819414095	0.9405574172027888	0.8416867894394106	0.2580615609778305	0.6151687881271364	0.9604149557933606	0.9144088293860008	0.9837271352555311	
-0.8838112560345703	-0.7428345143489055	-0.18301153087393518	0.27370920403032384	0.07004069861949269	0.0	0.5535630587926044	0.954850743052295	0.9649818814279947	0.9620357880761405	0.877439320239142	0.32509610989193255	0.6688777834683937	0.9775677781851639	0.8838112560345703	0.9687270966779498	
-0.9950253863359656	-0.9892346536433044	-0.6966271355507873	-0.30447685209289105	-0.4938731798203126	-0.5535630587926044	0.0	0.6307508311755134	0.6584351733557219	0.6501101213469515	0.4652004786322945	-0.2527516549204387	0.14554278294794293	0.6975334983788254	0.9950253863359656	0.9441178014820094	
-0.7092887412124393	-0.8599344720929158	-0.9930941995961233	-0.8370722161560293	-0.9316976510685369	-0.954850743052295	-0.6307508311755134	0.0	0.03620940818229157	0.02520626920946012	-0.19735521747941837	-0.8064027032591152	-0.5110954911819381	0.08930995272341447	0.7092887412124393	0.5247210019680195	
-0.6832989408997937	-0.8408891049049361	-0.9966910293181741	-0.8563331769691553	-0.9442391819414095	-0.9649818814279947	-0.6584351733557219	-0.03620940818229157	0.0	-0.011008163869984489	-0.23272303990078325	-0.827286925489559	-0.5418831802987322	0.05318667432857821	0.6832989408997937	0.49355276546840743	
-0.6912950254045443	-0.8467958544204723	-0.995735857090478	-0.8505964130393104	-0.9405574172027888	-0.9620357880761405	-0.6501101213469515	-0.02520626920946012	0.011008163869984489	0.0	-0.22200302554307616	-0.8210526366617282	-0.5325984933457364	0.06417603443235509	0.6912950254045443	0.5030968349288211	
-0.834457740527246	-0.9437523009023896	-0.95040841357362	-0.7126371758085629	-0.8416867894394106	-0.877439320239142	-0.4652004786322945	0.19735521747941837	0.23272303990078325	0.22200302554307616	0.0	-0.6738330896203859	-0.3314117543908983	0.284119971259183	0.834457740527246	0.6824042300498232	
-0.9878976410282366	-0.9201282173965808	-0.4926760100384694	-0.05383991111496114	-0.2580615609778305	-0.32509610989193255	0.2527516549204387	0.8064027032591152	0.827286925489559	0.8210526366617282	0.6738330896203859	0.0	0.3908775266585117	0.8559951626992381	0.9878976410282366	0.9967724410596462	
-0.9699310974151436	-0.9999996769624212	-0.7936266696957925	-0.4398671431389591	-0.6151687881271364	-0.6688777834683937	-0.14554278294794293	0.5110954911819381	0.5418831802987322	0.5325984933457364	0.3314117543908983	-0.3908775266585117	0.0	0.5858171353424305	0.9699310974151436	0.8860926989792527	
-0.6434981402242834	-0.8109138748070027	-0.9996034940565479	-0.8825879738085279	-0.9604149557933606	-0.9775677781851639	-0.6975334983788254	-0.08930995272341447	-0.05318667432857821	-0.06417603443235509	-0.284119971259183	-0.8559951626992381	-0.5858171353424305	0.0	0.6434981402242834	0.44659689062148716	
-0.0	-0.24415921542976485	-0.7832635822788487	-0.9781138155183676	-0.9144088293860008	-0.8838112560345703	-0.9950253863359656	-0.7092887412124393	-0.6832989408997937	-0.6912950254045443	-0.834457740527246	-0.9878976410282366	-0.9699310974151436	-0.6434981402242834	0.0	-0.23391393554351345	
-0.23391393554351345	-0.4642201485871333	-0.9069556400849587	-0.9996489109931933	-0.9837271352555311	-0.9687270966779498	-0.9441178014820094	-0.5247210019680195	-0.49355276546840743	-0.5030968349288211	-0.6824042300498232	-0.9967724410596462	-0.8860926989792527	-0.44659689062148716	0.23391393554351345	0.0	
