0.0	0.2910811660694918	0.3336967149836327	-0.22258811267622486	0.018115150555227888	0.9121978265131043	0.755479380442777	0.9609996235900273	0.7202665766600836	0.36132929997812285	-0.2456655567803548	-0.755479370679947	0.035954197099743346	0.595972239036978	0.793031129441077	0.6808338537527948	
-0.2910811660694918	0.0	0.044850564768078915	-0.4967283722956055	-0.27370266689182454	0.7534276358187335	0.9134742386404372	0.8388883629692152	0.4871556106724494	0.07426792880465444	-0.5171887169978382	-0.9134742325772057	-0.2564956428397909	0.33642602185976983	0.5813704335452564	0.43815375702138654	
-0.3336967149836327	-0.044850564768078915	0.0	-0.5351545948968477	-0.3165651587891584	0.7231788376889156	0.9308045567891831	0.81363187559981	0.44749671021095516	0.029466491478292278	-0.5550545887415574	-0.9308045513425511	-0.2995876395800228	0.2938512579762434	0.5442932360341673	0.3973966714635091	
0.22258811267622486	0.4967283722956055	0.5351545948968477	0.0	0.24021227567295123	0.9805186296811227	0.5906927559574858	0.9984472896944985	0.8566057352695569	0.5598141547122316	-0.023735619270409514	-0.5906927439337899	0.2574963947823444	0.7597602069399156	0.9087324958539745	0.8267854543482474	
-0.018115150555227888	0.27370266689182454	0.3165651587891584	-0.24021227567295123	0.0	0.90462545708651	0.7672239588216756	0.955832191445954	0.7075819535740556	0.3443787487025461	-0.26318525022618544	-0.7672239492643793	0.017844859272383218	0.5813278871302907	0.7818655911731358	0.6674539111567837	
-0.9121978265131043	-0.7534276358187335	-0.7231788376889156	-0.9805186296811227	-0.90462545708651	0.0	0.9072045955858006	0.14150165577423157	-0.3376599596269395	-0.7025134595980711	-0.9849046840322558	-0.9072046018545654	-0.8968757998064143	-0.488299779293733	-0.23074912064372935	-0.3891565281067439	
-0.755479380442777	-0.9134742386404372	-0.9308045567891831	-0.5906927559574858	-0.7672239588216756	-0.9072045955858006	0.0	-0.8385480313684623	-0.9959728680400688	-0.9411708838987051	-0.5713741507057931	-1.4901161193847656e-08	-0.7785471152963249	-0.9971183249843156	-0.9797958971132712	-0.999405290395279	
-0.9609996235900273	-0.8388883629692152	-0.81363187559981	-0.9984472896944985	-0.955832191445954	-0.14150165577423157	0.8385480313684623	0.0	-0.46745343488606345	-0.7961473305011099	-0.9994881823617636	-0.8385480394870273	-0.9504351569841861	-0.606871609018931	-0.3661103176000359	-0.5155881553008697	
-0.7202665766600836	-0.4871556106724494	-0.44749671021095516	-0.8566057352695569	-0.7075819535740556	0.3376599596269395	0.9959728680400688	0.46745343488606345	0.0	-0.42095093476324474	-0.8686113078314773	-0.9959728693760346	-0.6948595478435035	-0.16495330713398404	0.11135082435447734	-0.05525786978272484	
-0.36132929997812285	-0.07426792880465444	-0.029466491478292278	-0.5598141547122316	-0.3443787487025461	0.7025134595980711	0.9411708838987051	0.7961473305011099	0.42095093476324474	0.0	-0.5793242045362527	-0.9411708788631405	-0.3275706089565722	0.2655580785196265	0.5193375935686304	0.3701842739742437	
0.2456655567803548	0.5171887169978382	0.5550545887415574	0.023735619270409514	0.26318525022618544	0.9849046840322558	0.5713741507057931	0.9994881823617636	0.8686113078314773	0.5793242045362527	0.0	-0.5713741384765635	0.28035908705681517	0.7749791398198148	0.9183832287473567	0.8399042230670193	
0.755479370679947	0.9134742325772057	0.9308045513425511	0.5906927439337899	0.7672239492643793	0.9072046018545654	1.4901161193847656e-08	0.8385480394870273	0.9959728693760346	0.9411708788631405	0.5713741384765635	0.0	0.7785471059445622	0.9971183238538833	0.9797959000935034	0.9994052909091131	
-0.035954197099743346	0.2564956428397909	0.2995876395800228	-0.2574963947823444	-0.017844859272383218	0.8968757998064143	0.7785471152963249	0.9504351569841861	0.6948595478435035	0.3275706089565722	-0.28035908705681517	-0.7785471059445622	0.0	0.5667155051402599	0.7706157685243449	0.6540594367411031	
-0.595972239036978	-0.33642602185976983	-0.2938512579762434	-0.7597602069399156	-0.5813278871302907	0.488299779293733	0.9971183249843156	0.606871609018931	0.16495330713398404	-0.2655580785196265	-0.7749791398198148	-0.9971183238538833	-0.5667155051402599	0.0	0.27375296030667884	0.11020036466850155	
-0.793031129441077	-0.5813704335452564	-0.5442932360341673	-0.9087324958539745	-0.7818655911731358	0.23074912064372935	0.9797958971132712	0.3661103176000359	-0.11135082435447734	-0.5193375935686304	-0.9183832287473567	-0.9797959000935034	-0.7706157685243449	-0.27375296030667884	0.0	-0.16609492321975394	
-0.6808338537527948	-0.43815375702138654	-0.3973966714635091	-0.8267854543482474	-0.6674539111567837	0.3891565281067439	0.999405290395279	0.5155881553008697	0.05525786978272484	-0.3701842739742437	-0.8399042230670193	-0.9994052909091131	-0.6540594367411031	-0.11020036466850155	0.16609492321975394	0.0	
