0.0	0.23486506134426952	0.5648773881132463	0.7474343813743518	0.9973857547732841	0.8319980278639906	0.6712194019316727	0.0	0.771389252309381	0.955176383237205	0.8411559814515398	0.09644804170621624	0.20375934354567402	0.33638385138902926	0.30177250774439474	0.30177250774439474	
-0.23486506134426952	0.0	0.35527188690871214	0.5704979040260146	0.952515274353073	0.9390234733523781	0.8265398211487579	0.23486506134426952	0.8992715144186658	0.8589293585809681	0.6906138708958283	-0.14001992966242127	-0.03187804453687085	0.1057962261091607	0.06941567906832521	0.06941567906832521	
-0.5648773881132463	-0.35527188690871214	0.0	0.24149587262723987	0.782199021807991	0.9999257292531418	0.9725936696615043	0.5648773881132463	0.9959984159479264	0.6209627596839684	0.38861926226560417	-0.4826574428239982	-0.3848897425419598	-0.2543836422065459	-0.28952769887568186	-0.28952769887568186	
-0.7474343813743518	-0.5704979040260146	-0.24149587262723987	0.0	0.608588529149632	0.9673865348490631	0.9999572376315272	0.7474343813743518	0.9881014021758752	0.4132892674955049	0.15460293147347354	-0.6798759859562998	-0.5963893655133536	-0.480405832635144	-0.5121107300094888	-0.5121107300094888	
-0.9973857547732841	-0.952515274353073	-0.782199021807991	-0.608588529149632	0.0	0.6134492934907663	0.7878239084414198	0.9973857547732841	0.6904413620738393	-0.22624134822532352	-0.4785960198692168	-0.9857665282828084	-0.9617377452298709	-0.9149556193406008	-0.929081202188056	-0.929081202188056	
-0.8319980278639906	-0.9390234733523781	-0.9999257292531418	-0.9673865348490631	-0.6134492934907663	0.0	0.24434765492563149	0.8319980278639906	0.10150301353423058	-0.7762138463434024	-0.9165936878851144	-0.8816265785836839	-0.9275848670047908	-0.970131869459779	-0.9606271746226145	-0.9606271746226145	
-0.6712194019316727	-0.8265398211487579	-0.9725936696615043	-0.9999572376315272	-0.7878239084414198	-0.24434765492563149	0.0	0.6712194019316727	-0.14465943279567473	-0.9067388115508662	-0.9865046923225622	-0.7395831444418771	-0.8081762875840819	-0.8814515346126465	-0.8636186362876019	-0.8636186362876019	
-0.0	-0.23486506134426952	-0.5648773881132463	-0.7474343813743518	-0.9973857547732841	-0.8319980278639906	-0.6712194019316727	0.0	-0.771389252309381	-0.955176383237205	-0.8411559814515398	-0.09644804170621624	-0.20375934354567402	-0.33638385138902926	-0.30177250774439474	-0.30177250774439474	
-0.771389252309381	-0.8992715144186658	-0.9959984159479264	-0.9881014021758752	-0.6904413620738393	-0.10150301353423058	0.14465943279567473	0.771389252309381	0.0	-0.8361994579535955	-0.9524426260640276	-0.8291690737819593	-0.8848713095006464	-0.9404989505242373	-0.9274640937540705	-0.9274640937540705	
-0.955176383237205	-0.8589293585809681	-0.6209627596839684	-0.4132892674955049	0.22624134822532352	0.7762138463434024	0.9067388115508662	0.955176383237205	0.8361994579535955	0.0	-0.2675387639155361	-0.9221711537490659	-0.8748173796731511	-0.7999312797746828	-0.8213101094635515	-0.8213101094635515	
-0.8411559814515398	-0.6906138708958283	-0.38861926226560417	-0.15460293147347354	0.4785960198692168	0.9165936878851144	0.9865046923225622	0.8411559814515398	0.9524426260640276	0.2675387639155361	0.0	-0.785076144257762	-0.7133178338980984	-0.6102236939270547	-0.6387449252341333	-0.6387449252341333	
-0.09644804170621624	0.14001992966242127	0.4826574428239982	0.6798759859562998	0.9857665282828084	0.8816265785836839	0.7395831444418771	0.09644804170621624	0.8291690737819593	0.9221711537490659	0.785076144257762	0.0	0.10838476287883492	0.24398810836834173	0.2084140201105485	0.2084140201105485	
-0.20375934354567402	0.03187804453687085	0.3848897425419598	0.5963893655133536	0.9617377452298709	0.9275848670047908	0.8081762875840819	0.20375934354567402	0.8848713095006464	0.8748173796731511	0.7133178338980984	-0.10838476287883492	0.0	0.13744159643378778	0.1011815486926956	0.1011815486926956	
-0.33638385138902926	-0.1057962261091607	0.2543836422065459	0.480405832635144	0.9149556193406008	0.970131869459779	0.8814515346126465	0.33638385138902926	0.9404989505242373	0.7999312797746828	0.6102236939270547	-0.24398810836834173	-0.13744159643378778	0.0	-0.03651492027796932	-0.03651492027796932	
-0.30177250774439474	-0.06941567906832521	0.28952769887568186	0.5121107300094888	0.929081202188056	0.9606271746226145	0.8636186362876019	0.30177250774439474	0.9274640937540705	0.8213101094635515	0.6387449252341333	-0.2084140201105485	-0.1011815486926956	0.03651492027796932	0.0	0.0	
-0.30177250774439474	-0.06941567906832521	0.28952769887568186	0.5121107300094888	0.929081202188056	0.9606271746226145	0.8636186362876019	0.30177250774439474	0.9274640937540705	0.8213101094635515	0.6387449252341333	-0.2084140201105485	-0.1011815486926956	0.03651492027796932	0.0	0.0	
