0.0	0.7431632864271654	0.7348815161193748	0.7753688767271372	0.8134871192491477	-0.22829371512396224	0.3435771605846719	0.9436442137945441	0.8071390130072846	0.8559068467220533	-0.47646307062370646	-0.8071390130072846	-0.07679507837278365	0.36693700048415845	0.45665576416659526	0.46746393463870345	
-0.7431632864271654	0.0	-0.012293361333893776	0.049493146296623325	0.1121013669210931	-0.8762916894773536	-0.4680318642233233	0.3854433473921655	0.9787998057506416	0.18838386431852075	-0.9721913170083014	-0.9787998057506416	-0.7923530119007902	-0.44580326749682403	-0.3555973834960544	-0.3441805284121746	
-0.7348815161193748	0.012293361333893776	0.0	0.06176770165454268	0.1243087693736325	-0.8703027642359052	-0.45713271093454055	0.3967576926708065	0.9812437590489482	0.2004428833855319	-0.9692388938553683	-0.9812437590489482	-0.7847934134885001	-0.43476541141941394	-0.3440806545044779	-0.33261224012773516	
-0.7753688767271372	-0.049493146296623325	-0.06176770165454268	0.0	0.0627828026463477	-0.8990626164087748	-0.5111959409819077	0.339302087158242	0.9674630997041297	0.13954599801027243	-0.982590564294314	-0.9674630997041297	-0.8215758850191183	-0.4895597670816364	-0.4014198222650973	-0.39022801032864396	
-0.8134871192491477	-0.1121013669210931	-0.1243087693736325	-0.0627828026463477	0.0	-0.9247765290910479	-0.5641470319448276	0.279574349062809	0.9496696897410918	0.07710219364886073	-0.9923161784177483	-0.9496696897410918	-0.8557475152985589	-0.5433386747309703	-0.45813030959190026	-0.44726344625685	
0.22829371512396224	0.8762916894773536	0.8703027642359052	0.8990626164087748	0.9247765290910479	0.0	0.5489002902116444	0.994281205921755	0.651048530209154	0.9513618573566481	-0.2631662046971963	-0.651048530209154	0.15285244290225447	0.5696163090515571	0.6476965528960734	0.6569337068653376	
-0.3435771605846719	0.4680318642233233	0.45713271093454055	0.5111959409819077	0.5641470319448276	-0.5489002902116444	0.0	0.7724884986838328	0.9608386851545428	0.6261289796922148	-0.7495292644208935	-0.9608386851545428	-0.4146826778609706	0.02498830055567794	0.12319541472300335	0.13528042886654126	
-0.9436442137945441	-0.3854433473921655	-0.3967576926708065	-0.339302087158242	-0.279574349062809	-0.994281205921755	-0.7724884986838328	0.0	0.8242231840061602	-0.20471444068692302	-0.9873377810061424	-0.8242231840061602	-0.9662737597600484	-0.7563789948708998	-0.6883713836057054	-0.6794803202898011	
-0.8071390130072846	-0.9787998057506416	-0.9812437590489482	-0.9674630997041297	-0.9496696897410918	-0.651048530209154	-0.9608386851545428	-0.8242231840061602	0.0	-0.9226902102447234	-0.4283467508478608	-0.0	-0.7594185968178597	-0.9674631231798493	-0.9876579048097098	-0.9894933641757493	
-0.8559068467220533	-0.18838386431852075	-0.2004428833855319	-0.13954599801027243	-0.07710219364886073	-0.9513618573566481	-0.6261289796922148	0.20471444068692302	0.9226902102447234	0.0	-0.9989019420898531	-0.9226902102447234	-0.8930923074430781	-0.6064496017032697	-0.5253015317865962	-0.5148924068259604	
0.47646307062370646	0.9721913170083014	0.9692388938553683	0.982590564294314	0.9923161784177483	0.2631662046971963	0.7495292644208935	0.9873377810061424	0.4283467508478608	0.9989019420898531	0.0	-0.4283467508478608	0.40753821699302056	0.7658367546943768	0.825371491344461	0.8321908535871281	
0.8071390130072846	0.9787998057506416	0.9812437590489482	0.9674630997041297	0.9496696897410918	0.651048530209154	0.9608386851545428	0.8242231840061602	0.0	0.9226902102447234	0.4283467508478608	0.0	0.7594185968178597	0.9674631231798493	0.9876579048097098	0.9894933641757493	
0.07679507837278365	0.7923530119007902	0.7847934134885001	0.8215758850191183	0.8557475152985589	-0.15285244290225447	0.4146826778609706	0.9662737597600484	0.7594185968178597	0.8930923074430781	-0.40753821699302056	-0.7594185968178597	0.0	0.43729169660694245	0.5236274533216372	0.5339712475942681	
-0.36693700048415845	0.44580326749682403	0.43476541141941394	0.4895597670816364	0.5433386747309703	-0.5696163090515571	-0.02498830055567794	0.7563789948708998	0.9674631231798493	0.6064496017032697	-0.7658367546943768	-0.9674631231798493	-0.43729169660694245	0.0	0.09835899571693119	0.11047959483166223	
-0.45665576416659526	0.3555973834960544	0.3440806545044779	0.4014198222650973	0.45813030959190026	-0.6476965528960734	-0.12319541472300335	0.6883713836057054	0.9876579048097098	0.5253015317865962	-0.825371491344461	-0.9876579048097098	-0.5236274533216372	-0.09835899571693119	0.0	0.012186998454285253	
-0.46746393463870345	0.3441805284121746	0.33261224012773516	0.39022801032864396	0.44726344625685	-0.6569337068653376	-0.13528042886654126	0.6794803202898011	0.9894933641757493	0.5148924068259604	-0.8321908535871281	-0.9894933641757493	-0.5339712475942681	-0.11047959483166223	-0.012186998454285253	0.0	
