0.0	-0.3094857298127824	-0.7548095007342309	-0.26439154983763014	0.07882446914487207	0.6313240674407633	0.8272846404683447	0.8876005319422373	0.7548095105085592	0.9978901276160574	0.7760136065192449	0.7159920903818653	0.6269728958993568	0.4741939455572415	0.5211697210000648	0.7559901688025226	
0.3094857298127824	0.0	-0.514746111346804	0.047061805710485294	0.38347727820303723	0.8403407401795967	0.9605321633915819	0.9865764465726069	0.5147461241222052	0.9288043503408655	0.9331121632052848	0.8968943902250089	0.8372931831870862	0.7233905147258748	0.7597139602829772	0.9214582296004307	
0.7548095007342309	0.514746111346804	0.0	0.5545238558419938	0.8041653619461264	0.9994824834538761	0.966691586108778	0.9298921569052371	1.4901161193847656e-08	0.605553882346075	0.9850920748897067	0.9965896094935167	0.999286751194199	0.97559439635222	0.9860526622993043	0.9899727099209946	
0.26439154983763014	-0.047061805710485294	-0.5545238558419938	0.0	0.33958843216235557	0.8138993724925915	0.9463767409959754	0.9777981030287999	0.5545238682422607	0.945214931770178	0.915155515416571	0.8750877744311303	0.810634206416035	0.6900956719080921	0.728269893674057	0.9021547844768714	
-0.07882446914487207	-0.38347727820303723	-0.8041653619461264	-0.33958843216235557	0.0	0.5682298256762006	0.7804283076191332	0.8485311151752204	0.8041653708034607	0.9999029047834291	0.7238831816082978	0.6587362653824708	0.5636145777989114	0.4033198246344215	0.45227512284447124	0.7020407584693898	
-0.6313240674407633	-0.8403407401795967	-0.9994824834538761	-0.8138993724925915	-0.5682298256762006	0.0	0.286907945203306	0.39755446229814717	0.9994824839332132	0.8148717819638317	0.2036271018916878	0.11453293408397255	-0.005597901520476227	-0.18808411923148646	-0.13462836693050823	0.17303085529757967	
-0.8272846404683447	-0.9605321633915819	-0.966691586108778	-0.9463767409959754	-0.7804283076191332	-0.286907945203306	0.0	0.1175799552976255	0.9666915822949138	0.6143093905621612	-0.08583055567298134	-0.17530217513562668	-0.29226600524730983	-0.46196419326476457	-0.4132643238913668	-0.1168240224219935	
-0.8876005319422373	-0.9865764465726069	-0.9298921569052371	-0.9777981030287999	-0.8485311151752204	-0.39755446229814717	-0.1175799552976255	0.0	0.9298921514241091	0.5172699265887343	-0.2023812408052612	-0.28984536899635793	-0.40268474779154473	-0.5630412361305286	-0.5174672963516364	-0.23278850504176285	
-0.7548095105085592	-0.5147461241222052	-1.4901161193847656e-08	-0.5545238682422607	-0.8041653708034607	-0.9994824839332132	-0.9666915822949138	-0.9298921514241091	0.0	-0.6055538704876667	-0.9850920723262909	-0.996589608263909	-0.9992867517569005	-0.9755943996242236	-0.9860526647793583	-0.9899727078160752	
-0.9978901276160574	-0.9288043503408655	-0.605553882346075	-0.945214931770178	-0.9999029047834291	-0.8148717819638317	-0.6143093905621612	-0.5172699265887343	0.6055538704876667	0.0	-0.6797683437278427	-0.7431214657378837	-0.8181037888843747	-0.9093500165174968	-0.8854894757618209	-0.7022847640232458	
-0.7760136065192449	-0.9331121632052848	-0.9850920748897067	-0.915155515416571	-0.7238831816082978	-0.2036271018916878	0.08583055567298134	0.2023812408052612	0.9850920723262909	0.6797683437278427	0.0	-0.09015382437235621	-0.20910452858167944	-0.3841364317779352	-0.3335810169509225	-0.031150070284824638	
-0.7159920903818653	-0.8968943902250089	-0.9965896094935167	-0.8750877744311303	-0.6587362653824708	-0.11453293408397255	0.17530217513562668	0.28984536899635793	0.996589608263909	0.7431214657378837	0.09015382437235621	0.0	-0.12009220379831294	-0.29933527858644804	-0.24723268320477798	0.05908685180449835	
-0.6269728958993568	-0.8372931831870862	-0.999286751194199	-0.810634206416035	-0.5636145777989114	0.005597901520476227	0.29226600524730983	0.40268474779154473	0.9992867517569005	0.8181037888843747	0.20910452858167944	0.12009220379831294	0.0	-0.18258317691844542	-0.1290793183940445	0.17854160922171244	
-0.4741939455572415	-0.7233905147258748	-0.97559439635222	-0.6900956719080921	-0.4033198246344215	0.18808411923148646	0.46196419326476457	0.5630412361305286	0.9755943996242236	0.9093500165174968	0.3841364317779352	0.29933527858644804	0.18258317691844542	0.0	0.05414618768500917	0.35518989468056184	
-0.5211697210000648	-0.7597139602829772	-0.9860526622993043	-0.728269893674057	-0.45227512284447124	0.13462836693050823	0.4132643238913668	0.5174672963516364	0.9860526647793583	0.8854894757618209	0.3335810169509225	0.24723268320477798	0.1290793183940445	-0.05414618768500917	0.0	0.3040532973808354	
-0.7559901688025226	-0.9214582296004307	-0.9899727099209946	-0.9021547844768714	-0.7020407584693898	-0.17303085529757967	0.1168240224219935	0.23278850504176285	0.9899727078160752	0.7022847640232458	0.031150070284824638	-0.05908685180449835	-0.17854160922171244	-0.35518989468056184	-0.3040532973808354	0.0	
