0.0	0.6191457934676339	0.8191218193685976	0.7435218153956901	0.8147911544849916	0.9996188423721295	0.9170496470069075	0.9856654540612648	0.9957567355148156	1.4901161193847656e-08	0.31870875010710537	0.9997694408314566	0.9996988519580254	0.9987948641071464	0.9088248524111177	0.676768065713018	
-0.6191457934676339	0.0	0.2880825907621874	0.16983985655426775	0.28088337517917644	0.8020697652320977	0.9670357873850666	0.6695623883418843	0.7249672906724286	0.619145805169159	0.8371333600881229	0.7718004411794651	0.7698458136399965	0.8147171985539188	0.45538446447333175	0.07563691905400854	
-0.8191218193685976	-0.2880825907621874	0.0	-0.12125764134628886	-0.0075094516607318584	0.5960148051809204	0.8526813570569769	0.42720164923878723	0.49580623694952664	0.8191218279161957	0.9592244101568681	0.555898811750245	0.553345709302553	0.6131305838844626	0.17960023986781004	-0.21482702195846987	
-0.7435218153956901	-0.16983985655426775	0.12125764134628886	0.0	0.11380018239913325	0.6889835182967101	0.9097382710681292	0.533685226740772	0.597451874571791	0.7435218253602706	0.9178734204707835	0.6525922827769599	0.6502643667551811	0.704397637288643	0.29756093492926056	-0.09481529625914137	
-0.8147911544849916	-0.28088337517917644	0.0075094516607318584	-0.11380018239913325	0.0	0.6020278900146764	0.856580487454015	0.4339793223138725	0.5023137139642097	0.814791163124008	0.95707485013521	0.5621253689048904	0.5595851174729237	0.6190456242944975	0.1869825213580425	-0.2074868427899078	
-0.9996188423721295	-0.8020697652320977	-0.5960148051809204	-0.6889835182967101	-0.6020278900146764	0.0	0.37330367366754147	-0.19585900620741983	-0.11947978651151586	0.9996188419607467	0.9386926860820883	-0.049065304909294255	-0.052129632143927226	0.021486862787486873	-0.44210918928532844	-0.7545995128239246	
-0.9170496470069075	-0.9670357873850666	-0.8526813570569769	-0.9097382710681292	-0.856580487454015	-0.37330367366754147	0.0	-0.5477737556592103	-0.4814720602400924	0.9170496410647259	0.7421355197888532	-0.41837239145857597	-0.42115724204868277	-0.3532839289412399	-0.7449876898387036	-0.9450054180417757	
-0.9856654540612648	-0.6695623883418843	-0.42720164923878723	-0.533685226740772	-0.4339793223138725	0.19585900620741983	0.5477737556592103	0.0	0.07729028640148228	0.9856654565752638	0.98803552899516	0.14750809691203365	0.14447271299058215	0.21688449503453022	-0.2578685109416675	-0.6114646150607366	
-0.9957567355148156	-0.7249672906724286	-0.49580623694952664	-0.597451874571791	-0.5023137139642097	0.11947978651151586	0.4814720602400924	-0.07729028640148228	0.0	0.9957567368860886	0.9731597454269888	0.07062204964067853	0.06756112451848495	0.1407851468106408	-0.3317734617070747	-0.6707931214163693	
-1.4901161193847656e-08	-0.619145805169159	-0.8191218279161957	-0.7435218253602706	-0.814791163124008	-0.9996188419607467	-0.9170496410647259	-0.9856654565752638	-0.9957567368860886	0.0	-0.31870873598299954	-0.9997694411514206	-0.9996988523236979	-0.9987948633758014	-0.9088248586275525	-0.6767680766831976	
-0.31870875010710537	-0.8371333600881229	-0.9592244101568681	-0.9178734204707835	-0.95707485013521	-0.9386926860820883	-0.7421355197888532	-0.98803552899516	-0.9731597454269888	0.31870873598299954	0.0	-0.9544776102999301	-0.9553883240690904	-0.931068266422824	-0.9943903284747211	-0.8761086365119255	
-0.9997694408314566	-0.7718004411794651	-0.555898811750245	-0.6525922827769599	-0.5621253689048904	0.049065304909294255	0.41837239145857597	-0.14750809691203365	-0.07062204964067853	0.9997694411514206	0.9544776102999301	0.0	-0.003068253678785625	0.07051496065865628	-0.3975670241693976	-0.721494704700747	
-0.9996988519580254	-0.7698458136399965	-0.553345709302553	-0.6502643667551811	-0.5595851174729237	0.052129632143927226	0.42115724204868277	-0.14447271299058215	-0.06756112451848495	0.9996988523236979	0.9553883240690904	0.003068253678785625	0.0	0.07357524467971167	-0.3947498056287015	-0.7193667884844535	
-0.9987948641071464	-0.8147171985539188	-0.6131305838844626	-0.704397637288643	-0.6190456242944975	-0.021486862787486873	0.3532839289412399	-0.21688449503453022	-0.1407851468106408	0.9987948633758014	0.931068266422824	-0.07051496065865628	-0.07357524467971167	0.0	-0.4612800029260754	-0.7685246694731954	
-0.9088248524111177	-0.45538446447333175	-0.17960023986781004	-0.29756093492926056	-0.1869825213580425	0.44210918928532844	0.7449876898387036	0.2578685109416675	0.3317734617070747	0.9088248586275525	0.9943903284747211	0.3975670241693976	0.3947498056287015	0.4612800029260754	0.0	-0.38674081921837616	
-0.676768065713018	-0.07563691905400854	0.21482702195846987	0.09481529625914137	0.2074868427899078	0.7545995128239246	0.9450054180417757	0.6114646150607366	0.6707931214163693	0.6767680766831976	0.8761086365119255	0.721494704700747	0.7193667884844535	0.7685246694731954	0.38674081921837616	0.0	
