0.0	0.7742242146867622	0.9250904898511767	0.9142886677028526	0.9996794882898662	0.9566807154409253	0.9960666040648769	0.9818085971870711	0.7844016884831466	0.0	0.8623403408467363	0.9674232227865306	0.9397828391507164	0.4635401574160643	0.5495769687009351	0.6354380847768838	
-0.7742242146867622	0.0	0.29149121484908097	0.2650539664063553	0.6131079855094392	0.8309011351110613	0.5618197202004891	0.7684023970621978	0.9766718074852463	0.7742242146867622	0.9377972833270521	0.4162870521346098	0.3301910022440187	-0.39264156820534213	-0.29898673015106253	-0.19564261964012203	
-0.9250904898511767	-0.29149121484908097	0.0	-0.027522015518748	0.35620505392853347	0.632626447016243	0.29628292596306743	0.5484886175118703	0.8716642891074857	0.9250904898511767	0.795871148122946	0.13317566221610005	0.04070928541644897	-0.643672536753684	-0.5641603951781273	-0.47300476939977665	
-0.9142886677028526	-0.2650539664063553	0.027522015518748	0.0	0.38178690890298544	0.6537014265385088	0.32245697631660347	0.5712936027353951	0.8848227346357055	0.9142886677028526	0.8122333157317112	0.16040207672289758	0.06819306532926106	-0.6223660852378838	-0.541222718976754	-0.44857705073580695	
-0.9996794882898662	-0.6131079855094392	-0.35620505392853347	-0.38178690890298544	0.0	0.3152655661207046	-0.06336244426314115	0.21466833607868116	0.6399126044880034	0.9996794882898662	0.5279981578480304	-0.22859176016559915	-0.3178706975296395	-0.8740567412693572	-0.8212620033109392	-0.7558173289630423	
-0.9566807154409253	-0.8309011351110613	-0.632626447016243	-0.6537014265385088	-0.3152655661207046	0.0	-0.3747632463431695	-0.10419478151970299	0.36501419722014733	0.9566807154409253	0.23333422600758708	-0.5238524595168954	-0.6005744262821654	-0.9826464284082144	-0.9592556677308779	-0.9237036683892653	
-0.9960666040648769	-0.5618197202004891	-0.29628292596306743	-0.32245697631660347	0.06336244426314115	0.3747632463431695	0.0	0.2761222534501475	0.6873174764168746	0.9960666040648769	0.5807474601845775	-0.16644766665896987	-0.25715586992257766	-0.8415174088319904	-0.7834602228136617	-0.7128099538615635	
-0.9818085971870711	-0.7684023970621978	-0.5484886175118703	-0.5712936027353951	-0.21466833607868116	0.10419478151970299	-0.2761222534501475	0.0	0.4600329371941245	0.9818085971870711	0.33338281766806077	-0.43224702913067703	-0.5139945432542922	-0.9579708581837416	-0.9245952124046616	-0.8787580400611751	
-0.7844016884831466	-0.9766718074852463	-0.8716642891074857	-0.8848227346357055	-0.6399126044880034	-0.36501419722014733	-0.6873174764168746	-0.4600329371941245	0.0	0.7844016884831466	-0.13770394266047586	-0.7986300470648863	-0.8509899483592853	-0.9825516924218864	-0.9961998252018	-0.9998096795540788	
-0.0	-0.7742242146867622	-0.9250904898511767	-0.9142886677028526	-0.9996794882898662	-0.9566807154409253	-0.9960666040648769	-0.9818085971870711	-0.7844016884831466	0.0	-0.8623403408467363	-0.9674232227865306	-0.9397828391507164	-0.4635401574160643	-0.5495769687009351	-0.6354380847768838	
-0.8623403408467363	-0.9377972833270521	-0.795871148122946	-0.8122333157317112	-0.5279981578480304	-0.23333422600758708	-0.5807474601845775	-0.33338281766806077	0.13770394266047586	0.8623403408467363	0.0	-0.7081485457680838	-0.7705633080653036	-0.9988028654043503	-0.9987030789611808	-0.9875984481320712	
-0.9674232227865306	-0.4162870521346098	-0.13317566221610005	-0.16040207672289758	0.22859176016559915	0.5238524595168954	0.16644766665896987	0.43224702913067703	0.7986300470648863	0.9674232227865306	0.7081485457680838	0.0	-0.09271859865525611	-0.7398584623469411	-0.6690936197136641	-0.5861271865748536	
-0.9397828391507164	-0.3301910022440187	-0.04070928541644897	-0.06819306532926106	0.3178706975296395	0.6005744262821654	0.25715586992257766	0.5139945432542922	0.8509899483592853	0.9397828391507164	0.7705633080653036	0.09271859865525611	0.0	-0.6742938117808429	-0.5973049660070948	-0.5084799818358197	
-0.4635401574160643	0.39264156820534213	0.643672536753684	0.6223660852378838	0.8740567412693572	0.9826464284082144	0.8415174088319904	0.9579708581837416	0.9825516924218864	0.4635401574160643	0.9988028654043503	0.7398584623469411	0.6742938117808429	0.0	0.09970549282286018	0.20512300233747371	
-0.5495769687009351	0.29898673015106253	0.5641603951781273	0.541222718976754	0.8212620033109392	0.9592556677308779	0.7834602228136617	0.9245952124046616	0.9961998252018	0.5495769687009351	0.9987030789611808	0.6690936197136641	0.5973049660070948	-0.09970549282286018	0.0	0.10651549740501276	
-0.6354380847768838	0.19564261964012203	0.47300476939977665	0.44857705073580695	0.7558173289630423	0.9237036683892653	0.7128099538615635	0.8787580400611751	0.9998096795540788	0.6354380847768838	0.9875984481320712	0.5861271865748536	0.5084799818358197	-0.20512300233747371	-0.10651549740501276	0.0	
