0.0	-0.481720165174684	0.9317841856469855	0.481720165174684	0.9911741738749427	0.9833567717661037	0.951518815598854	0.921373794944519	0.8662383593802041	0.9993762165948468	0.7683055415137345	0.8659149680146937	0.8780218121596443	0.8587558982770922	0.770603913491071	0.2890907445233567	
0.481720165174684	0.0	0.991416415616606	0.0	0.8047310694603244	0.949261577221383	0.6856672537953602	0.6201891131507522	0.5184241049874062	0.8587663219704427	0.981626450620109	0.9997752244192567	0.9999937569936276	0.9993754979375268	0.982306736697793	0.7144890080557176	
-0.9317841856469855	-0.991416415616606	0.0	0.991416415616606	0.4833317750119508	0.1876797501443256	0.6320214345601567	0.6966341078143865	0.780003773984881	0.39569260809652995	-0.31751478948200595	-0.1517321357538116	-0.12723804212273107	-0.16569285596095334	-0.3141004339753679	-0.7870549672010327	
-0.481720165174684	-0.0	-0.991416415616606	0.0	-0.8047310694603244	-0.949261577221383	-0.6856672537953602	-0.6201891131507522	-0.5184241049874062	-0.8587663219704427	-0.981626450620109	-0.9997752244192567	-0.9999937569936276	-0.9993754979375268	-0.982306736697793	-0.7144890080557176	
-0.9911741738749427	-0.8047310694603244	-0.4833317750119508	0.8047310694603244	0.0	-0.3104412557340454	0.17873671579338535	0.26310438438679445	0.3803875166973588	-0.09747963974077067	-0.7362852373512747	-0.6105675558455577	-0.5907922786589896	-0.621704576192279	-0.7338454612462691	-0.9871763373628899	
-0.9833567717661037	-0.949261577221383	-0.1876797501443256	0.949261577221383	0.3104412557340454	0.0	0.47534799455659	0.5496086664984656	0.6486980607827602	0.21629936436286357	-0.4898405848366037	-0.33454262567767185	-0.31113138550826647	-0.3478340686164748	-0.4867001884065093	-0.8888456395891658	
-0.951518815598854	-0.6856672537953602	-0.6320214345601567	0.6856672537953602	-0.17873671579338535	-0.47534799455659	0.0	0.08642824676233479	0.20896153810876472	-0.27379540478378434	-0.8453747971737909	-0.7422886254634814	-0.7254877329417272	-0.7516890881088626	-0.8434470941915886	-0.9998121578197565	
-0.921373794944519	-0.6201891131507522	-0.6966341078143865	0.6201891131507522	-0.26310438438679445	-0.5496086664984656	-0.08642824676233479	0.0	0.12365937568050095	-0.3558965307345436	-0.8883791598185872	-0.7974249041419854	-0.782255967331349	-0.805877279401509	-0.8867212937564894	-0.9943958151693839	
-0.8662383593802041	-0.5184241049874062	-0.780003773984881	0.5184241049874062	-0.3803875166973588	-0.6486980607827602	-0.20896153810876472	-0.12365937568050095	0.0	-0.4687277501013177	-0.9383339251105296	-0.8659227659909845	-0.853286428587159	-0.8729085144665618	-0.9370837355129689	-0.9736901411914571	
-0.9993762165948468	-0.8587663219704427	-0.39569260809652995	0.8587663219704427	0.09747963974077067	-0.21629936436286357	0.27379540478378434	0.3558965307345436	0.4687277501013177	0.0	-0.6668170185037019	-0.5304593568583242	-0.5093297581919283	-0.5423926145126333	-0.6641310136060038	-0.9669139055252206	
-0.7683055415137345	-0.981626450620109	0.31751478948200595	0.981626450620109	0.7362852373512747	0.4898405848366037	0.8453747971737909	0.8883791598185872	0.9383339251105296	0.6668170185037019	0.0	0.1699579908014594	0.19428020005354577	0.15600711095231787	0.003598510688024914	-0.5504580500384815	
-0.8659149680146937	-0.9997752244192567	0.1517321357538116	0.9997752244192567	0.6105675558455577	0.33454262567767185	0.7422886254634814	0.7974249041419854	0.8659227659909845	0.5304593568583242	-0.1699579908014594	0.0	0.024734053204020952	-0.014139601997835847	-0.16641073331510892	-0.6843412138549451	
-0.8780218121596443	-0.9999937569936276	0.12723804212273107	0.9999937569936276	0.5907922786589896	0.31113138550826647	0.7254877329417272	0.782255967331349	0.853286428587159	0.5093297581919283	-0.19428020005354577	-0.024734053204020952	0.0	-0.03886685678129687	-0.1907489972166174	-0.7021669806381762	
-0.8587558982770922	-0.9993754979375268	0.16569285596095334	0.9993754979375268	0.621704576192279	0.3478340686164748	0.7516890881088626	0.805877279401509	0.8729085144665618	0.5423926145126333	-0.15600711095231787	0.014139601997835847	0.03886685678129687	0.0	-0.15245165058053073	-0.6739627415163446	
-0.770603913491071	-0.982306736697793	0.3141004339753679	0.982306736697793	0.7338454612462691	0.4867001884065093	0.8434470941915886	0.8867212937564894	0.9370837355129689	0.6641310136060038	-0.003598510688024914	0.16641073331510892	0.1907489972166174	0.15245165058053073	0.0	-0.5534587488052011	
-0.2890907445233567	-0.7144890080557176	0.7870549672010327	0.7144890080557176	0.9871763373628899	0.8888456395891658	0.9998121578197565	0.9943958151693839	0.9736901411914571	0.9669139055252206	0.5504580500384815	0.6843412138549451	0.7021669806381762	0.6739627415163446	0.5534587488052011	0.0	
