0.0	0.4185224100758798	0.8032899776523723	0.7633709848391503	0.8926621954495931	0.9999674205937426	0.8620427118486448	0.8510638100934086	0.5250622061351161	0.9999674205937426	0.07631711034715105	-0.5250621882002862	0.6560288794368176	0.9630906829920577	0.7903765947140493	0.26584863322070024	
-0.4185224100758798	0.0	0.4802861785501198	0.42294959609454486	0.6220825207365694	0.9115552088311569	0.570790696055627	0.5531913305797723	0.833054187143852	0.9115552088311569	-0.34799013651484556	-0.8330541754862145	0.2799358319835441	0.7620285213545075	0.46142940054847814	-0.16201634209642196	
-0.8032899776523723	-0.4802861785501198	0.0	-0.06423876208850009	0.1695950751571375	0.6020529036273375	0.1062864128347966	0.08510623486179753	0.9963718760308808	0.6020529036273375	-0.7554936955790504	-0.9963718742373987	-0.21554868540662162	0.35737806759436075	-0.02137362592916145	-0.6160471261205606	
-0.7633709848391503	-0.42294959609454486	0.06423876208850009	0.0	0.23255297481913834	0.6521012358774028	0.1699417696163093	0.14893614917339307	0.9888468031616007	0.6521012358774028	-0.711846861839641	-0.9888468000230037	-0.15237477443454375	0.41663634550987977	0.04289460731693387	-0.564173246126426	
-0.8926621954495931	-0.6220825207365694	-0.1695950751571375	-0.23255297481913834	0.0	0.4579172243048717	-0.06388768353247311	-0.085106392809641	0.9963718760308807	0.4579172243048717	-0.8556607030225811	-0.9963718778243615	-0.37803463046081176	0.19380604512721877	-0.19062033647814303	-0.7407145807714431	
-0.9999674205937426	-0.9115552088311569	-0.6020529036273375	-0.6521012358774028	-0.4579172243048717	0.0	-0.5137775636624349	-0.5319149843452835	0.8467978039836768	0.0	-0.9976671466337952	-0.846797815192945	-0.7600066870882278	-0.2769424789449669	-0.6189812735482365	-0.9661293167069736	
-0.8620427118486448	-0.570790696055627	-0.1062864128347966	-0.1699417696163093	0.06388768353247311	0.5137775636624349	0.0	-0.02127663788710646	0.9997736284040943	0.5137775636624349	-0.8208484163406117	-0.9997736288524636	-0.31811567021105164	0.25608648226338715	-0.12751468877790312	-0.6962803574920738	
-0.8510638100934086	-0.5531913305797723	-0.08510623486179753	-0.14893614917339307	0.085106392809641	0.5319149843452835	0.02127663788710646	0.0	0.9999999999999972	0.5319149843452835	-0.8085105292565912	-0.9999999999999949	-0.2978723001767678	0.2765956555814239	-0.10638287292906656	-0.6808510074633476	
-0.5250622061351161	-0.833054187143852	-0.9963718760308808	-0.9888468031616007	-0.9963718760308807	-0.8467978039836768	-0.9997736284040943	-0.9999999999999972	0.0	-0.8467978039836768	-0.5884816468310615	-2.1073424255447027e-08	-0.9546057027439606	-0.9609864127289344	-0.9943252322952094	-0.7324218911156694	
-0.9999674205937426	-0.9115552088311569	-0.6020529036273375	-0.6521012358774028	-0.4579172243048717	0.0	-0.5137775636624349	-0.5319149843452835	0.8467978039836768	0.0	-0.9976671466337952	-0.846797815192945	-0.7600066870882278	-0.2769424789449669	-0.6189812735482365	-0.9661293167069736	
-0.07631711034715105	0.34799013651484556	0.7554936955790504	0.711846861839641	0.8556607030225811	0.9976671466337952	0.8208484163406117	0.8085105292565912	0.5884816468310615	0.9976671466337952	0.0	-0.5884816297929748	0.5965163802035007	0.9397391000667397	0.7413180515602682	0.19150248870642556	
0.5250621882002862	0.8330541754862145	0.9963718742373987	0.9888468000230037	0.9963718778243615	0.846797815192945	0.9997736288524636	0.9999999999999949	2.1073424255447027e-08	0.846797815192945	0.5884816297929748	0.0	0.954605696466769	0.9609864185577497	0.9943252300533557	0.7324218767678056	
-0.6560288794368176	-0.2799358319835441	0.21554868540662162	0.15237477443454375	0.37803463046081176	0.7600066870882278	0.31811567021105164	0.2978723001767678	0.9546057027439606	0.7600066870882278	-0.5965163802035007	-0.954605696466769	0.0	0.5502910233704216	0.19462824689520047	-0.4317760610370411	
-0.9630906829920577	-0.7620285213545075	-0.35737806759436075	-0.41663634550987977	-0.19380604512721877	0.2769424789449669	-0.25608648226338715	-0.2765956555814239	0.9609864127289344	0.2769424789449669	-0.9397391000667397	-0.9609864185577497	-0.5502910233704216	0.0	-0.37725853491974787	-0.8568732804004106	
-0.7903765947140493	-0.46142940054847814	0.02137362592916145	-0.04289460731693387	0.19062033647814303	0.6189812735482365	0.12751468877790312	0.10638287292906656	0.9943252322952094	0.6189812735482365	-0.7413180515602682	-0.9943252300533557	-0.19462824689520047	0.37725853491974787	0.0	-0.5990701911813973	
-0.26584863322070024	0.16201634209642196	0.6160471261205606	0.564173246126426	0.7407145807714431	0.9661293167069736	0.6962803574920738	0.6808510074633476	0.7324218911156694	0.9661293167069736	-0.19150248870642556	-0.7324218767678056	0.4317760610370411	0.8568732804004106	0.5990701911813973	0.0	
