0.0	0.18393668835806926	0.14114096271657917	0.4326820523792616	0.9993487488484085	0.877524267281123	0.9804714317065437	0.8005961039681696	0.3953209145164486	0.4536685766979197	0.25514395202847373	-0.21239228220254536	-0.6915134453259482	-0.877524267281123	-0.4995872153997156	-0.4430925093208895	
-0.18393668835806926	0.0	-0.04336256312375708	0.25947217854117866	0.9756607230509019	0.9507556003309409	0.9275694421171989	0.6767207400353572	0.21962221511837327	0.282009178977805	0.07294175937507799	-0.388508542991732	-0.8125840736136227	-0.9507556003309409	-0.6504009615105043	-0.6004273132360575	
-0.14114096271657917	0.04336256312375708	0.0	0.30110554006749285	0.9842518018390897	0.9364214595197603	0.9428994288387637	0.7080094623662221	0.2617195047673252	0.3233464723165375	0.116120204493081	-0.3481868902673739	-0.7865461488586849	-0.9364214595197603	-0.616851379873155	-0.5651864066084592	
-0.4326820523792616	-0.25947217854117866	-0.30110554006749285	0.0	0.8853464120892809	0.998613994563776	0.7988487390358352	0.4625097049279243	-0.04103688173553768	0.023409883350948225	-0.18833745041898986	-0.6142917249882903	-0.9359853441389335	-0.998613994563776	-0.8252178567510124	-0.7873575674301903	
-0.9993487488484085	-0.9756607230509019	-0.9842518018390897	-0.8853464120892809	0.0	0.5108848016128124	-0.1611538448600099	-0.5699251722480908	-0.9036799829342347	-0.8742197808753543	-0.9570666859304504	-0.9842121240060755	-0.7468459417207697	-0.5108848016128124	-0.883726703913554	-0.9118807549035104	
-0.877524267281123	-0.9507556003309409	-0.9364214595197603	-0.998613994563776	-0.5108848016128124	0.0	-0.6427429495908419	-0.9097280123455176	-0.995612955951216	-0.9995724261532243	-0.970830664213136	-0.7556541546489094	-0.302288594247576	-0.0	-0.5205991536990865	-0.5742022124260232	
-0.9804714317065437	-0.9275694421171989	-0.9428994288387637	-0.7988487390358352	0.1611538448600099	0.6427429495908419	0.0	-0.43005628391541845	-0.822860810394542	-0.7845480225571707	-0.8978438367633407	-0.9998708702784191	-0.8442509796525847	-0.6427429495908419	-0.9475963104163998	-0.966108269934977	
-0.8005961039681696	-0.6767207400353572	-0.7080094623662221	-0.4625097049279243	0.5699251722480908	0.9097280123455176	0.43005628391541845	0.0	-0.49850398456613215	-0.4416274192279541	-0.6212154664736873	-0.9095964757282534	-0.9926793542179442	-0.9097280123455176	-0.9928821015274648	-0.9832180762602806	
-0.3953209145164486	-0.21962221511837327	-0.2617195047673252	0.04103688173553768	0.9036799829342347	0.995612955951216	0.822860810394542	0.49850398456613215	0.0	0.06441579924760094	-0.1478762999310112	-0.5813929237075091	-0.9207503188603857	-0.995612955951216	-0.8013444915832548	-0.7613952247367199	
-0.4536685766979197	-0.282009178977805	-0.3233464723165375	-0.023409883350948225	0.8742197808753543	0.9995724261532243	0.7845480225571707	0.4416274192279541	-0.06441579924760094	0.0	-0.21127678562700233	-0.6325956265036506	-0.9439700296071404	-0.9995724261532243	-0.8382139497293151	-0.801573906531033	
-0.25514395202847373	-0.07294175937507799	-0.116120204493081	0.18833745041898986	0.9570666859304504	0.970830664213136	0.8978438367633407	0.6212154664736873	0.1478762999310112	0.21127678562700233	0.0	-0.45468546302945323	-0.8529331802373775	-0.970830664213136	-0.7040743335459567	-0.6571579138893384	
0.21239228220254536	0.388508542991732	0.3481868902673739	0.6142917249882903	0.9842121240060755	0.7556541546489094	0.9998708702784191	0.9095964757282534	0.5813929237075091	0.6325956265036506	0.45468546302945323	0.0	-0.5223117589217148	-0.7556541546489094	-0.30420117427236243	-0.24257856466895017	
0.6915134453259482	0.8125840736136227	0.7865461488586849	0.9359853441389335	0.7468459417207697	0.302288594247576	0.8442509796525847	0.9926793542179442	0.9207503188603857	0.9439700296071404	0.8529331802373775	0.5223117589217148	0.0	-0.302288594247576	0.23814930840429732	0.29985123862103247	
0.877524267281123	0.9507556003309409	0.9364214595197603	0.998613994563776	0.5108848016128124	0.0	0.6427429495908419	0.9097280123455176	0.995612955951216	0.9995724261532243	0.970830664213136	0.7556541546489094	0.302288594247576	0.0	0.5205991536990865	0.5742022124260232	
0.4995872153997156	0.6504009615105043	0.616851379873155	0.8252178567510124	0.883726703913554	0.5205991536990865	0.9475963104163998	0.9928821015274648	0.8013444915832548	0.8382139497293151	0.7040743335459567	0.30420117427236243	-0.23814930840429732	-0.5205991536990865	0.0	0.06403298588369644	
0.4430925093208895	0.6004273132360575	0.5651864066084592	0.7873575674301903	0.9118807549035104	0.5742022124260232	0.966108269934977	0.9832180762602806	0.7613952247367199	0.801573906531033	0.6571579138893384	0.24257856466895017	-0.29985123862103247	-0.5742022124260232	-0.06403298588369644	0.0	
