0.0	-0.46560431812913206	-0.11503525601291803	0.6322318602480373	0.7699856037315542	0.835780728023614	0.9300997612371001	0.9529141509032123	0.96338782541307	0.46560431812913206	0.8522851726528344	0.9502894425591055	0.6531285465287506	0.5438217569135948	0.32836933398514706	0.46086147169662683	
0.46560431812913206	0.0	0.36070796482129425	0.9202613348606242	0.9785159506225798	0.9953063699571613	0.9941515091501538	0.9845123061087427	0.7277575090509003	0.0	0.5107193118776349	0.9859737528220275	0.9305916935737863	0.872013943244355	0.7303908457911629	0.8210700143217304	
0.11503525601291803	-0.36070796482129425	0.0	0.717161660358836	0.8382735248775094	0.8933939663467677	0.9661784648710199	0.9814714585100938	0.9261499870535113	0.36070796482129425	0.7864548557859332	0.9797991473267074	0.735902802352882	0.6367492199407979	0.4348459071860065	0.5598925797547418	
-0.6322318602480373	-0.9202613348606242	-0.717161660358836	0.0	0.19316620629800405	0.3004102092289131	0.4883987991024993	0.5465799862254969	0.915921665331511	0.9202613348606242	0.9910390692004826	0.5394078216889241	0.027274726651222436	-0.10922764153133463	-0.3427604841885451	-0.2040222259983313	
-0.7699856037315542	-0.9785159506225798	-0.8382735248775094	-0.19316620629800405	0.0	0.11050841974893759	0.31063952037280085	0.37452701154742474	0.8211426181823442	0.9785159506225798	0.9465722311110965	0.36659406984891946	-0.16633330792516002	-0.29918090037377254	-0.5177696940728731	-0.38928287935374917	
-0.835780728023614	-0.9953063699571613	-0.8933939663467677	-0.3004102092289131	-0.11050841974893759	0.0	0.20369558717306996	0.26976792864210297	0.7530435715081809	0.9953063699571613	0.9051365862713373	0.2615338170093523	-0.2742835395084986	-0.402795210980195	-0.6091406200069953	-0.4886899176428705	
-0.9300997612371001	-0.9941515091501538	-0.9661784648710199	-0.4883987991024993	-0.31063952037280085	-0.20369558717306996	0.0	0.06796839963039307	0.603229747209181	0.9941515091501538	0.799564493040851	0.059444748010480525	-0.4644166159593741	-0.5807908765735708	-0.7579128212515599	-0.6561599297678553	
-0.9529141509032123	-0.9845123061087427	-0.9814714585100938	-0.5465799862254969	-0.37452701154742474	-0.26976792864210297	-0.06796839963039307	0.0	0.5476253783434992	0.9845123061087427	0.7568950021319204	-0.00854092362067943	-0.5235366007137632	-0.6347776487102402	-0.8004997116115357	-0.7059329830820136	
-0.96338782541307	-0.7277575090509003	-0.9261499870535113	-0.915921665331511	-0.8211426181823442	-0.7530435715081809	-0.603229747209181	-0.5476253783434992	0.0	0.7277575090509003	0.2754187665180196	-0.5547517967386149	-0.9046340154235859	-0.954280774538919	-0.99800706734372	-0.9785421681236639	
-0.46560431812913206	-0.0	-0.36070796482129425	-0.9202613348606242	-0.9785159506225798	-0.9953063699571613	-0.9941515091501538	-0.9845123061087427	-0.7277575090509003	0.0	-0.5107193118776349	-0.9859737528220275	-0.9305916935737863	-0.872013943244355	-0.7303908457911629	-0.8210700143217304	
-0.8522851726528344	-0.5107193118776349	-0.7864548557859332	-0.9910390692004826	-0.9465722311110965	-0.9051365862713373	-0.799564493040851	-0.7568950021319204	-0.2754187665180196	0.5107193118776349	0.0	-0.7624492001989135	-0.9870272299505778	-0.9996992351123413	-0.9767880367647811	-0.9974455286122235	
-0.9502894425591055	-0.9859737528220275	-0.9797991473267074	-0.5394078216889241	-0.36659406984891946	-0.2615338170093523	-0.059444748010480525	0.00854092362067943	0.5547517967386149	0.9859737528220275	0.7624492001989135	0.0	-0.5162406109248232	-0.6281549678797549	-0.7953516553371981	-0.6998578809177071	
-0.6531285465287506	-0.9305916935737863	-0.735902802352882	-0.027274726651222436	0.16633330792516002	0.2742835395084986	0.4644166159593741	0.5235366007137632	0.9046340154235859	0.9305916935737863	0.9870272299505778	0.5162406109248232	0.0	-0.13629854162541366	-0.36825546972483003	-0.2306473617657403	
-0.5438217569135948	-0.872013943244355	-0.6367492199407979	0.10922764153133463	0.29918090037377254	0.402795210980195	0.5807908765735708	0.6347776487102402	0.954280774538919	0.872013943244355	0.9996992351123413	0.6281549678797549	0.13629854162541366	0.0	-0.2380987265502546	-0.09587133704709683	
-0.32836933398514706	-0.7303908457911629	-0.4348459071860065	0.3427604841885451	0.5177696940728731	0.6091406200069953	0.7579128212515599	0.8004997116115357	0.99800706734372	0.7303908457911629	0.9767880367647811	0.7953516553371981	0.36825546972483003	0.2380987265502546	0.0	0.1438878114710203	
-0.46086147169662683	-0.8210700143217304	-0.5598925797547418	0.2040222259983313	0.38928287935374917	0.4886899176428705	0.6561599297678553	0.7059329830820136	0.9785421681236639	0.8210700143217304	0.9974455286122235	0.6998578809177071	0.2306473617657403	0.09587133704709683	-0.1438878114710203	0.0	
