0.0	-0.09764389541852092	-0.1936545228795319	-0.49251107865332044	-0.6609958747117064	-0.1789890815379173	0.1848034236454021	-0.11994389953072823	-0.27362953764029185	-0.3666237745522975	-0.6146608235856335	-0.8553455157322875	-0.9851594247371182	-0.2301512437867134	0.6297455939860451	0.9851594196217932	
0.09764389541852092	0.0	-0.09693365312899004	-0.4051774887047212	-0.5845662940999045	-0.08206671739927787	0.27988235392278205	-0.022431765676462344	-0.1784046444681316	-0.27402695132723187	-0.5347029387800029	-0.8006729793955891	-0.9972115331361837	-0.13402881451001777	0.7025862218355519	0.9972115309121313	
0.1936545228795319	0.09693365312899004	0.0	-0.3146490117440197	-0.5031667543146391	0.014926427660218101	0.3716239770145491	0.07458313129985922	-0.08218594293173206	-0.17951328804513889	-0.45027211622239777	-0.7388293755665923	-0.9997493574668954	-0.037338589145720746	0.7682554888128201	0.9997493581341089	
0.49251107865332044	0.4051774887047212	0.3146490117440197	0.0	-0.20569363200393886	0.32878224406799933	0.6448633850582495	0.38456756284608773	0.23557299628587713	0.13914224577026443	-0.14645454455440043	-0.48926319957504455	-0.9419258187871785	0.27898750718672	0.9306547970004831	0.9419258287954239	
0.6609958747117064	0.5845662940999045	0.5031667543146391	0.20569363200393886	0.0	0.5160099585432443	0.7882851100960241	0.5662192811640012	0.4304403318985155	0.3398596163087428	0.06015289554831427	-0.2994081498050869	-0.8527078446113471	0.4705482711676563	0.9860170546018205	0.8527078601797252	
0.1789890815379173	0.08206671739927787	-0.014926427660218101	-0.32878224406799933	-0.5160099585432443	0.0	0.35772512940893425	0.05968996777392361	-0.09705271873075183	-0.1941772453402193	-0.46354963214283046	-0.7488058742690687	-0.9999721528255139	-0.052250448468483826	0.7586148477070842	0.9999721530479224	
-0.1848034236454021	-0.27988235392278205	-0.3716239770145491	-0.6448633850582495	-0.7882851100960241	-0.35772512940893425	0.0	-0.30134719347068384	-0.44666683788757633	-0.5322442947059067	-0.7498449763360506	-0.9363515062144607	-0.9364705593776133	-0.40602935709153976	0.47534297783876817	0.9364705489245615	
0.11994389953072823	0.022431765676462344	-0.07458313129985922	-0.38456756284608773	-0.5662192811640012	-0.05968996777392361	0.30134719347068384	0.0	-0.156287856153069	-0.2523848768107788	-0.5156126533752554	-0.7870326033889193	-0.9986346217933949	-0.11176571606720503	0.7183718480585415	0.9986346202365567	
0.27362953764029185	0.1784046444681316	0.08218594293173206	-0.23557299628587713	-0.4304403318985155	0.09705271873075183	0.44666683788757633	0.156287856153069	0.0	-0.09805511956527384	-0.37536573132293816	-0.680945431728944	-0.9945272401386229	0.0449163591642452	0.8182672750855227	0.9945272432522974	
0.3666237745522975	0.27402695132723187	0.17951328804513889	-0.13914224577026443	-0.3398596163087428	0.1941772453402193	0.5322442947059067	0.2523848768107788	0.09805511956527384	0.0	-0.28267182473589353	-0.6058548322651841	-0.9794900353322861	0.14265606410832543	0.8706898367955641	0.979490041337233	
0.6146608235856335	0.5347029387800029	0.45027211622239777	0.14645454455440043	-0.06015289554831427	0.46354963214283046	0.7498449763360506	0.5156126533752554	0.37536573132293816	0.28267182473589353	0.0	-0.35625936321571744	-0.8825868970450598	0.4166188242627071	0.9742074049538461	0.8825869110566003	
0.8553455157322875	0.8006729793955891	0.7388293755665923	0.48926319957504455	0.2994081498050869	0.7488058742690687	0.9363515062144607	0.7870326033889193	0.680945431728944	0.6058548322651841	0.35625936321571744	0.0	-0.6571827255108621	0.713151972335609	0.9906783506501673	0.6571827479738047	
0.9851594247371182	0.9972115331361837	0.9997493574668954	0.9419258187871785	0.8527078446113471	0.9999721528255139	0.9364705593776133	0.9986346217933949	0.9945272401386229	0.9794900353322861	0.8825868970450598	0.6571827255108621	0.0	0.998216267909905	0.6571825979710472	2.980232238769532e-08	
0.2301512437867134	0.13402881451001777	0.037338589145720746	-0.27898750718672	-0.4705482711676563	0.052250448468483826	0.40602935709153976	0.11176571606720503	-0.0449163591642452	-0.14265606410832543	-0.4166188242627071	-0.713151972335609	-0.998216267909905	0.0	0.7916218119596018	0.998216269689151	
-0.6297455939860451	-0.7025862218355519	-0.7682554888128201	-0.9306547970004831	-0.9860170546018205	-0.7586148477070842	-0.47534297783876817	-0.7183718480585415	-0.8182672750855227	-0.8706898367955641	-0.9742074049538461	-0.9906783506501673	-0.6571825979710472	-0.7916218119596018	0.0	0.6571825755081003	
-0.9851594196217932	-0.9972115309121313	-0.9997493581341089	-0.9419258287954239	-0.8527078601797252	-0.9999721530479224	-0.9364705489245615	-0.9986346202365567	-0.9945272432522974	-0.979490041337233	-0.8825869110566003	-0.6571827479738047	-2.980232238769532e-08	-0.998216269689151	-0.6571825755081003	0.0	
