0.0	0.17229270110460254	-0.005353674134248587	0.10758643896579939	0.6800884322767301	0.9872537199014639	0.9377228198407381	0.9704405231828748	0.514752519693399	0.6492085872321248	0.830107823641567	0.1210044851937751	-0.08613595273395414	-0.2796309039492951	-0.514752519693399	-0.290185871548152	
-0.17229270110460254	0.0	-0.17756384618762588	-0.06531509881455017	0.543605289894895	0.9450690038837087	0.9835517184041842	0.9975095502771271	0.6547680269666306	0.7705478148696348	0.7216233131091134	-0.05183172778077627	-0.2565002150546453	-0.4408687746922843	-0.6547680269666306	-0.45072537185553085	
0.005353674134248587	0.17756384618762588	0.0	0.11290749713005283	0.6840036255016365	0.9880916318342232	0.9358495985063187	0.9691345579016994	0.5101552301293589	0.6451272230842772	0.8330811516097288	0.1263170862014672	-0.08080094169083357	-0.2744867934584151	-0.5101552301293589	-0.285058405733786	
-0.10758643896579939	0.06531509881455017	-0.11290749713005283	0.0	0.5972661629878002	0.9644005921894567	0.9696538767415748	0.9907727832903842	0.6040027893905678	0.7272717745886883	0.7652991462472889	0.01350625345785239	-0.1928225791516549	-0.3813024070214279	-0.6040027893905678	-0.391458582701531	
-0.6800884322767301	-0.543605289894895	-0.6840036255016365	-0.5972661629878002	0.0	0.6155464042168909	0.923724916329327	0.8755919625804001	0.9604467700122745	0.9932366957348961	0.2293577344755369	-0.5863790868287	-0.7407096688406063	-0.8579638851071542	-0.9604467700122745	-0.8635684260118879	
-0.9872537199014639	-0.9450690038837087	-0.9880916318342232	-0.9644005921894567	-0.6155464042168909	0.0	0.4921991523750847	0.3927139985716897	0.9283360132880619	0.8542398070271231	-0.4183803104152067	-0.960740955866363	-0.9972933926844199	-0.9923742378912026	-0.9283360132880619	-0.9909568214938425	
-0.9377228198407381	-0.9835517184041842	-0.9358495985063187	-0.9696538767415748	-0.923724916329327	-0.4921991523750847	0.0	-0.1108054825262007	0.6251291819146126	0.4877168195055892	-0.811243468097171	-0.972867464518963	-0.9043153866880398	-0.8031753730642432	-0.6251291819146126	-0.79656684916101	
-0.9704405231828748	-0.9975095502771271	-0.9691345579016994	-0.9907727832903842	-0.8755919625804001	-0.3927139985716897	0.1108054825262007	0.0	0.7077657465913264	0.5814469102363347	-0.7414590142741928	-0.992512959259878	-0.9460456907042892	-0.8642410628580467	-0.7077657465913264	-0.8586491853806797	
-0.514752519693399	-0.6547680269666306	-0.5101552301293589	-0.6040027893905678	-0.9604467700122745	-0.9283360132880619	-0.6251291819146126	-0.7077657465913264	0.0	-0.16506559082917013	-0.9987111587418329	-0.6147119397435036	-0.43899169084856127	-0.25447936614912214	-0.0	-0.2438152633041573	
-0.6492085872321248	-0.7705478148696348	-0.6451272230842772	-0.7272717745886883	-0.9932366957348961	-0.8542398070271231	-0.4877168195055892	-0.5814469102363347	0.16506559082917013	0.0	-0.9933892550210458	-0.7364754490952528	-0.5812798304131095	-0.4106199038671632	-0.16506559082917013	-0.40055494064507813	
-0.830107823641567	-0.7216233131091134	-0.8330811516097288	-0.7652991462472889	-0.2293577344755369	0.4183803104152067	0.811243468097171	0.7414590142741928	0.9987111587418329	0.9933892550210458	0.0	-0.7565357058923896	-0.8750522960423426	-0.952915815139914	-0.9987111587418329	-0.9561970204818894	
-0.1210044851937751	0.05183172778077627	-0.1263170862014672	-0.01350625345785239	0.5863790868287	0.960740955866363	0.972867464518963	0.992512959259878	0.6147119397435036	0.7364754490952528	0.7565357058923896	0.0	-0.20605778133032993	-0.3937534879730914	-0.6147119397435036	-0.40385127308915203	
0.08613595273395414	0.2565002150546453	0.08080094169083357	0.1928225791516549	0.7407096688406063	0.9972933926844199	0.9043153866880398	0.9460456907042892	0.43899169084856127	0.5812798304131095	0.8750522960423426	0.20605778133032993	0.0	-0.19589184477209728	-0.43899169084856127	-0.20667781573729996	
0.2796309039492951	0.4408687746922843	0.2744867934584151	0.3813024070214279	0.8579638851071542	0.9923742378912026	0.8031753730642432	0.8642410628580467	0.25447936614912214	0.4106199038671632	0.952915815139914	0.3937534879730914	0.19589184477209728	0.0	-0.25447936614912214	-0.0110111829777996	
0.514752519693399	0.6547680269666306	0.5101552301293589	0.6040027893905678	0.9604467700122745	0.9283360132880619	0.6251291819146126	0.7077657465913264	0.0	0.16506559082917013	0.9987111587418329	0.6147119397435036	0.43899169084856127	0.25447936614912214	0.0	0.2438152633041573	
0.290185871548152	0.45072537185553085	0.285058405733786	0.391458582701531	0.8635684260118879	0.9909568214938425	0.79656684916101	0.8586491853806797	0.2438152633041573	0.40055494064507813	0.9561970204818894	0.40385127308915203	0.20667781573729996	0.0110111829777996	-0.2438152633041573	0.0	
