0.0	-0.9019427732992994	-0.9787086202615936	-0.9616669641654649	-0.9019427732992994	-0.6418491388612969	-0.898768446447479	-0.967927010172949	-0.46548174254823393	-0.0	-0.7904864946211765	-0.9155083766729102	-0.7064954218778144	-0.8538461507155544	-0.9994052929570971	-0.9850246309183427	
0.9019427732992994	0.0	-0.6077886414341727	-0.6626320511147894	0.0	0.4144514942273977	0.007294864953473701	-0.6446011722558964	-0.9992920837511771	-0.9019427732992994	-0.8937974282744497	-0.7582179859672166	-0.9434247694245113	-0.8382223903050341	-0.46270021475698997	-0.2698811026410472	
0.9787086202615936	0.6077886414341727	0.0	-0.07099501733483418	0.6077886414341727	0.8822465124744644	0.6135653132620471	-0.04721106777246359	-0.7706711347860464	-0.9787086202615936	-0.43718797561797307	-0.20582113623994175	-0.5476379171537398	-0.3341869307827897	0.17138392927470525	0.37092355580473485	
0.9616669641654649	0.6626320511147894	0.07099501733483418	0.0	0.6626320511147894	0.9134438969156543	0.6680778732517153	0.02382391466021369	-0.7234861035444147	-0.9616669641654649	-0.3722340064770501	-0.13582679402715464	-0.48685341956074835	-0.2664303792978048	0.2408960687475623	0.4359180677099297	
0.9019427732992994	0.0	-0.6077886414341727	-0.6626320511147894	0.0	0.4144514942273977	0.007294864953473701	-0.6446011722558964	-0.9992920837511771	-0.9019427732992994	-0.8937974282744497	-0.7582179859672166	-0.9434247694245113	-0.8382223903050341	-0.46270021475698997	-0.2698811026410472	
0.6418491388612969	-0.4144514942273977	-0.8822465124744644	-0.9134438969156543	-0.4144514942273977	0.0	-0.4078016185668169	-0.903489142675632	-0.9250191828793939	-0.6418491388612969	-0.9992889185416591	-0.9602553528798969	-0.9960104850238771	-0.9888544581752016	-0.7885076220479349	-0.6446837877895364	
0.898768446447479	-0.007294864953473701	-0.6135653132620471	-0.6680778732517153	-0.007294864953473701	0.4078016185668169	0.0	-0.6501610837743187	-0.9995399340167946	-0.898768446447479	-0.8970451809433153	-0.7629540716543253	-0.9458185467000823	-0.8421781850902395	-0.46915490911477803	-0.27689810085295263	
0.967927010172949	0.6446011722558964	0.04721106777246359	-0.02382391466021369	0.6446011722558964	0.903489142675632	0.6501610837743187	0.0	-0.7397273327706614	-0.967927010172949	-0.39424025768727833	-0.15939137122555166	-0.5075250368510972	-0.2893175378255962	0.21770537304102178	0.41435314309608895	
0.46548174254823393	0.9992920837511771	0.7706711347860464	0.7234861035444147	0.9992920837511771	0.9250191828793939	0.9995399340167946	0.7397273327706614	0.0	-0.46548174254823393	0.4145279756732083	0.6230147418579401	0.29585943205457704	0.5134078280548207	0.8684800395962503	0.9520588394952201	
0.0	0.9019427732992994	0.9787086202615936	0.9616669641654649	0.9019427732992994	0.6418491388612969	0.898768446447479	0.967927010172949	0.46548174254823393	0.0	0.7904864946211765	0.9155083766729102	0.7064954218778144	0.8538461507155544	0.9994052929570971	0.9850246309183427	
0.7904864946211765	0.8937974282744497	0.43718797561797307	0.3722340064770501	0.8937974282744497	0.9992889185416591	0.8970451809433153	0.39424025768727833	-0.4145279756732083	-0.7904864946211765	0.0	0.24271823138757448	-0.12672727266387346	0.1114948948019569	0.5848570723568074	0.7395980486327631	
0.9155083766729102	0.7582179859672166	0.20582113623994175	0.13582679402715464	0.7582179859672166	0.9602553528798969	0.7629540716543253	0.15939137122555166	-0.6230147418579401	-0.9155083766729102	-0.24271823138757448	0.0	-0.3636990649613404	-0.1330440407861888	0.37049040780067305	0.5541205012167203	
0.7064954218778144	0.9434247694245113	0.5476379171537398	0.48685341956074835	0.9434247694245113	0.9960104850238771	0.9458185467000823	0.5075250368510972	-0.29585943205457704	-0.7064954218778144	0.12672727266387346	0.3636990649613404	0.0	0.23653310710218306	0.6829348190116142	0.8189287543515363	
0.8538461507155544	0.8382223903050341	0.3341869307827897	0.2664303792978048	0.8382223903050341	0.9888544581752016	0.8421781850902395	0.2893175378255962	-0.5134078280548207	-0.8538461507155544	-0.1114948948019569	0.1330440407861888	-0.23653310710218306	0.0	0.4907729285543004	0.6599451513086834	
0.9994052929570971	0.46270021475698997	-0.17138392927470525	-0.2408960687475623	0.46270021475698997	0.7885076220479349	0.46915490911477803	-0.21770537304102178	-0.8684800395962503	-0.9994052929570971	-0.5848570723568074	-0.37049040780067305	-0.6829348190116142	-0.4907729285543004	0.0	0.2062775059860068	
0.9850246309183427	0.2698811026410472	-0.37092355580473485	-0.4359180677099297	0.2698811026410472	0.6446837877895364	0.27689810085295263	-0.41435314309608895	-0.9520588394952201	-0.9850246309183427	-0.7395980486327631	-0.5541205012167203	-0.8189287543515363	-0.6599451513086834	-0.2062775059860068	0.0	
