0.0	-0.003799178573113987	-0.5660800876706892	-0.7879177960172984	-0.8568752142326873	-0.05324356007129174	0.9990471836491753	0.9055281111588995	-0.10661216472709668	-0.5465144308703014	-0.48409449746036187	-0.6644103207780191	-0.9811058095734175	-0.8000035019441928	-0.8405344007541748	-0.9990471836491753	
0.003799178573113987	0.0	-0.5629441485187229	-0.7855726498470647	-0.8549104629802078	-0.04944938616779628	0.9988741654871707	0.9071335153588703	-0.10283386947074602	-0.5433288658238736	-0.48076666280601404	-0.6615661413045756	-0.9803636945883428	-0.7977182389905418	-0.8384700986436227	-0.9988741654871707	
0.5660800876706892	0.5629441485187229	0.0	-0.300939188146111	-0.4145374956976892	0.5213857925312861	0.7988592752730745	0.986652334213163	0.47496805264357894	0.023544284155207984	0.0962655579386632	-0.1246366716139986	-0.6992542081201774	-0.3198376772554768	-0.3862162275190635	-0.7988592752730745	
0.7879177960172984	0.7855726498470647	0.300939188146111	0.0	-0.12145655740312972	0.7540138357881112	0.5808064941605253	0.89190919975732	0.7177775165859583	0.3233086158704242	0.39134453961574767	0.1797336686906904	-0.45170578204150835	-0.019879507515627004	-0.09072373277148915	-0.5808064941605253	
0.8568752142326873	0.8549104629802078	0.4145374956976892	0.12145655740312972	0.0	0.8282114579515948	0.4776359404553324	0.8303817516398316	0.7970304935050109	0.43584864127671175	0.5002170141778558	0.29788172994104667	-0.3400021627028738	0.1017002210133317	0.030903600430178924	-0.4776359404553324	
0.05324356007129174	0.04944938616779628	-0.5213857925312861	-0.7540138357881112	-0.8282114579515948	0.0	0.9953063739672652	0.9268341815042198	-0.05352083321197032	-0.5011504278991311	-0.4368188840893324	-0.6236753587813222	-0.9694130308923247	-0.7669228540742238	-0.8104970155112566	-0.9953063739672652	
-0.9990471836491753	-0.9988741654871707	-0.7988592752730745	-0.5808064941605253	-0.4776359404553324	-0.9953063739672652	0.0	-0.4634021065749874	-0.9887004050417556	-0.8128001372400969	-0.8530545844368687	-0.7176589327792073	-0.15046904241980164	-0.564508969759029	-0.5045584080183989	-0.0	
-0.9055281111588995	-0.9071335153588703	-0.986652334213163	-0.89190919975732	-0.8303817516398316	-0.9268341815042198	0.4634021065749874	0.0	-0.9456012963771052	-0.9902128025126773	-0.9977459851536733	-0.9586629098299797	-0.591464003272814	-0.8827431412850506	-0.8472044644066496	-0.4634021065749874	
0.10661216472709668	0.10283386947074602	-0.47496805264357894	-0.7177775165859583	-0.7970304935050109	0.05352083321197032	0.9887004050417556	0.9456012963771052	0.0	-0.4541173474748506	-0.3880481684801919	-0.5809451149122411	-0.9548877136039926	-0.7314772265949286	-0.7779859160686242	-0.9887004050417556	
0.5465144308703014	0.5433288658238736	-0.023544284155207984	-0.3233086158704242	-0.43584864127671175	0.5011504278991311	0.8128001372400969	0.9902128025126773	0.4541173474748506	0.0	0.07280393552202857	-0.14796281809769196	-0.7158915467578412	-0.34205657494127334	-0.4078266089503245	-0.8128001372400969	
0.48409449746036187	0.48076666280601404	-0.0962655579386632	-0.39134453961574767	-0.5002170141778558	0.4368188840893324	0.8530545844368687	0.9977459851536733	0.3880481684801919	-0.07280393552202857	0.0	-0.2195727421741086	-0.7648243103090643	-0.40956120548492875	-0.4732186654531371	-0.8530545844368687	
0.6644103207780191	0.6615661413045756	0.1246366716139986	-0.1797336686906904	-0.29788172994104667	0.6236753587813222	0.7176589327792073	0.9586629098299797	0.5809451149122411	0.14796281809769196	0.2195727421741086	0.0	-0.6047023337716367	-0.19925392614402843	-0.26823878959134867	-0.7176589327792073	
0.9811058095734175	0.9803636945883428	0.6992542081201774	0.45170578204150835	0.3400021627028738	0.9694130308923247	0.15046904241980164	0.591464003272814	0.9548877136039926	0.7158915467578412	0.7648243103090643	0.6047023337716367	0.0	0.433880677520706	0.3689022750931487	-0.15046904241980164	
0.8000035019441928	0.7977182389905418	0.3198376772554768	0.019879507515627004	-0.1017002210133317	0.7669228540742238	0.564508969759029	0.8827431412850506	0.7314772265949286	0.34205657494127334	0.40956120548492875	0.19925392614402843	-0.433880677520706	0.0	-0.07090827783318426	-0.564508969759029	
0.8405344007541748	0.8384700986436227	0.3862162275190635	0.09072373277148915	-0.030903600430178924	0.8104970155112566	0.5045584080183989	0.8472044644066496	0.7779859160686242	0.4078266089503245	0.4732186654531371	0.26823878959134867	-0.3689022750931487	0.07090827783318426	0.0	-0.5045584080183989	
0.9990471836491753	0.9988741654871707	0.7988592752730745	0.5808064941605253	0.4776359404553324	0.9953063739672652	0.0	0.4634021065749874	0.9887004050417556	0.8128001372400969	0.8530545844368687	0.7176589327792073	0.15046904241980164	0.564508969759029	0.5045584080183989	0.0	
