0.0	-0.7201871292812998	-0.9916203046982901	-0.9824354376899523	-0.9903266027161431	-0.9593271625705324	-0.7791848290803228	-0.8532322464602669	-0.9534866347432042	-0.9296590861481027	-0.9786063509004216	-0.828621954458017	-0.0	-0.4830402954790757	-0.9047997463830368	-0.9135624297633205	
0.7201871292812998	0.0	-0.5949276904998055	-0.815982869776593	-0.786998920754694	-0.8688682773476937	-0.9919918787529638	-0.967555368412404	-0.444420007055436	-0.37964673998686066	-0.8271098397111476	-0.9780481671830752	-0.7201871292812998	-0.9657181287833918	-0.9344143979369846	-0.9267102579710845	
0.9916203046982901	0.5949276904998055	0.0	-0.31195661073616315	-0.26553014241228967	-0.4038632750277511	-0.7222021014858288	-0.6273870234836189	0.17573168635515174	0.2452342035979136	-0.33044036105057795	-0.6621643965845929	-0.9916203046982901	-0.9306631991299362	-0.5391569089880349	-0.5213105131224725	
0.9824354376899523	0.815982869776593	0.31195661073616315	0.0	0.04847894763421587	-0.09832507733472487	-0.4703867771231447	-0.35315513768864226	0.47406400708995833	0.5354267831018724	-0.01951714802094437	-0.39535260666760075	-0.9824354376899523	-0.7700819460174771	-0.24951948887725958	-0.22908171784169595	
0.9903266027161431	0.786998920754694	0.26553014241228967	-0.04847894763421587	0.0	-0.14645350275164382	-0.5126144478882845	-0.3980950952405942	0.43082135755503426	0.49385280125713626	-0.06796391332452587	-0.4394170930864453	-0.9903266027161431	-0.8001033884227016	-0.29617165270402973	-0.2760021210199888	
0.9593271625705324	0.8688682773476937	0.4038632750277511	0.09832507733472487	0.14645350275164382	0.0	-0.381339464414872	-0.2594543924104734	0.558341143706067	0.6158758478425121	0.07888377386137502	-0.30312238869984665	-0.9593271625705324	-0.7036244085783161	-0.15309537142590973	-0.13226133019265862	
0.7791848290803228	0.9919918787529638	0.7222021014858288	0.4703867771231447	0.5126144478882845	0.381339464414872	0.0	0.12843189090156076	0.8325137267111591	0.8697729489908572	0.4530740695531896	0.08318109691806885	-0.7791848290803228	-0.37948590550752825	0.2353172814017302	0.2557223388296943	
0.8532322464602669	0.967555368412404	0.6273870234836189	0.35315513768864226	0.3980950952405942	0.2594543924104734	-0.12843189090156076	0.0	0.7544672892248194	0.7991947861523736	0.33482831331723895	-0.04549458478163315	-0.8532322464602669	-0.4951679958163686	0.10854311733189098	0.12944296597464777	
0.9534866347432042	0.444420007055436	-0.17573168635515174	-0.47406400708995833	-0.43082135755503426	-0.558341143706067	-0.8325137267111591	-0.7544672892248194	0.0	0.07105237381131108	-0.49115836964555165	-0.7835459115476872	-0.9534866347432042	-0.9804765018558143	-0.6787687674466745	-0.6631615650372344	
0.9296590861481027	0.37964673998686066	-0.2452342035979136	-0.5354267831018724	-0.49385280125713626	-0.6158758478425121	-0.8697729489908572	-0.7991947861523736	-0.07105237381131108	0.0	-0.5518086212909293	-0.8257128146877011	-0.9296590861481027	-0.9919699069510333	-0.7292306955534829	-0.714666497621225	
0.9786063509004216	0.8271098397111476	0.33044036105057795	0.01951714802094437	0.06796391332452587	-0.07888377386137502	-0.4530740695531896	-0.33482831331723895	0.49115836964555165	0.5518086212909293	0.0	-0.377350225947759	-0.9786063509004216	-0.7574843960121572	-0.23057214471199788	-0.21003995058667674	
0.828621954458017	0.9780481671830752	0.6621643965845929	0.39535260666760075	0.4394170930864453	0.30312238869984665	-0.08318109691806885	0.04549458478163315	0.7835459115476872	0.8257128146877011	0.377350225947759	0.0	-0.828621954458017	-0.45512972161312276	0.15365652123749857	0.17442077170470338	
0.0	0.7201871292812998	0.9916203046982901	0.9824354376899523	0.9903266027161431	0.9593271625705324	0.7791848290803228	0.8532322464602669	0.9534866347432042	0.9296590861481027	0.9786063509004216	0.828621954458017	0.0	0.4830402954790757	0.9047997463830368	0.9135624297633205	
0.4830402954790757	0.9657181287833918	0.9306631991299362	0.7700819460174771	0.8001033884227016	0.7036244085783161	0.37948590550752825	0.4951679958163686	0.9804765018558143	0.9919699069510333	0.7574843960121572	0.45512972161312276	-0.4830402954790757	0.0	0.5865443770744414	0.6034617749941014	
0.9047997463830368	0.9344143979369846	0.5391569089880349	0.24951948887725958	0.29617165270402973	0.15309537142590973	-0.2353172814017302	-0.10854311733189098	0.6787687674466745	0.7292306955534829	0.23057214471199788	-0.15365652123749857	-0.9047997463830368	-0.5865443770744414	0.0	0.021048253691333285	
0.9135624297633205	0.9267102579710845	0.5213105131224725	0.22908171784169595	0.2760021210199888	0.13226133019265862	-0.2557223388296943	-0.12944296597464777	0.6631615650372344	0.714666497621225	0.21003995058667674	-0.17442077170470338	-0.9135624297633205	-0.6034617749941014	-0.021048253691333285	0.0	
