0.0	-0.6882326308137292	0.6085508396986126	0.8958224540497142	0.7118559128000062	0.8355570245711678	0.964012504720885	0.6882326308137292	0.8624187878450001	0.9047789278254641	0.5926514150824145	0.15774317033497376	0.2511220364883947	0.31626418509119225	0.45458776937988304	0.7254901734484352	
0.6882326308137292	0.0	0.9876204311605281	0.9557692187858736	0.9998077498418563	0.9843059012440348	0.8823528953443652	0.0	0.2772960424842723	0.9495137075653421	0.9843059274356438	0.7940571815370959	0.8483650596183192	0.8823529732589379	0.9428090587989122	0.9999999999999893	
-0.6085508396986126	-0.9876204311605281	0.0	0.4404010854633027	0.13746746896962753	0.32868683642094343	0.6031708343927952	0.9876204311605281	0.9923878133851021	0.4587849756359077	-0.019885067863623734	-0.4757603345646628	-0.38978101798796894	-0.3263542905272214	-0.18131525595456321	0.15686277193457124	
-0.8958224540497142	-0.9557692187858736	-0.4404010854633027	0.0	-0.31280159169691174	-0.12083653061361624	0.19025825953183145	0.9557692187858736	0.8367306112287486	0.02058046759551313	-0.4581668426162717	-0.814503935504642	-0.7555145363975256	-0.7092892880582462	-0.5958864912563486	-0.2941175246177062	
-0.7118559128000062	-0.9998077498418563	-0.13746746896962753	0.31280159169691174	0.0	0.19573674185903397	0.4877987941960442	0.9998077498418563	0.9660369626358567	0.332283048898846	-0.15713657250913754	-0.5921565432186843	-0.5126753801950437	-0.45319675931475084	-0.31478284905197934	0.01960788321225635	
-0.8355570245711678	-0.9843059012440348	-0.32868683642094343	0.12083653061361624	-0.19573674185903397	0.0	0.3074934665098643	0.9843059012440348	0.8967712636733212	0.14124059997284374	-0.34740207895541153	-0.738431309050201	-0.6708145790341501	-0.6189121267277582	-0.49448005316517485	-0.1764705131863719	
-0.964012504720885	-0.8823528953443652	-0.6031708343927952	-0.19025825953183145	-0.4877987941960442	-0.3074934665098643	0.0	0.8823528953443652	0.7172587289363295	-0.17001341645944013	-0.6189121401978835	-0.9100061249040462	-0.8663586167878281	-0.8304498432667566	-0.737792521033825	-0.4705881923265259	
-0.6882326308137292	-0.0	-0.9876204311605281	-0.9557692187858736	-0.9998077498418563	-0.9843059012440348	-0.8823528953443652	0.0	-0.2772960424842723	-0.9495137075653421	-0.9843059274356438	-0.7940571815370959	-0.8483650596183192	-0.8823529732589379	-0.9428090587989122	-0.9999999999999893	
-0.8624187878450001	-0.2772960424842723	-0.9923878133851021	-0.8367306112287486	-0.9660369626358567	-0.8967712636733212	-0.7172587289363295	0.2772960424842723	0.0	-0.825283224423685	-0.9946404779199023	-0.9314703290950681	-0.9618997847930187	-0.9782433215177242	-0.9982683550408363	-0.9607844851888135	
-0.9047789278254641	-0.9495137075653421	-0.4587849756359077	-0.02058046759551313	-0.332283048898846	-0.14124059997284374	0.17001341645944013	0.9495137075653421	0.825283224423685	0.0	-0.4763630850532187	-0.8262713468889294	-0.7688374387348773	-0.7236465925248419	-0.612287811096993	-0.3137254087719148	
-0.5926514150824145	-0.9843059274356438	0.019885067863623734	0.4581668426162717	0.15713657250913754	0.34740207895541153	0.6189121401978835	0.9843059274356438	0.9946404779199023	0.4763630850532187	0.0	-0.4581758559577121	-0.3713916379725045	-0.3074934501914053	-0.16172393159814114	0.17647065469069767	
-0.15774317033497376	-0.7940571815370959	0.4757603345646628	0.814503935504642	0.5921565432186843	0.738431309050201	0.9100061249040462	0.7940571815370959	0.9314703290950681	0.8262713468889294	0.4581758559577121	0.0	0.09528967310468522	0.16265821622831744	0.308394260104469	0.6078431816459088	
-0.2511220364883947	-0.8483650596183192	0.38978101798796894	0.7555145363975256	0.5126753801950437	0.6708145790341501	0.8663586167878281	0.8483650596183192	0.9618997847930187	0.7688374387348773	0.3713916379725045	-0.09528967310468522	0.0	0.06789740358344204	0.21634581468534386	0.529411802708187	
-0.31626418509119225	-0.8823529732589379	0.3263542905272214	0.7092892880582462	0.45319675931475084	0.6189121267277582	0.8304498432667566	0.8823529732589379	0.9782433215177242	0.7236465925248419	0.3074934501914053	-0.16265821622831744	-0.06789740358344204	0.0	0.14955717969977284	0.47058830404226715	
-0.45458776937988304	-0.9428090587989122	0.18131525595456321	0.5958864912563486	0.31478284905197934	0.49448005316517485	0.737792521033825	0.9428090587989122	0.9982683550408363	0.612287811096993	0.16172393159814114	-0.308394260104469	-0.21634581468534386	-0.14955717969977284	0.0	0.33333342237152785	
-0.7254901734484352	-0.9999999999999893	-0.15686277193457124	0.2941175246177062	-0.01960788321225635	0.1764705131863719	0.4705881923265259	0.9999999999999893	0.9607844851888135	0.3137254087719148	-0.17647065469069767	-0.6078431816459088	-0.529411802708187	-0.47058830404226715	-0.33333342237152785	0.0	
