0.0	0.3883894338689014	0.5137433655351068	0.946274509067899	0.9961336722275463	0.9646453727845502	0.6577102471021209	0.9805515744174513	0.21061003048250432	0.0	0.9980958400034059	0.918942108817521	0.9978577753756492	0.9993691776485382	0.9999563274505259	0.9993691776485382	
-0.3883894338689014	0.0	0.14019576352626673	0.7463962160476074	0.9520527280918494	0.7865556557013155	0.3135144174458905	0.8273477729685101	0.5737540805296639	0.3883894338689014	0.8957839419580109	0.6936230056127062	0.9449299677071946	0.9347073089685098	0.9178252947233257	0.9347073089685098	
-0.5137433655351068	-0.14019576352626673	0.0	0.645724123471914	0.899759420495922	0.6922138753697522	0.17729051227006676	0.7404301652489077	0.6829117765869861	0.5137433655351068	0.8246214259274932	0.5857842847772563	0.8897154221041536	0.8756478012465377	0.853105121228415	0.8756478012465377	
-0.946274509067899	-0.7463962160476074	-0.645724123471914	0.0	0.40524486643667956	0.06254009187932419	-0.5001210674129892	0.13135816389564242	0.9931535140456474	0.946274509067899	0.26438039431959337	-0.07605032757871688	0.38457759294250204	0.3567664699437916	0.3145066536328878	0.3567664699437916	
-0.9961336722275463	-0.9520527280918494	-0.899759420495922	-0.40524486643667956	0.0	-0.34727691670711264	-0.8081387899106176	-0.28164470148642495	0.9552883594521642	0.9961336722275463	-0.14912691926325244	-0.4735971009906337	-0.02249458353435868	-0.05241833591523847	-0.09715626877388353	-0.05241833591523847	
-0.9646453727845502	-0.7865556557013155	-0.6922138753697522	-0.06254009187932419	0.34727691670711264	0.0	-0.5532989928170847	0.06910284362128011	0.9985150842354227	0.9646453727845502	0.20354803669697666	-0.13826042999262322	0.3260944637070132	0.2976435289183542	0.25452448019559726	0.2976435289183542	
-0.6577102471021209	-0.3135144174458905	-0.17729051227006676	0.5001210674129892	0.8081387899106176	0.5532989928170847	0.0	0.6095378296240671	0.8016043432611017	0.6577102471021209	0.7112676553263986	0.43281650798349786	0.7946851703445962	0.7761537861705314	0.7470913228165069	0.7761537861705314	
-0.9805515744174513	-0.8273477729685101	-0.7404301652489077	-0.13135816389564242	0.28164470148642495	-0.06910284362128011	-0.6095378296240671	0.0	0.9998926166419697	0.9805515744174513	0.13540529067687668	-0.20636909766838143	0.2599894604425569	0.23096112330893304	0.18708901649390006	0.23096112330893304	
-0.21061003048250432	-0.5737540805296639	-0.6829117765869861	-0.9931535140456474	-0.9552883594521642	-0.9985150842354227	-0.8016043432611017	-0.9998926166419697	0.0	0.21061003048250432	-0.9886995993040821	-0.9813933879514036	-0.961697740813064	-0.9694738732888458	-0.9794957760239001	-0.9694738732888458	
-0.0	-0.3883894338689014	-0.5137433655351068	-0.946274509067899	-0.9961336722275463	-0.9646453727845502	-0.6577102471021209	-0.9805515744174513	-0.21061003048250432	0.0	-0.9980958400034059	-0.918942108817521	-0.9978577753756492	-0.9993691776485382	-0.9999563274505259	-0.9993691776485382	
-0.9980958400034059	-0.8957839419580109	-0.8246214259274932	-0.26438039431959337	0.14912691926325244	-0.20354803669697666	-0.7112676553263986	-0.13540529067687668	0.9886995993040821	0.9980958400034059	0.0	-0.3369590849354575	0.12684613438861572	0.09708970427252407	0.05235154705734577	0.09708970427252407	
-0.918942108817521	-0.6936230056127062	-0.5857842847772563	0.07605032757871688	0.4735971009906337	0.13826042999262322	-0.43281650798349786	0.20636909766838143	0.9813933879514036	0.918942108817521	0.3369590849354575	0.0	0.45366534852523793	0.4267789966947075	0.38578701031814033	0.4267789966947075	
-0.9978577753756492	-0.9449299677071946	-0.8897154221041536	-0.38457759294250204	0.02249458353435868	-0.3260944637070132	-0.7946851703445962	-0.2599894604425569	0.961697740813064	0.9978577753756492	-0.12684613438861572	-0.45366534852523793	0.0	-0.02994141393724708	-0.07474352003126754	-0.02994141393724708	
-0.9993691776485382	-0.9347073089685098	-0.8756478012465377	-0.3567664699437916	0.05241833591523847	-0.2976435289183542	-0.7761537861705314	-0.23096112330893304	0.9694738732888458	0.9993691776485382	-0.09708970427252407	-0.4267789966947075	0.02994141393724708	0.0	-0.04485234763239736	0.0	
-0.9999563274505259	-0.9178252947233257	-0.853105121228415	-0.3145066536328878	0.09715626877388353	-0.25452448019559726	-0.7470913228165069	-0.18708901649390006	0.9794957760239001	0.9999563274505259	-0.05235154705734577	-0.38578701031814033	0.07474352003126754	0.04485234763239736	0.0	0.04485234763239736	
-0.9993691776485382	-0.9347073089685098	-0.8756478012465377	-0.3567664699437916	0.05241833591523847	-0.2976435289183542	-0.7761537861705314	-0.23096112330893304	0.9694738732888458	0.9993691776485382	-0.09708970427252407	-0.4267789966947075	0.02994141393724708	0.0	-0.04485234763239736	0.0	
