0.0	0.19485924705600016	0.6289132156683925	0.999928830840369	0.9961696209809137	0.8874227346422182	0.8657279446067951	0.6674401457870262	0.5715593696146432	0.6349396720098666	0.16375565330442587	0.28647720894472173	0.44129671643358903	0.01296046573373233	-0.3859208111897267	-0.5715593523226189	
-0.19485924705600016	0.0	0.4653594216442919	0.9830861498840191	0.9941131236591672	0.7805902842346395	0.7516030435136029	0.7997506885675236	0.7204971144753263	0.4722278551628948	-0.03161217203000477	0.09429366660331234	0.25797845792040197	-0.182130851394451	-0.5582870520658497	-0.7204970998617928	
-0.6289132156683925	-0.4653594216442919	0.0	0.7849233316258007	0.829490850967386	0.40004781096177744	0.3583018637996994	0.9872470511963646	0.9604348897614512	0.007775768386915627	-0.4931074625920595	-0.3798245980436531	-0.22126495837673082	-0.6187839483252476	-0.8802364900636211	-0.9604348838924051	
-0.999928830840369	-0.9830861498840191	-0.7849233316258007	0.0	0.07555102652017465	-0.47151095278771565	-0.510807677119241	0.7366476569729105	0.8136834129868595	-0.7800817911291034	-0.9883843844050564	-0.9614366441375187	-0.9025622071415698	-0.9999994693487293	-0.9178620851464898	-0.8136834252370152	
-0.9961696209809137	-0.9941131236591672	-0.829490850967386	-0.07555102652017465	0.0	-0.5367887884934248	-0.574298597360811	0.6834488695698956	0.7674394180404156	-0.825122849501711	-0.997041363897856	-0.9794673324649794	-0.9325118378102976	-0.9972192401078879	-0.8852526147168981	-0.7674394315510402	
-0.8874227346422182	-0.7805902842346395	-0.40004781096177744	0.47151095278771565	0.5367887884934248	0.0	-0.0451053477985931	0.9684921440594974	0.9916482371992499	-0.3929092696388281	-0.7999591215908788	-0.7181747060745625	-0.5929201844498516	-0.8813739888296375	-0.9965684959521545	-0.9916482399171311	
-0.8657279446067951	-0.7516030435136029	-0.3583018637996994	0.510807677119241	0.574298597360811	0.0451053477985931	0.0	0.9787396685358749	0.9964562995717992	-0.35103152930811804	-0.7720792849467427	-0.6860566382245739	-0.5559951435337779	-0.85916832609908	-0.9918207565719253	-0.9964563013443286	
-0.6674401457870262	-0.7997506885675236	-0.9872470511963646	-0.7366476569729105	-0.6834488695698956	-0.9684921440594974	-0.9787396685358749	0.0	0.12205579194903514	-0.9884550736191522	-0.7803731744467285	-0.8527948713677358	-0.9275524564359099	-0.6770352723564705	-0.3283537112402505	-0.12205581286489844	
-0.5715593696146432	-0.7204971144753263	-0.9604348897614512	-0.8136834129868595	-0.7674394180404156	-0.9916482371992499	-0.9964562995717992	-0.12205579194903514	0.0	-0.9625714415479373	-0.6982153059607161	-0.7826755777278797	-0.8750059779595372	-0.5821462131648333	-0.21061030094612326	-2.1073424255447017e-08	
-0.6349396720098666	-0.4722278551628948	-0.007775768386915627	0.7800817911291034	0.825122849501711	0.3929092696388281	0.35103152930811804	0.9884550736191522	0.9625714415479373	0.0	-0.4998572279354351	-0.387006156118581	-0.22884130523944612	-0.6248735834826975	-0.8838997553228675	-0.9625714358364473	
-0.16375565330442587	0.03161217203000477	0.4931074625920595	0.9883843844050564	0.997041363897856	0.7999591215908788	0.7720792849467427	0.7803731744467285	0.6982153059607161	0.4998572279354351	0.0	0.1257178612718906	0.28839164412479035	-0.15095638790071025	-0.5317810552041907	-0.698215290874508	
-0.28647720894472173	-0.09429366660331234	0.3798245980436531	0.9614366441375187	0.9794673324649794	0.7181747060745625	0.6860566382245739	0.8527948713677358	0.7826755777278797	0.387006156118581	-0.1257178612718906	0.0	0.16572712677625212	-0.2740358931479519	-0.6340301013515228	-0.7826755646111508	
-0.44129671643358903	-0.25797845792040197	0.22126495837673082	0.9025622071415698	0.9325118378102976	0.5929201844498516	0.5559951435337779	0.9275524564359099	0.8750059779595372	0.22884130523944612	-0.28839164412479035	-0.16572712677625212	0.0	-0.4296294320663385	-0.75342068376021	-0.8750059677576371	
-0.01296046573373233	0.182130851394451	0.6187839483252476	0.9999994693487293	0.9972192401078879	0.8813739888296375	0.85916832609908	0.6770352723564705	0.5821462131648333	0.6248735834826975	0.15095638790071025	0.2740358931479519	0.4296294320663385	0.0	-0.39784484078617344	-0.5821461960303665	
0.3859208111897267	0.5582870520658497	0.8802364900636211	0.9178620851464898	0.8852526147168981	0.9965684959521545	0.9918207565719253	0.3283537112402505	0.21061030094612326	0.8838997553228675	0.5317810552041907	0.6340301013515228	0.75342068376021	0.39784484078617344	0.0	-0.21061028034537377	
0.5715593523226189	0.7204970998617928	0.9604348838924051	0.8136834252370152	0.7674394315510402	0.9916482399171311	0.9964563013443286	0.12205581286489844	2.1073424255447017e-08	0.9625714358364473	0.698215290874508	0.7826755646111508	0.8750059677576371	0.5821461960303665	0.21061028034537377	0.0	
