0.0	-0.029605604334187352	0.5951208400460732	0.5094115848893618	0.19483613920675413	0.37119731921203625	0.11381883028910034	0.8352491866034122	0.8733018662856324	0.5313231377027686	-0.8733018662856324	-0.25304375160073944	0.19483613920675413	-0.0903653754436678	-0.15340860566818515	-0.059717752411910574	
0.029605604334187352	0.0	0.6186521097736603	0.534664591930007	0.22378897114572754	0.39852501048021066	0.14318215167875276	0.851162343381648	0.8584958183554028	0.5561711938296967	-0.8584958183554028	-0.22429074681571315	0.22378897114572754	-0.06084128617306467	-0.12408620215785443	-0.030138808329637057	
-0.5951208400460732	-0.6186521097736603	0.0	-0.10273356770551789	-0.42713844913059396	-0.2542942295154038	-0.4997845248933207	0.3439964459128997	0.9917476812749204	-0.07717754868929377	-0.9917476812749204	-0.7791076605950404	-0.42713844913059396	-0.6653068996524796	-0.7113610129359692	-0.6420500785892869	
-0.5094115848893618	-0.534664591930007	0.10273356770551789	0.0	-0.33198814315564107	-0.15359233857985555	-0.4081574632852883	0.43864016516626897	0.9996712171765972	0.02565795569152714	-0.9996712171765972	-0.7105826701312569	-0.33198814315564107	-0.5850889032540297	-0.6353932327020523	-0.5598909388677136	
-0.19483613920675413	-0.22378897114572754	0.42713844913059396	0.33198814315564107	0.0	0.18316774344498932	-0.08193241663353118	0.7121074462676804	0.9514859100399112	0.3560815739356271	-0.9514859100399112	-0.4366895372333982	0.0	-0.28267259809788053	-0.3429984862154089	-0.25306172546210726	
-0.37119731921203625	-0.39852501048021066	0.2542942295154038	0.15359233857985555	-0.18316774344498932	0.0	-0.26309817021233667	0.5714631113837148	0.9917476689268343	0.17889527905083585	-0.9917476689268343	-0.5940814319492929	-0.18316774344498932	-0.45358776396855993	-0.5092515734279295	-0.425986002759662	
-0.11381883028910034	-0.14318215167875276	0.4997845248933207	0.4081574632852883	0.08193241663353118	0.26309817021233667	0.0	0.7672355936252946	0.9230769322615638	0.4314465337919153	-0.9230769322615638	-0.36151393009955396	0.08193241663353118	-0.20313129905730448	-0.2648832218543351	-0.1729453760029192	
-0.8352491866034122	-0.851162343381648	-0.3439964459128997	-0.43864016516626897	-0.7121074462676804	-0.5714631113837148	-0.7672355936252946	0.0	0.8871201785648524	-0.4154379062724134	-0.8871201785648524	-0.9472074419940208	-0.7121074462676804	-0.8815212701164196	-0.9097172471256842	-0.8665956165689446	
-0.8733018662856324	-0.8584958183554028	-0.9917476812749204	-0.9996712171765972	-0.9514859100399112	-0.9917476689268343	-0.9230769322615638	-0.8871201785648524	0.0	-0.9986842119058273	-0.0	-0.7216023893411212	-0.9514859100399112	-0.8257047518574218	-0.7882269275000727	-0.8426500227358458	
-0.5313231377027686	-0.5561711938296967	0.07717754868929377	-0.02565795569152714	-0.3560815739356271	-0.17889527905083585	-0.4314465337919153	0.4154379062724134	0.9986842119058273	0.0	-0.9986842119058273	-0.7284020221199923	-0.3560815739356271	-0.6057040912798143	-0.6549968331401301	-0.5809659296017722	
0.8733018662856324	0.8584958183554028	0.9917476812749204	0.9996712171765972	0.9514859100399112	0.9917476689268343	0.9230769322615638	0.8871201785648524	0.0	0.9986842119058273	0.0	0.7216023893411212	0.9514859100399112	0.8257047518574218	0.7882269275000727	0.8426500227358458	
0.25304375160073944	0.22429074681571315	0.7791076605950404	0.7105826701312569	0.4366895372333982	0.5940814319492929	0.36151393009955396	0.9472074419940208	0.7216023893411212	0.7284020221199923	-0.7216023893411212	0.0	0.4366895372333982	0.1645840491581989	0.1016325349551705	0.19481791666910775	
-0.19483613920675413	-0.22378897114572754	0.42713844913059396	0.33198814315564107	0.0	0.18316774344498932	-0.08193241663353118	0.7121074462676804	0.9514859100399112	0.3560815739356271	-0.9514859100399112	-0.4366895372333982	0.0	-0.28267259809788053	-0.3429984862154089	-0.25306172546210726	
0.0903653754436678	0.06084128617306467	0.6653068996524796	0.5850889032540297	0.28267259809788053	0.45358776396855993	0.20313129905730448	0.8815212701164196	0.8257047518574218	0.6057040912798143	-0.8257047518574218	-0.1645840491581989	0.28267259809788053	0.0	-0.06348525587549309	0.030730672601817943	
0.15340860566818515	0.12408620215785443	0.7113610129359692	0.6353932327020523	0.3429984862154089	0.5092515734279295	0.2648832218543351	0.9097172471256842	0.7882269275000727	0.6549968331401301	-0.7882269275000727	-0.1016325349551705	0.3429984862154089	0.06348525587549309	0.0	0.09412395384305233	
0.059717752411910574	0.030138808329637057	0.6420500785892869	0.5598909388677136	0.25306172546210726	0.425986002759662	0.1729453760029192	0.8665956165689446	0.8426500227358458	0.5809659296017722	-0.8426500227358458	-0.19481791666910775	0.25306172546210726	-0.030730672601817943	-0.09412395384305233	0.0	
