0.0	0.27301908458826596	0.43680090802757987	0.710167187286479	0.9733759932158179	0.8638787477804399	0.6057954943401483	0.7626017802360282	0.9292100193233004	0.855648796514912	0.36648629564838076	0.46860535139770654	0.4338532023510704	0.0995127094861421	-0.14976131127498876	-0.605795477573702	
-0.27301908458826596	0.0	0.17460967944490147	0.4909724890133664	0.8738162264391216	0.9685784634182014	0.800000038748277	0.9102368597926213	0.9948028163685779	0.6818386064669139	0.09853961605603873	0.20961524610936272	0.1713848089066845	-0.1759318132937906	-0.4140116965145193	-0.8000000261042234	
-0.43680090802757987	-0.17460967944490147	0.0	0.3313144362403584	0.7754873668350315	0.997125755872977	0.8924760210038442	0.9685573258926343	0.9972991825746488	0.543636576102205	-0.07673405273386041	0.03566453846242884	-0.0032742342442449446	-0.3451152810208522	-0.566593762666419	-0.8924760114977311	
-0.710167187286479	-0.4909724890133664	-0.3313144362403584	0.0	0.5225084459412889	0.9659102931436067	0.9915235635117475	0.9962814750664736	0.9166383455546075	0.2348531278991716	-0.4027377315354646	-0.2974534403751948	-0.3344019670914895	-0.6365818855778483	-0.8075949657341613	-0.9915235607737407	
-0.9733759932158179	-0.8738162264391216	-0.7754873668350315	-0.5225084459412889	0.0	0.6883026387480662	0.9132947603542105	0.8044452200545062	0.5727013077417229	-0.30765055077334585	-0.8216479649903179	-0.7524767427246477	-0.7775504406054167	-0.9457347063426267	-0.9967258619421664	-0.9132947689374002	
-0.8638787477804399	-0.9685784634182014	-0.997125755872977	-0.9659102931436067	-0.6883026387480662	0.0	0.3821804721156068	0.1746933486066716	-0.14879473161109358	-0.878096545421326	-0.9883721256505845	-0.9991935006781446	-0.9968723409420825	-0.9097152390727998	-0.7787013333438308	-0.382180491589299	
-0.6057954943401483	-0.800000038748277	-0.8924760210038442	-0.9915235635117475	-0.9132947603542105	-0.3821804721156068	0.0	-0.21487166504166658	-0.5154254610558495	-0.9943052703125629	-0.8552303061552935	-0.9079963329728944	-0.8909942468848147	-0.6819628434771055	-0.4798102877210475	-2.1073424255447017e-08	
-0.7626017802360282	-0.9102368597926213	-0.9685573258926343	-0.9962814750664736	-0.8044452200545062	-0.1746933486066716	0.21487166504166658	0.0	-0.31925537902098633	-0.9481818419036409	-0.9466109252752581	-0.9768141450362002	-0.96773753578367	-0.823188058626206	-0.6571254583821513	-0.2148716856228639	
-0.9292100193233004	-0.9948028163685779	-0.9972991825746488	-0.9166383455546075	-0.5727013077417229	0.14879473161109358	0.5154254610558495	0.31925537902098633	0.0	-0.7971258428073973	-0.9999945642762882	-0.9940452948824754	-0.9975343167097265	-0.9613728200994394	-0.8633859520641354	-0.515425479114392	
-0.855648796514912	-0.6818386064669139	-0.543636576102205	-0.2348531278991716	0.30765055077334585	0.878096545421326	0.9943052703125629	0.9481818419036409	0.7971258428073973	0.0	-0.6064381963495828	-0.513356738144016	-0.5463817946839981	-0.7998981162970396	-0.9235089424740744	-0.9943052725583441	
-0.36648629564838076	-0.09853961605603873	0.07673405273386041	0.4027377315354646	0.8216479649903179	0.9883721256505845	0.8552303061552935	0.9466109252752581	0.9999945642762882	0.6064381963495828	0.0	0.112244620905252	0.07346906093582706	-0.27207820595482646	-0.5016945650674429	-0.8552302952340306	
-0.46860535139770654	-0.20961524610936272	-0.03566453846242884	0.2974534403751948	0.7524767427246477	0.9991935006781446	0.9079963329728944	0.9768141450362002	0.9940452948824754	0.513356738144016	-0.112244620905252	0.0	-0.038936498524418384	-0.3783690449197243	-0.5956207883878032	-0.9079963241435907	
-0.4338532023510704	-0.1713848089066845	0.0032742342442449446	0.3344019670914895	0.7775504406054167	0.9968723409420825	0.8909942468848147	0.96773753578367	0.9975343167097265	0.5463817946839981	-0.07346906093582706	0.038936498524418384	0.0	-0.34204036480761113	-0.5638927654501481	-0.8909942373171723	
-0.0995127094861421	0.1759318132937906	0.3451152810208522	0.6365818855778483	0.9457347063426267	0.9097152390727998	0.6819628434771055	0.823188058626206	0.9613728200994394	0.7998981162970396	0.27207820595482646	0.3783690449197243	0.34204036480761113	0.0	-0.24740836280674366	-0.6819628280642805	
0.14976131127498876	0.4140116965145193	0.566593762666419	0.8075949657341613	0.9967258619421664	0.7787013333438308	0.4798102877210475	0.6571254583821513	0.8633859520641354	0.9235089424740744	0.5016945650674429	0.5956207883878032	0.5638927654501481	0.24740836280674366	0.0	-0.47981026923180947	
0.605795477573702	0.8000000261042234	0.8924760114977311	0.9915235607737407	0.9132947689374002	0.382180491589299	2.1073424255447017e-08	0.2148716856228639	0.515425479114392	0.9943052725583441	0.8552302952340306	0.9079963241435907	0.8909942373171723	0.6819628280642805	0.47981026923180947	0.0	
