0.0	0.04809967089740838	0.616341311124728	0.5257210533056484	-0.21248952808847282	0.31239768796543893	0.7402838150489781	0.9602708274693413	0.9602708274693413	0.024133380795217846	-0.9602708274693413	-0.48440483915155164	-0.44157360415785185	-0.8314871075154656	-0.38576401259247384	-0.12330777683723781	
-0.04809967089740838	0.0	0.5777504340747477	0.4841962297803138	-0.25924481541572875	0.26634375017146505	0.7070898234404074	0.9725825175464043	0.9725825175464043	-0.023980214354706708	-0.9725825175464043	-0.5259238668909844	-0.4842187294051068	-0.8572461811689702	-0.42969414214275725	-0.17089765024284692	
-0.616341311124728	-0.5777504340747477	0.0	-0.11030070572497785	-0.7695972062910599	-0.3394876374570368	0.16859519468339312	0.9281954701319175	0.9281954701319175	-0.5971572663734761	-0.9281954701319175	-0.9206611762086907	-0.9007268504383474	-0.9971834956217296	-0.8724160569552883	-0.7087399890742698	
-0.5257210533056484	-0.4841962297803138	0.11030070572497785	0.0	-0.6944710521491013	-0.23366616888929498	0.27628826349016977	0.9635739799827816	0.9635739799827816	-0.5050387058523016	-0.9635739799827816	-0.8719862667136707	-0.847317775549165	-0.9993715516057481	-0.8131817909478362	-0.6266016270720649	
0.21248952808847282	0.25924481541572875	0.7695972062910599	0.6944710521491013	0.0	0.5071182965404901	0.8662337457043816	0.8790420484590541	0.8790420484590541	0.2360098950680645	-0.8790420484590541	-0.28744747247209684	-0.24083861663372563	-0.694451429561962	-0.18091214742053346	0.09037606962653988	
-0.31239768796543893	-0.26634375017146505	0.3394876374570368	0.23366616888929498	-0.5071182965404901	0.0	0.49321041272587596	0.9993913798535452	0.9993913798535452	-0.28938116221893523	-0.9993913798535452	-0.7334602907575827	-0.6997644931786652	-0.9634230279523928	-0.6546743908036793	-0.4271500141919388	
-0.7402838150489781	-0.7070898234404074	-0.16859519468339312	-0.27628826349016977	-0.8662337457043816	-0.49321041272587596	0.0	0.8521756162604017	0.8521756162604017	-0.7238434667872367	-0.8521756162604017	-0.9732955245758599	-0.9610686655395023	-0.9702644636672901	-0.9423310066432287	-0.8175334595507127	
-0.9602708274693413	-0.9725825175464043	-0.9281954701319175	-0.9635739799827816	-0.8790420484590541	-0.9993913798535452	-0.8521756162604017	0.0	0.0	-0.9667260433274767	-0.0	-0.7049043837310538	-0.7383491754831443	-0.3014298254184458	-0.7782883788957546	-0.9185310243824188	
-0.9602708274693413	-0.9725825175464043	-0.9281954701319175	-0.9635739799827816	-0.8790420484590541	-0.9993913798535452	-0.8521756162604017	0.0	0.0	-0.9667260433274767	-0.0	-0.7049043837310538	-0.7383491754831443	-0.3014298254184458	-0.7782883788957546	-0.9185310243824188	
-0.024133380795217846	0.023980214354706708	0.5971572663734761	0.5050387058523016	-0.2360098950680645	0.28938116221893523	0.7238434667872367	0.9667260433274767	0.9667260433274767	0.0	-0.9667260433274767	-0.5053766974441971	-0.4630980680409572	-0.8446520909352414	-0.4079170544005132	-0.1472210694659746	
0.9602708274693413	0.9725825175464043	0.9281954701319175	0.9635739799827816	0.8790420484590541	0.9993913798535452	0.8521756162604017	0.0	0.0	0.9667260433274767	0.0	0.7049043837310538	0.7383491754831443	0.3014298254184458	0.7782883788957546	0.9185310243824188	
0.48440483915155164	0.5259238668909844	0.9206611762086907	0.8719862667136707	0.28744747247209684	0.7334602907575827	0.9732955245758599	0.7049043837310538	0.7049043837310538	0.5053766974441971	-0.7049043837310538	0.0	0.04831214585479393	-0.45831324707222193	0.10942737238756595	0.37283302839105226	
0.44157360415785185	0.4842187294051068	0.9007268504383474	0.847317775549165	0.24083861663372563	0.6997644931786652	0.9610686655395023	0.7383491754831443	0.7383491754831443	0.4630980680409572	-0.7383491754831443	-0.04831214585479393	0.0	-0.5007174560486841	0.061277571109309315	0.327568900992108	
0.8314871075154656	0.8572461811689702	0.9971834956217296	0.9993715516057481	0.694451429561962	0.9634230279523928	0.9702644636672901	0.3014298254184458	0.3014298254184458	0.8446520909352414	-0.3014298254184458	0.45831324707222193	0.5007174560486841	0.0	0.5528190160805566	0.7566386921249748	
0.38576401259247384	0.42969414214275725	0.8724160569552883	0.8131817909478362	0.18091214742053346	0.6546743908036793	0.9423310066432287	0.7782883788957546	0.7782883788957546	0.4079170544005132	-0.7782883788957546	-0.10942737238756595	-0.061277571109309315	-0.5528190160805566	0.0	0.26905659999839254	
0.12330777683723781	0.17089765024284692	0.7087399890742698	0.6266016270720649	-0.09037606962653988	0.4271500141919388	0.8175334595507127	0.9185310243824188	0.9185310243824188	0.1472210694659746	-0.9185310243824188	-0.37283302839105226	-0.327568900992108	-0.7566386921249748	-0.26905659999839254	0.0	
