0.0	-0.493293286859973	0.5749597908265869	0.9526630584266214	0.9999678422516585	0.9952845480637311	0.9605479167491393	0.493293286859973	0.9999999865610971	0.7658781652603132	0.9741991884479205	0.9988604426576773	0.9993650788437252	0.996419777582547	0.9935090344513958	0.9925059927455218	
0.493293286859973	0.0	0.9037398030924253	0.9786614277607466	0.8737911109636817	0.81791265121491	0.6983531070383782	0.0	0.8699439152849228	0.9833896591788676	0.9587512053061464	0.8453286473560254	0.8517351194919035	0.8250439416264387	0.8081030959635194	0.8030658439761699	
-0.5749597908265869	-0.9037398030924253	0.0	0.6046475048122876	0.813544390648438	0.8700936867866655	0.9458073750966371	0.9037398030924253	0.8180873937143747	0.2569365383612269	0.6673092844594204	0.8446901034333341	0.8381475370580398	0.8638615866883532	0.8782744133859051	0.8823079745314306	
-0.9526630584266214	-0.9786614277607466	-0.6046475048122876	0.0	0.2963783370068157	0.3950011771786969	0.5569830284420658	0.9786614277607466	0.30387193097196347	-0.37970024450622997	0.0811774946858472	0.349148907895343	0.33777769827670223	0.3834812320595816	0.41042318762032204	0.4181613137169845	
-0.9999678422516585	-0.8737911109636817	-0.813544390648438	-0.2963783370068157	0.0	0.1049769850336239	0.28580883926602657	0.8737911109636817	0.007855690471952614	-0.636822983535195	-0.21786994819340852	0.05573542784743629	0.043642582346756886	0.0925318377219313	0.12171715159638524	0.1301515681696036	
-0.9952845480637311	-0.81791265121491	-0.8700936867866655	-0.3950011771786969	-0.1049769850336239	0.0	0.18363160231970865	0.81791265121491	-0.09716146077554672	-0.7142426244911078	-0.3191213487738353	-0.04938633577663709	-0.06147552199194345	-0.012506037955932359	0.016848158976695005	0.025348373105844257	
-0.9605479167491393	-0.6983531070383782	-0.9458073750966371	-0.5569830284420658	-0.28580883926602657	-0.18363160231970865	0.0	0.6983531070383782	-0.2782720169090995	-0.8306204504883613	-0.48772494825977264	-0.23195405371684946	-0.24371441893954754	-0.19591061614010086	-0.16704387929334946	-0.15865527008047492	
-0.493293286859973	-0.0	-0.9037398030924253	-0.9786614277607466	-0.8737911109636817	-0.81791265121491	-0.6983531070383782	0.0	-0.8699439152849228	-0.9833896591788676	-0.9587512053061464	-0.8453286473560254	-0.8517351194919035	-0.8250439416264387	-0.8081030959635194	-0.8030658439761699	
-0.9999999865610971	-0.8699439152849228	-0.8180873937143747	-0.30387193097196347	-0.007855690471952614	0.09716146077554672	0.2782720169090995	0.8699439152849228	0.0	-0.6428601497174181	-0.22553020509152846	0.04789022867813891	0.03579303005562662	0.08470699511181617	0.11391611379062105	0.12235868132962407	
-0.7658781652603132	-0.9833896591788676	-0.2569365383612269	0.37970024450622997	0.636822983535195	0.7142426244911078	0.8306204504883613	0.9833896591788676	0.6428601497174181	0.0	0.4535451825490851	0.6788056633100341	0.669865093398199	0.7054338148793211	0.725933240612324	0.7317544032862009	
-0.9741991884479205	-0.9587512053061464	-0.6673092844594204	-0.0811774946858472	0.21786994819340852	0.3191213487738353	0.48772494825977264	0.9587512053061464	0.22553020509152846	-0.4535451825490851	0.0	0.27192782605764076	0.26025655552278293	0.3072442468182659	0.33504328640868786	0.34304181275945167	
-0.9988604426576773	-0.8453286473560254	-0.8446901034333341	-0.349148907895343	-0.05573542784743629	0.04938633577663709	0.23195405371684946	0.8453286473560254	-0.04789022867813891	-0.6788056633100341	-0.27192782605764076	0.0	-0.01210758047606214	0.03689169612152582	0.06620692588281613	0.07468790864263525	
-0.9993650788437252	-0.8517351194919035	-0.8381475370580398	-0.33777769827670223	-0.043642582346756886	0.06147552199194345	0.24371441893954754	0.8517351194919035	-0.03579303005562662	-0.669865093398199	-0.26025655552278293	0.01210758047606214	0.0	0.04898833045985174	0.07828308836131825	0.0867561975513722	
-0.996419777582547	-0.8250439416264387	-0.8638615866883532	-0.3834812320595816	-0.0925318377219313	0.012506037955932359	0.19591061614010086	0.8250439416264387	-0.08470699511181617	-0.7054338148793211	-0.3072442468182659	-0.03689169612152582	-0.04898833045985174	0.0	0.029351104235945724	0.0378484102684557	
-0.9935090344513958	-0.8081030959635194	-0.8782744133859051	-0.41042318762032204	-0.12171715159638524	-0.016848158976695005	0.16704387929334946	0.8081030959635194	-0.11391611379062105	-0.725933240612324	-0.33504328640868786	-0.06620692588281613	-0.07828308836131825	-0.029351104235945724	0.0	0.008502029851326642	
-0.9925059927455218	-0.8030658439761699	-0.8823079745314306	-0.4181613137169845	-0.1301515681696036	-0.025348373105844257	0.15865527008047492	0.8030658439761699	-0.12235868132962407	-0.7317544032862009	-0.34304181275945167	-0.07468790864263525	-0.0867561975513722	-0.0378484102684557	-0.008502029851326642	0.0	
