0.0	-0.02657710867571758	-0.24803906890167687	0.30511540394750813	0.8462406909651782	0.9774827461706223	0.9310727502832117	0.24803906890167687	0.7409300324932269	0.8109866575800077	0.4794150587435396	0.20600265232892934	0.3480086389505461	0.4462568776614938	0.5508675230866249	0.5578639230664284	
0.02657710867571758	0.0	-0.2222048783113133	0.3303174163418289	0.8601020749770573	0.971529288206271	0.9210476425394769	0.2222048783113133	0.722819597188557	0.8262495164369643	0.5025694724451013	0.23193695302406728	0.3728015194237885	0.4698832297409661	0.5728539989332276	0.5797240711718479	
0.24803906890167687	0.2222048783113133	0.0	0.5317919777814181	0.9519511090695163	0.894596386809519	0.8114837756456291	0.0	0.5511973609290434	0.9307622390249781	0.6821095340417442	0.44228406192897135	0.5696678550871838	0.6542827443449731	0.7406645252147779	0.7462863600444499	
-0.30511540394750813	-0.3303174163418289	-0.5317919777814181	0.0	0.6433222969753832	0.9952558925294794	0.9979912455914516	0.5317919777814181	0.9105091506051497	0.593802833972116	0.18878863099744442	-0.10239162087344822	0.04537093580267709	0.15192801642229786	0.2699525284213737	0.278037226475223	
-0.8462406909651782	-0.8601020749770573	-0.9519511090695163	-0.6433222969753832	0.0	0.6993733711908332	0.8048133188495847	0.9519511090695163	0.9630883217786855	-0.06301117086970265	-0.48721819131560407	-0.7183316628417951	-0.6079240264954274	-0.5195389283307114	-0.4127636444202407	-0.4050922508049537	
-0.9774827461706223	-0.971529288206271	-0.894596386809519	-0.9952558925294794	-0.6993733711908332	0.0	0.16014787083769605	0.894596386809519	0.5001124236333592	-0.7430212370507865	-0.9589913485949055	-0.9999868653494768	-0.9898167635414457	-0.9689211640476404	-0.9320414697482131	-0.9289624886902588	
-0.9310727502832117	-0.9210476425394769	-0.8114837756456291	-0.9979912455914516	-0.8048133188495847	-0.16014787083769605	0.0	0.8114837756456291	0.35497576191391145	-0.8406129073970383	-0.992005247292737	-0.9862592571604772	-0.9998378617901673	-0.9960310661602909	-0.9780414839010964	-0.976254959475733	
-0.24803906890167687	-0.2222048783113133	-0.0	-0.5317919777814181	-0.9519511090695163	-0.894596386809519	-0.8114837756456291	0.0	-0.5511973609290434	-0.9307622390249781	-0.6821095340417442	-0.44228406192897135	-0.5696678550871838	-0.6542827443449731	-0.7406645252147779	-0.7462863600444499	
-0.7409300324932269	-0.722819597188557	-0.5511973609290434	-0.9105091506051497	-0.9630883217786855	-0.5001124236333592	-0.35497576191391145	0.5511973609290434	0.0	-0.9781361931077603	-0.97219815055828	-0.8633858650431833	-0.9283318955745683	-0.9627601120309394	-0.9883276327096471	-0.9895733600844392	
-0.8109866575800077	-0.8262495164369643	-0.9307622390249781	-0.593802833972116	0.06301117086970265	0.7430212370507865	0.8406129073970383	0.9307622390249781	0.9781361931077603	0.0	-0.43122358945776185	-0.6730672869285172	-0.5566854058503858	-0.4646668197330811	-0.3545504298462986	-0.346677670603247	
-0.4794150587435396	-0.5025694724451013	-0.6821095340417442	-0.18878863099744442	0.48721819131560407	0.9589913485949055	0.992005247292737	0.6821095340417442	0.97219815055828	0.43122358945776185	0.0	-0.28834677801467995	-0.14403915404162476	-0.037401081496971245	0.0833185784713657	0.09169273849493464	
-0.20600265232892934	-0.23193695302406728	-0.44228406192897135	0.10239162087344822	0.7183316628417951	0.9999868653494768	0.9862592571604772	0.44228406192897135	0.8633858650431833	0.6730672869285172	0.28834677801467995	0.0	0.14741865258905257	0.2523325219889467	0.36712389470954365	0.37493025894342646	
-0.3480086389505461	-0.3728015194237885	-0.5696678550871838	-0.04537093580267709	0.6079240264954274	0.9898167635414457	0.9998378617901673	0.5696678550871838	0.9283318955745683	0.5566854058503858	0.14403915404162476	-0.14741865258905257	0.0	0.10692731223530799	0.22598805592686627	0.23416893279974343	
-0.4462568776614938	-0.4698832297409661	-0.6542827443449731	-0.15192801642229786	0.5195389283307114	0.9689211640476404	0.9960310661602909	0.6542827443449731	0.9627601120309394	0.4646668197330811	0.037401081496971245	-0.2523325219889467	-0.10692731223530799	0.0	0.12053131988858706	0.12887210801790772	
-0.5508675230866249	-0.5728539989332276	-0.7406645252147779	-0.2699525284213737	0.4127636444202407	0.9320414697482131	0.9780414839010964	0.7406645252147779	0.9883276327096471	0.3545504298462986	-0.0833185784713657	-0.36712389470954365	-0.22598805592686627	-0.12053131988858706	0.0	0.008406333125918874	
-0.5578639230664284	-0.5797240711718479	-0.7462863600444499	-0.278037226475223	0.4050922508049537	0.9289624886902588	0.976254959475733	0.7462863600444499	0.9895733600844392	0.346677670603247	-0.09169273849493464	-0.37493025894342646	-0.23416893279974343	-0.12887210801790772	-0.008406333125918874	0.0	
