0.0	-0.8149814055977712	-0.9563242868081888	-0.8038205678126707	-0.7961279969560776	-0.8733018364996438	-0.7675194214055207	-0.7360537248431792	-0.7216024245882199	-0.5860755423858198	-0.4411446782145506	-0.5566169320331688	-0.5931007152757897	-0.5247082253161183	-0.34538367572522005	-0.0	
0.8149814055977712	0.0	-0.7924030290192279	-0.950613136923675	-0.9545141915381976	-0.9031094205471644	-0.9671916294368699	-0.9782134025427447	-0.9823771984528304	-0.9999671335008447	-0.9870313060243561	-0.9996138490861499	-0.9998587927737204	-0.9978407654145229	-0.9649741160794858	-0.8149814055977712	
0.9563242868081888	0.7924030290192279	0.0	-0.3339273455898058	-0.34598441787666995	-0.21062867305327487	-0.388676512984864	-0.43220376689198514	-0.4511406323755649	-0.6035534275722851	-0.7292898052100053	-0.6317813570074859	-0.5965957508608317	-0.6607254687564589	-0.7965152432569718	-0.9563242868081888	
0.8038205678126707	0.950613136923675	0.3339273455898058	0.0	-0.012820423602970032	0.12789772912485697	-0.058693952520763926	-0.10626710224489133	-0.1272302071002258	-0.30266094113166564	-0.4589529722930449	-0.3366736983891086	-0.29435976015171755	-0.3721439489558233	-0.548895691871703	-0.8038205678126707	
0.7961279969560776	0.9545141915381976	0.34598441787666995	0.012820423602970032	0.0	0.14060235195041626	-0.04589080725844563	-0.09351053918669544	-0.11450351590942165	-0.2904169430977677	-0.44752481248729137	-0.324574043910092	-0.28208315749123836	-0.3602137672750962	-0.5381341060435509	-0.7961279969560776	
0.8733018364996438	0.9031094205471644	0.21062867305327487	-0.12789772912485697	-0.14060235195041626	0.0	-0.18588915681940943	-0.23256789258328697	-0.25304364319536043	-0.42207440351641556	-0.5688158457724347	-0.4543399551191057	-0.41417346991272597	-0.48779914353696224	-0.6512963521012556	-0.8733018364996438	
0.7675194214055207	0.9671916294368699	0.388676512984864	0.058693952520763926	0.04589080725844563	0.18588915681940943	0.0	-0.047722295232066225	-0.06879390588585682	-0.2461980549957416	-0.4060144863385079	-0.28082580049340594	-0.23775879248069332	-0.3170241207084521	-0.49888767074487905	-0.7675194214055207	
0.7360537248431792	0.9782134025427447	0.43220376689198514	0.10626710224489133	0.09351053918669544	0.23256789258328697	0.047722295232066225	0.0	-0.021106289007979617	-0.19966416626448358	-0.36194007693932345	-0.23470394872054695	-0.19113407855432113	-0.2714022580586938	-0.45695993717858496	-0.7360537248431792	
0.7216024245882199	0.9823771984528304	0.4511406323755649	0.1272302071002258	0.11450351590942165	0.25304364319536043	0.06879390588585682	0.021106289007979617	0.0	-0.1789383875882084	-0.3421841388765417	-0.21413494056636923	-0.1703743288922306	-0.2510277141044989	-0.43808436809141005	-0.7216024245882199	
0.5860755423858198	0.9999671335008447	0.6035534275722851	0.30266094113166564	0.2904169430977677	0.42207440351641556	0.2461980549957416	0.19966416626448358	0.1789383875882084	0.0	-0.16852498443926156	-0.03589111431916103	0.008697668190777386	-0.0737674349358044	-0.270160034062537	-0.5860755423858198	
0.4411446782145506	0.9870313060243561	0.7292898052100053	0.4589529722930449	0.44752481248729137	0.5688158457724347	0.4060144863385079	0.36194007693932345	0.3421841388765417	0.16852498443926156	0.0	0.133038627435339	0.17709187867744058	0.09535346575219117	-0.10403758271086921	-0.4411446782145506	
0.5566169320331688	0.9996138490861499	0.6317813570074859	0.3366736983891086	0.324574043910092	0.4543399551191057	0.28082580049340594	0.23470394872054695	0.21413494056636923	0.03589111431916103	-0.133038627435339	0.0	0.04458182106110131	-0.03792657910345987	-0.23542945294517414	-0.5566169320331688	
0.5931007152757897	0.9998587927737204	0.5965957508608317	0.29435976015171755	0.28208315749123836	0.41417346991272597	0.23775879248069332	0.19113407855432113	0.1703743288922306	-0.008697668190777386	-0.17709187867744058	-0.04458182106110131	0.0	-0.08243861579443063	-0.2785240642987475	-0.5931007152757897	
0.5247082253161183	0.9978407654145229	0.6607254687564589	0.3721439489558233	0.3602137672750962	0.48779914353696224	0.3170241207084521	0.2714022580586938	0.2510277141044989	0.0737674349358044	-0.09535346575219117	0.03792657910345987	0.08243861579443063	0.0	-0.19839955054940722	-0.5247082253161183	
0.34538367572522005	0.9649741160794858	0.7965152432569718	0.548895691871703	0.5381341060435509	0.6512963521012556	0.49888767074487905	0.45695993717858496	0.43808436809141005	0.270160034062537	0.10403758271086921	0.23542945294517414	0.2785240642987475	0.19839955054940722	0.0	-0.34538367572522005	
0.0	0.8149814055977712	0.9563242868081888	0.8038205678126707	0.7961279969560776	0.8733018364996438	0.7675194214055207	0.7360537248431792	0.7216024245882199	0.5860755423858198	0.4411446782145506	0.5566169320331688	0.5931007152757897	0.5247082253161183	0.34538367572522005	0.0	
