0.0	0.9613199083814346	-0.1167763965230113	-0.9815078306426973	-0.9549259404735415	-0.9410122288679668	-0.923201263928941	-0.9410122288679668	-0.9855382794855143	-0.983561703279213	-0.9874320098015956	-0.9613199165900149	-0.9292598682149806	-0.877972373198213	-0.8396442169255394	-0.6655565719791522	
-0.9613199083814346	0.0	-0.9869070011378971	-0.45435865709888246	-0.5483815127002301	-0.5844712829672769	-0.6237326809730936	-0.5844712829672769	-0.43434949759825797	-0.44449439474617763	-0.4239038176150674	-2.9802322387695312e-08	-0.6110872630634718	-0.7020183805902664	-0.7533950105110268	-0.9007957038566856	
0.1167763965230113	0.9869070011378971	0.0	-0.952439011243916	-0.913728168521431	-0.8950601137334053	-0.8720058001966805	-0.8950601137334053	-0.9590073509501772	-0.9557458129325251	-0.9622203756134007	-0.9869070059447231	-0.8797617670273097	-0.8160633086831329	-0.7704740068370483	-0.5738472275775293	
0.9815078306426973	0.45435865709888246	0.952439011243916	0.0	0.10856103160105252	0.151984877377696	0.20048895524967808	0.151984877377696	-0.022334309183629886	-0.011042157208151049	-0.0338944041804371	-0.4543586305504119	0.184714439529023	0.30179567365526533	0.3723666600676969	0.6051436590513541	
0.9549259404735415	0.5483815127002301	0.913728168521431	-0.10856103160105252	0.0	0.043786755755579165	0.09294721826019298	0.043786755755579165	-0.13073626057700893	-0.11953130871233858	-0.14219273555603645	-0.5483814877786853	0.07692979883611978	0.19651288040990939	0.26941195214478536	0.515139924423444	
0.9410122288679668	0.5844712829672769	0.8950601137334053	-0.151984877377696	-0.043786755755579165	0.0	0.049260868064675334	0.0	-0.17402181347030315	-0.1628894898653565	-0.18539819660260626	-0.5844712587852432	0.03319902124601326	0.15339143646865377	0.2269858175764335	0.47711595851702926	
0.923201263928941	0.6237326809730936	0.8720058001966805	-0.20048895524967808	-0.09294721826019298	-0.049260868064675334	0.0	-0.049260868064675334	-0.2223197774561193	-0.21129468897798998	-0.23357996915275614	-0.6237326576784736	-0.016074997674164093	0.10452732043824597	0.17873518061673327	0.4332442756373038	
0.9410122288679668	0.5844712829672769	0.8950601137334053	-0.151984877377696	-0.043786755755579165	0.0	0.049260868064675334	0.0	-0.17402181347030315	-0.1628894898653565	-0.18539819660260626	-0.5844712587852432	0.03319902124601326	0.15339143646865377	0.2269858175764335	0.47711595851702926	
0.9855382794855143	0.43434949759825797	0.9590073509501772	0.022334309183629886	0.13073626057700893	0.17402181347030315	0.2223197774561193	0.17402181347030315	0.0	0.011293544706849179	-0.011564473171875034	-0.4343494707539821	0.2066183496523138	0.32301331228348557	0.3930019292799384	0.6227734183644409	
0.983561703279213	0.44449439474617763	0.9557458129325251	0.011042157208151049	0.11953130871233858	0.1628894898653565	0.21129468897798998	0.1628894898653565	-0.011293544706849179	0.0	-0.022856525156875473	-0.44449436804980447	0.19555532449476604	0.3123045646933057	0.3825920264099079	0.6138976068375601	
0.9874320098015956	0.4239038176150674	0.9622203756134007	0.0338944041804371	0.14219273555603645	0.18539819660260626	0.23357996915275614	0.18539819660260626	0.011564473171875034	0.022856525156875473	0.0	-0.42390379062288885	0.21791946344982344	0.33393626503077717	0.4036096173889877	0.6317798427806067	
0.9613199165900149	2.9802322387695312e-08	0.9869070059447231	0.4543586305504119	0.5483814877786853	0.5844712587852432	0.6237326576784736	0.5844712587852432	0.4343494707539821	0.44449436804980447	0.42390379062288885	0.0	0.6110872394730488	0.7020183593662792	0.7533949909139664	0.9007956909152314	
0.9292598682149806	0.6110872630634718	0.8797617670273097	-0.184714439529023	-0.07692979883611978	-0.03319902124601326	0.016074997674164093	-0.03319902124601326	-0.2066183496523138	-0.19555532449476604	-0.21791946344982344	-0.6110872394730488	0.0	0.12050075343160899	0.19452823153122623	0.4476763139072312	
0.877972373198213	0.7020183805902664	0.8160633086831329	-0.30179567365526533	-0.19651288040990939	-0.15339143646865377	-0.10452732043824597	-0.15339143646865377	-0.32301331228348557	-0.3123045646933057	-0.33393626503077717	-0.7020183593662792	-0.12050075343160899	0.0	0.07491193230072496	0.3366629487312984	
0.8396442169255394	0.7533950105110268	0.7704740068370483	-0.3723666600676969	-0.26941195214478536	-0.2269858175764335	-0.17873518061673327	-0.2269858175764335	-0.3930019292799384	-0.3825920264099079	-0.4036096173889877	-0.7533949909139664	-0.19452823153122623	-0.07491193230072496	0.0	0.26517801265754354	
0.6655565719791522	0.9007957038566856	0.5738472275775293	-0.6051436590513541	-0.515139924423444	-0.47711595851702926	-0.4332442756373038	-0.47711595851702926	-0.6227734183644409	-0.6138976068375601	-0.6317798427806067	-0.9007956909152314	-0.4476763139072312	-0.3366629487312984	-0.26517801265754354	0.0	
