0.0	0.8200578545315755	0.9056384992671018	0.5566952628868067	-0.2528230170992883	-0.5041351902209056	-0.4571215769140523	-0.36837950700756156	-0.6508789472515846	-0.9056384992671018	-0.1673394229406866	0.31811579749629637	0.4916084828952149	0.5513671167537466	0.6294154475648956	0.8406355256993706	
-0.8200578545315755	0.0	0.8660253901717967	-0.3626499143876144	-0.9381019753024527	-0.9967290625519738	-0.9909647375748516	-0.9732041524723768	-0.9950581885476851	-0.8660253901717967	-0.9042596110158555	-0.5954058708568065	-0.4327817697156962	-0.3686069855393985	-0.27703925123329154	0.036935066847599174	
-0.9056384992671018	-0.8660253901717967	0.0	-0.9883960649784502	-0.7690068567233181	-0.5683529948521894	-0.6116360242015755	-0.6857383765433159	-0.41153841579187017	-0.0	-0.8219080206358403	-0.9934894623373823	-0.9971116746557455	-0.9893480016495518	-0.9706475779531671	-0.8469669387199773	
-0.5566952628868067	0.3626499143876144	0.9883960649784502	0.0	-0.7486339748706939	-0.8995693742840458	-0.8748656840049511	-0.8235649892864734	-0.9633288310005368	-0.9883960649784502	-0.6878571629531127	-0.2635118484378566	-0.07639191123424582	-0.006400188719459021	0.09027536163367073	0.3968231953103012	
0.2528230170992883	0.9381019753024527	0.7690068567233181	0.7486339748706939	0.0	-0.26941290510164495	-0.21740900166806604	-0.12136842852382296	-0.4377949808024069	-0.7690068567233181	0.0873550561043599	0.5474703573582453	0.6957997883825702	0.7443754220245056	0.8054282638089195	0.9502546775507001	
0.5041351902209056	0.9967290625519738	0.5683529948521894	0.8995693742840458	0.26941290510164495	0.0	0.05359845699519711	0.15054047609598054	-0.17938504332546007	-0.5683529948521894	0.3525080861740237	0.7526789837737367	0.8635744151283419	0.8967554887888587	0.9353265752992171	0.999033894986781	
0.4571215769140523	0.9909647375748516	0.6116360242015755	0.8748656840049511	0.21740900166806604	-0.05359845699519711	0.0	0.09733644389440055	-0.2318562231131987	-0.6116360242015755	0.3018434743586495	0.7163084959533936	0.8353075974928613	0.8717477342631297	0.9150197502116149	0.9952423998013769	
0.36837950700756156	0.9732041524723768	0.6857383765433159	0.8235649892864734	0.12136842852382296	-0.15054047609598054	-0.09733644389440055	0.0	-0.3254392940770032	-0.6857383765433159	0.20761375248568786	0.6449873424701522	0.777827257417527	0.8199177941635405	0.8714084086173028	0.9810330553682176	
0.6508789472515846	0.9950581885476851	0.41153841579187017	0.9633288310005368	0.4377949808024069	0.17938504332546007	0.2318562231131987	0.3254392940770032	0.0	-0.41153841579187017	0.5146601282628189	0.858574638027137	0.9400161035796001	0.9615917788747234	0.9836184201280511	0.9907118156546261	
0.9056384992671018	0.8660253901717967	0.0	0.9883960649784502	0.7690068567233181	0.5683529948521894	0.6116360242015755	0.6857383765433159	0.41153841579187017	0.0	0.8219080206358403	0.9934894623373823	0.9971116746557455	0.9893480016495518	0.9706475779531671	0.8469669387199773	
0.1673394229406866	0.9042596110158555	0.8219080206358403	0.6878571629531127	-0.0873550561043599	-0.3525080861740237	-0.3018434743586495	-0.20761375248568786	-0.5146601282628189	-0.8219080206358403	0.0	0.47227660829844786	0.6303983850184444	0.6831975228074268	0.7505745513129553	0.9194132542430737	
-0.31811579749629637	0.5954058708568065	0.9934894623373823	0.2635118484378566	-0.5474703573582453	-0.7526789837737367	-0.7163084959533936	-0.6449873424701522	-0.858574638027137	-0.9934894623373823	-0.47227660829844786	0.0	0.189049904475834	0.2573324698725559	0.34952057194546593	0.6246741649595182	
-0.4916084828952149	0.4327817697156962	0.9971116746557455	0.07639191123424582	-0.6957997883825702	-0.8635744151283419	-0.8353075974928613	-0.777827257417527	-0.9400161035796001	-0.9971116746557455	-0.6303983850184444	-0.189049904475834	0.0	0.07000886009307124	0.16609155625990452	0.4657833841428469	
-0.5513671167537466	0.3686069855393985	0.9893480016495518	0.006400188719459021	-0.7443754220245056	-0.8967554887888587	-0.8717477342631297	-0.8199177941635405	-0.9615917788747234	-0.9893480016495518	-0.6831975228074268	-0.2573324698725559	-0.07000886009307124	0.0	0.09664756841330766	0.40268976945397333	
-0.6294154475648956	0.27703925123329154	0.9706475779531671	-0.09027536163367073	-0.8054282638089195	-0.9353265752992171	-0.9150197502116149	-0.8714084086173028	-0.9836184201280511	-0.9706475779531671	-0.7505745513129553	-0.34952057194546593	-0.16609155625990452	-0.09664756841330766	0.0	0.3123395950848936	
-0.8406355256993706	-0.036935066847599174	0.8469669387199773	-0.3968231953103012	-0.9502546775507001	-0.999033894986781	-0.9952423998013769	-0.9810330553682176	-0.9907118156546261	-0.8469669387199773	-0.9194132542430737	-0.6246741649595182	-0.4657833841428469	-0.40268976945397333	-0.3123395950848936	0.0	
