0.0	-0.13108570209661136	-0.22270135350928566	-0.713889781186639	-0.9304823786202845	0.48305459195094	0.9304823786202845	0.7572518475686579	-0.713889781186639	-0.9304823786202845	-0.5273970638319088	-0.4995552427984623	-0.15364468838930972	0.22408358036220677	0.1847549946677959	0.02119303196614014	
0.13108570209661136	0.0	-0.09298596290582906	-0.6159358325063489	-0.8744317859627979	0.5936636939607952	0.8744317859627979	0.836332637200619	-0.6159358325063489	-0.8744317859627979	-0.41147328080844775	-0.3816874121182059	-0.022789682946713075	0.349902155636342	0.3119897619506725	0.15206641871089943	
0.22270135350928566	0.09298596290582906	0.0	-0.5400132411816343	-0.8255312411020076	0.665918634981377	0.8255312411020076	0.8836861398873559	-0.5400132411816343	-0.8255312411020076	-0.32494110397667636	-0.29408758852661493	0.07027086791034298	0.4354941481153365	0.3989826529522038	0.24331214065173007	
0.713889781186639	0.6159358325063489	0.5400132411816343	0.0	-0.39005381226068	0.9633378035976622	0.39005381226068	0.9965295538101202	0.0	-0.39005381226068	0.23722022062559767	0.2686122946594946	0.5978222340629473	0.8526518522987847	0.8309760690814362	0.7285700352092823	
0.9304823786202845	0.8744317859627979	0.8255312411020076	0.39005381226068	0.0	0.99168188765657	0.0	0.8851285398128615	0.39005381226068	0.0	0.597350573863686	0.6230547704583024	0.8631482996697232	0.9889101756060776	0.9821462889769903	0.9380371789719844	
-0.48305459195094	-0.5936636939607952	-0.665918634981377	-0.9633378035976622	-0.99168188765657	0.0	0.99168188765657	0.3475482646800861	-0.9633378035976622	-0.99168188765657	-0.8721960481595845	-0.8558672064857267	-0.6118486683698395	-0.27456508501097254	-0.3129689499585997	-0.46438968722707097	
-0.9304823786202845	-0.8744317859627979	-0.8255312411020076	-0.39005381226068	-0.0	-0.99168188765657	0.0	-0.8851285398128615	-0.39005381226068	-0.0	-0.597350573863686	-0.6230547704583024	-0.8631482996697232	-0.9889101756060776	-0.9821462889769903	-0.9380371789719844	
-0.7572518475686579	-0.836332637200619	-0.8836861398873559	-0.9965295538101202	-0.8851285398128615	-0.3475482646800861	0.8851285398128615	0.0	-0.9965295538101202	-0.8851285398128615	-0.9878306562651165	-0.9822646830081017	-0.8486092391190843	-0.5916407423979443	-0.6235477281336657	-0.7432401142853344	
0.713889781186639	0.6159358325063489	0.5400132411816343	0.0	-0.39005381226068	0.9633378035976622	0.39005381226068	0.9965295538101202	0.0	-0.39005381226068	0.23722022062559767	0.2686122946594946	0.5978222340629473	0.8526518522987847	0.8309760690814362	0.7285700352092823	
0.9304823786202845	0.8744317859627979	0.8255312411020076	0.39005381226068	0.0	0.99168188765657	0.0	0.8851285398128615	0.39005381226068	0.0	0.597350573863686	0.6230547704583024	0.8631482996697232	0.9889101756060776	0.9821462889769903	0.9380371789719844	
0.5273970638319088	0.41147328080844775	0.32494110397667636	-0.23722022062559767	-0.597350573863686	0.8721960481595845	0.597350573863686	0.9878306562651165	-0.23722022062559767	-0.597350573863686	0.0	0.0324430062057276	0.3905953991904346	0.7043709729385395	0.6752890603694902	0.5452846130350304	
0.4995552427984623	0.3816874121182059	0.29408758852661493	-0.2686122946594946	-0.6230547704583024	0.8558672064857267	0.6230547704583024	0.9822646830081017	-0.2686122946594946	-0.6230547704583024	-0.0324430062057276	0.0	0.3605239712905367	0.6809710975358392	0.6510051372982253	0.5178021867289233	
0.15364468838930972	0.022789682946713075	-0.07027086791034298	-0.5978222340629473	-0.8631482996697232	0.6118486683698395	0.8631482996697232	0.8486092391190843	-0.5978222340629473	-0.8631482996697232	-0.3905953991904346	-0.3605239712905367	0.0	0.37116034122177743	0.3335608789129382	0.17455156948591455	
-0.22408358036220677	-0.349902155636342	-0.4354941481153365	-0.8526518522987847	-0.9889101756060776	0.27456508501097254	0.9889101756060776	0.5916407423979443	-0.8526518522987847	-0.9889101756060776	-0.7043709729385395	-0.6809710975358392	-0.37116034122177743	0.0	-0.04016923212217155	-0.20337916005916298	
-0.1847549946677959	-0.3119897619506725	-0.3989826529522038	-0.8309760690814362	-0.9821462889769903	0.3129689499585997	0.9821462889769903	0.6235477281336657	-0.8309760690814362	-0.9821462889769903	-0.6752890603694902	-0.6510051372982253	-0.3335608789129382	0.04016923212217155	0.0	-0.163885313473172	
-0.02119303196614014	-0.15206641871089943	-0.24331214065173007	-0.7285700352092823	-0.9380371789719844	0.46438968722707097	0.9380371789719844	0.7432401142853344	-0.7285700352092823	-0.9380371789719844	-0.5452846130350304	-0.5178021867289233	-0.17455156948591455	0.20337916005916298	0.163885313473172	0.0	
