0.0	-0.26743690284254407	-0.718238264378371	-0.9954877181355495	-0.4810230846078185	0.7188435990871938	0.9954877181355499	0.5143538112849368	-0.5120444053760106	-0.37351682871492514	-0.07358209943071212	-0.718238264378371	-0.08836106794180523	0.38846111874007494	0.07306868190836262	-0.058824020860822224	
0.26743690284254407	0.0	-0.5059948466443615	-0.9338502352867099	-0.2290379459347186	0.8785745929133069	0.9338502352867103	0.7249666911597341	-0.2636760509384522	-0.11183088820953102	0.19581002595151445	-0.5059948466443615	0.18124827716566058	0.6207453446883536	0.3371292028010951	0.21029242259577025	
0.718238264378371	0.5059948466443615	0.0	-0.6245036310701256	0.2949906476072206	0.9994684025224227	0.6245036310701259	0.9738313499762932	0.260658123274046	0.40636264576087977	0.6650930160122133	0.0	0.6539474963129813	0.9321216785572166	0.7671593367022673	0.6760649488153692	
0.9954877181355495	0.9338502352867099	0.6245036310701256	0.0	0.8271074643149637	0.7602464372275551	0.0	0.9025157218483625	0.806494974588102	0.8879945143472617	0.9858068725243112	0.6245036310701256	0.9832092547605331	0.9541684669529553	0.9997602132661664	0.9881820602299014	
0.4810230846078185	0.2290379459347186	-0.2949906476072206	-0.8271074643149637	0.0	0.964609583105476	0.8271074643149641	0.8634529159767416	-0.03573429255035643	0.11874310569111174	0.4152090994595691	-0.2949906476072206	0.4016747192413986	0.7838129350070353	0.5437971599302172	0.4286186441657255	
-0.7188435990871938	-0.8785745929133069	-0.9994684025224227	-0.7602464372275551	-0.964609583105476	0.0	0.7602464372275555	-0.25890022802609025	-0.9734160124877745	-0.9264745251357727	-0.7680471343415214	-0.9994684025224227	-0.7774579759656005	-0.3923420714098841	-0.6661267766081993	-0.7584916290339272	
-0.9954877181355499	-0.9338502352867103	-0.6245036310701259	-0.0	-0.8271074643149641	-0.7602464372275555	0.0	-0.9025157218483629	-0.8064949745881024	-0.8879945143472622	-0.9858068725243117	-0.6245036310701259	-0.9832092547605336	-0.9541684669529558	-0.9997602132661668	-0.9881820602299018	
-0.5143538112849368	-0.7249666911597341	-0.9738313499762932	-0.9025157218483625	-0.8634529159767416	0.25890022802609025	0.9025157218483629	0.0	-0.880926880484602	-0.7974464764182043	-0.5760618772179624	-0.9738313499762932	-0.588118436649335	-0.14082335526750128	-0.4503167981891862	-0.5639093304167127	
0.5120444053760106	0.2636760509384522	-0.260658123274046	-0.806494974588102	0.03573429255035643	0.9734160124877745	0.8064949745881024	0.880926880484602	0.0	0.15414874035898068	0.44745233148736085	-0.260658123274046	0.4341430166302626	0.8055032229609311	0.5734386655703667	0.4606303120275201	
0.37351682871492514	0.11183088820953102	-0.40636264576087977	-0.8879945143472617	-0.11874310569111174	0.9264745251357727	0.8879945143472622	0.7974464764182043	-0.15414874035898068	0.0	0.3042478079682259	-0.40636264576087977	0.2900900271557232	0.7045283528238749	0.4402986044475382	0.31830349658884394	
0.07358209943071212	-0.19581002595151445	-0.6650930160122133	-0.9858068725243112	-0.4152090994595691	0.7680471343415214	0.9858068725243117	0.5760618772179624	-0.44745233148736085	-0.3042478079682259	0.0	-0.6650930160122133	-0.014827251634282307	0.4552114017239208	0.14625601256403722	0.014790123784697212	
0.718238264378371	0.5059948466443615	0.0	-0.6245036310701256	0.2949906476072206	0.9994684025224227	0.6245036310701259	0.9738313499762932	0.260658123274046	0.40636264576087977	0.6650930160122133	0.0	0.6539474963129813	0.9321216785572166	0.7671593367022673	0.6760649488153692	
0.08836106794180523	-0.18124827716566058	-0.6539474963129813	-0.9832092547605331	-0.4016747192413986	0.7774579759656005	0.9832092547605336	0.588118436649335	-0.4341430166302626	-0.2900900271557232	0.014827251634282307	-0.6539474963129813	0.0	0.468363299016356	0.16090774551732853	0.02961412774180114	
-0.38846111874007494	-0.6207453446883536	-0.9321216785572166	-0.9541684669529553	-0.7838129350070353	0.3923420714098841	0.9541684669529558	0.14082335526750128	-0.8055032229609311	-0.7045283528238749	-0.4552114017239208	-0.9321216785572166	-0.468363299016356	0.0	-0.3200924862390186	-0.4419927302213559	
-0.07306868190836262	-0.3371292028010951	-0.7671593367022673	-0.9997602132661664	-0.5437971599302172	0.6661267766081993	0.9997602132661668	0.4503167981891862	-0.5734386655703667	-0.4402986044475382	-0.14625601256403722	-0.7671593367022673	-0.16090774551732853	0.3200924862390186	0.0	-0.1316089328684602	
0.058824020860822224	-0.21029242259577025	-0.6760649488153692	-0.9881820602299014	-0.4286186441657255	0.7584916290339272	0.9881820602299018	0.5639093304167127	-0.4606303120275201	-0.31830349658884394	-0.014790123784697212	-0.6760649488153692	-0.02961412774180114	0.4419927302213559	0.1316089328684602	0.0	
