0.0	0.9842379983566397	0.9997466620926997	0.9928977343194618	0.9986757287911096	0.7941536387712863	0.9765183864498842	0.8085522437699575	0.8812401881343761	0.9772222012120986	0.9156707741806294	0.5678223705817282	2.9802322387695312e-08	0.9008725736327784	0.9956429479977325	0.9921060197567653	
-0.9842379983566397	0.0	0.19895744309608843	0.2926886929374577	0.22725083008289138	-0.4576929379269356	-0.039342120356542526	0.7221412906688597	0.6210649578597272	0.38169444377615425	0.5575293765706928	0.9105954126284956	0.9842380036271496	0.586560010412054	0.26785630083036904	0.052027589551665795	
-0.9997466620926997	-0.19895744309608843	0.0	0.09659264271358708	0.02895568896786011	-0.6254379178400596	-0.23735900788280473	0.5700764030775803	0.45271400283493046	0.19016956866851978	0.38121736604648226	0.8101620122774683	0.9997466614219075	0.41369679833637063	0.0708140384965342	-0.14770052388016078	
-0.9928977343194618	-0.2926886929374577	-0.09659264271358708	0.0	-0.06773184893086924	-0.6978820902586954	-0.3300813348673685	0.4880510128292231	0.3644697230690954	0.09445038679735221	0.2901363016205663	0.7497505032791095	0.9928977307738505	0.32382298776607343	-0.02586723831705047	-0.2425431031809634	
-0.9986757287911096	-0.22725083008289138	-0.02895568896786011	0.06773184893086924	0.0	-0.6477690386221299	-0.2653876756102966	0.546047614585214	0.42670567064315096	0.16166254572416242	0.35428840741387885	0.7928483086298299	0.9986757272578705	0.38716164825709365	0.0419013491790164	-0.17627669923015557	
-0.7941536387712863	0.4576929379269356	0.6254379178400596	0.6978820902586954	0.6477690386221299	0.0	0.4223591061205524	0.9586703492301624	0.9109162706795608	0.762408820790012	0.8756622192732801	0.9987837809969852	0.794153656882665	0.8922047137140163	0.679122126034164	0.5033313276906413	
-0.9765183864498842	0.039342120356542526	0.23735900788280473	0.3300813348673685	0.2653876756102966	-0.4223591061205524	0.0	0.7487969463405042	0.6514188734278363	0.4177624075628884	0.5897578817127466	0.9261504845527277	0.9765183928703195	0.6179693053478137	0.3055534412222559	0.09127614701483805	
-0.8085522437699575	-0.7221412906688597	-0.5700764030775803	-0.4880510128292231	-0.546047614585214	-0.9586703492301624	-0.7487969463405042	0.0	-0.13636586056253552	-0.4034314905203994	-0.21382231396475404	0.3314401445885397	0.8085522262335436	-0.17911609877012302	-0.5104650209674827	-0.6851734015995529	
-0.8812401881343761	-0.6210649578597272	-0.45271400283493046	-0.3644697230690954	-0.42670567064315096	-0.9109162706795608	-0.6514188734278363	0.13636586056253552	0.0	-0.2748867471322745	-0.07861283369415412	0.45700196175407043	0.8812401740477497	-0.04328234951681803	-0.3884357332709707	-0.5794467207120317	
-0.9772222012120986	-0.38169444377615425	-0.19016956866851978	-0.09445038679735221	-0.16166254572416242	-0.762408820790012	-0.4177624075628884	0.4034314905203994	0.2748867471322745	0.0	0.19845163274126082	0.6838990272307105	0.9772221948874885	0.23301417847596737	-0.12017038310565628	-0.3330889889843509	
-0.9156707741806294	-0.5575293765706928	-0.38121736604648226	-0.2901363016205663	-0.35428840741387885	-0.8756622192732801	-0.5897578817127466	0.21382231396475404	0.07861283369415412	-0.19845163274126082	0.0	0.5255110603707075	0.9156707622022071	0.03539076376693928	-0.3147937859044241	-0.5135832068336085	
-0.5678223705817282	-0.9105954126284956	-0.8101620122774683	-0.7497505032791095	-0.7928483086298299	-0.9987837809969852	-0.9261504845527277	-0.3314401445885397	-0.45700196175407043	-0.6838990272307105	-0.5255110603707075	0.0	0.5678223460499132	-0.4950718607956616	-0.7666165120730163	-0.8878591993560689	
-2.9802322387695312e-08	-0.9842380036271496	-0.9997466614219075	-0.9928977307738505	-0.9986757272578705	-0.794153656882665	-0.9765183928703195	-0.8085522262335436	-0.8812401740477497	-0.9772221948874885	-0.9156707622022071	-0.5678223460499132	0.0	-0.9008725606960774	-0.9956429452187361	-0.9921060234940338	
-0.9008725736327784	-0.586560010412054	-0.41369679833637063	-0.32382298776607343	-0.38716164825709365	-0.8922047137140163	-0.6179693053478137	0.17911609877012302	0.04328234951681803	-0.23301417847596737	-0.03539076376693928	0.4950718607956616	0.9008725606960774	0.0	-0.3481880840036925	-0.5436281566780063	
-0.9956429479977325	-0.26785630083036904	-0.0708140384965342	0.02586723831705047	-0.0419013491790164	-0.679122126034164	-0.3055534412222559	0.5104650209674827	0.3884357332709707	0.12017038310565628	0.3147937859044241	0.7666165120730163	0.9956429452187361	0.3481880840036925	0.0	-0.2173670862152894	
-0.9921060197567653	-0.052027589551665795	0.14770052388016078	0.2425431031809634	0.17627669923015557	-0.5033313276906413	-0.09127614701483805	0.6851734015995529	0.5794467207120317	0.3330889889843509	0.5135832068336085	0.8878591993560689	0.9921060234940338	0.5436281566780063	0.2173670862152894	0.0	
