0.0	-0.5594190905722074	-0.39916209212251486	-0.5311916520068944	-0.9745496983627081	-0.6416654535065797	0.2676393988448062	0.4727305536056383	0.49756409394622914	0.9745496983627081	0.9591634911152987	0.4116544598215626	-0.14649793502184105	-0.5594190905722074	-0.1589414564035501	0.15715952812468328	
0.5594190905722074	0.0	0.1820609304314153	0.033671998205553444	-0.6823837435887926	-0.10280099275564752	0.7608532796571473	0.8848032806240074	0.8976787388257461	0.6823837435887926	0.9532691448110953	0.85103518860801	0.4319535691958233	0.0	0.42056357719688914	0.6827344872442899	
0.39916209212251486	-0.1820609304314153	0.0	-0.14884844395805175	-0.8040647077252481	-0.2821792668359863	0.6299936323580357	0.7851818081400426	0.8024508153226086	0.8040647077252481	0.992342079815524	0.7412102792235455	0.2605344409583077	-0.1820609304314153	0.2483576450088117	0.5382982834946641	
0.5311916520068944	-0.033671998205553444	0.14884844395805175	0.0	-0.7066108225762257	-0.1362363002143973	0.7385712623624724	0.8686115773980463	0.8823321153054355	0.7066108225762257	0.9629016461345508	0.8328711405049344	0.4013399892674048	-0.033671998205553444	0.3897757309056144	0.6577443310595784	
0.9745496983627081	0.6823837435887926	0.8040647077252481	0.7066108225762257	0.0	0.6036215129316025	0.9989944367128146	0.9647527845576462	0.9568906461510167	0.0	0.4906707482442384	0.9804273472950641	0.9311945885898888	0.6823837435887926	0.9265310785184527	0.9976698880485064	
0.6416654535065797	0.10280099275564752	0.2821792668359863	0.1362363002143973	-0.6036215129316025	0.0	0.8235322616004576	0.9280171822132642	0.9382220969572966	0.6036215129316025	0.91716018931819	0.9005080477160557	0.5223808428307499	0.10280099275564752	0.5116029517440346	0.7542305687823176	
-0.2676393988448062	-0.7608532796571473	-0.6299936323580357	-0.7385712623624724	-0.9989944367128146	-0.8235322616004576	0.0	0.2196392222817922	0.2472548345857447	0.9989944367128146	0.8484699844662602	0.15272646394407463	-0.4059053967581691	-0.7608532796571473	-0.4173803062678701	-0.11288729040163584	
-0.4727305536056383	-0.8848032806240074	-0.7851818081400426	-0.8686115773980463	-0.9647527845576462	-0.9280171822132642	-0.2196392222817922	0.0	0.02839762844521415	0.9647527845576462	0.7115087056195015	-0.06806546282854517	-0.5967252620363563	-0.8848032806240074	-0.6067815354325269	-0.3283659588140273	
-0.49756409394622914	-0.8976787388257461	-0.8024508153226086	-0.8823321153054355	-0.9568906461510167	-0.9382220969572966	-0.2472548345857447	-0.02839762844521415	0.0	0.9568906461510167	0.6912673900915747	-0.09636978272647981	-0.6192721586966041	-0.8976787388257461	-0.6291092086368386	-0.35505652720390246	
-0.9745496983627081	-0.6823837435887926	-0.8040647077252481	-0.7066108225762257	-0.0	-0.6036215129316025	-0.9989944367128146	-0.9647527845576462	-0.9568906461510167	0.0	-0.4906707482442384	-0.9804273472950641	-0.9311945885898888	-0.6823837435887926	-0.9265310785184527	-0.9976698880485064	
-0.9591634911152987	-0.9532691448110953	-0.992342079815524	-0.9629016461345508	-0.4906707482442384	-0.91716018931819	-0.8484699844662602	-0.7115087056195015	-0.6912673900915747	0.4906707482442384	0.0	-0.7576866696878317	-0.9902523242419415	-0.9532691448110953	-0.9919275629177414	-0.9027912594100618	
-0.4116544598215626	-0.85103518860801	-0.7412102792235455	-0.8328711405049344	-0.9804273472950641	-0.9005080477160557	-0.15272646394407463	0.06806546282854517	0.09636978272647981	0.9804273472950641	0.7576866696878317	0.0	-0.540722538889214	-0.85103518860801	-0.5512712199438798	-0.2633131589025578	
0.14649793502184105	-0.4319535691958233	-0.2605344409583077	-0.4013399892674048	-0.9311945885898888	-0.5223808428307499	0.4059053967581691	0.5967252620363563	0.6192721586966041	0.9311945885898888	0.9902523242419415	0.540722538889214	0.0	-0.4319535691958233	-0.0125909785716255	0.3001413689410012	
0.5594190905722074	0.0	0.1820609304314153	0.033671998205553444	-0.6823837435887926	-0.10280099275564752	0.7608532796571473	0.8848032806240074	0.8976787388257461	0.6823837435887926	0.9532691448110953	0.85103518860801	0.4319535691958233	0.0	0.42056357719688914	0.6827344872442899	
0.1589414564035501	-0.42056357719688914	-0.2483576450088117	-0.3897757309056144	-0.9265310785184527	-0.5116029517440346	0.4173803062678701	0.6067815354325269	0.6291092086368386	0.9265310785184527	0.9919275629177414	0.5512712199438798	0.0125909785716255	-0.42056357719688914	0.0	0.3121280450040208	
-0.15715952812468328	-0.6827344872442899	-0.5382982834946641	-0.6577443310595784	-0.9976698880485064	-0.7542305687823176	0.11288729040163584	0.3283659588140273	0.35505652720390246	0.9976698880485064	0.9027912594100618	0.2633131589025578	-0.3001413689410012	-0.6827344872442899	-0.3121280450040208	0.0	
