0.0	-0.2840109359846079	-0.9964846290604026	-0.6377176514442512	-0.708888825192135	-0.06621765659276119	0.005314915934722109	0.6377176514442512	0.1324936188858743	-0.11397426171427527	-0.41875686158278785	-0.8233087351859542	-0.679531509323137	-0.6114295082613156	-0.7460392289292649	-0.6383615193733754	
0.2840109359846079	0.0	-0.9316571868351684	-0.830222265699136	-0.4793788611333808	0.2198967070543798	0.289102977766944	0.830222265699136	0.40854472488539834	0.17287931606981016	-0.1436030153711575	-0.6282028907637303	-0.44318553002131	-0.36151393493415757	-0.5261946606535738	-0.3934608188592986	
0.9964846290604026	0.9316571868351684	0.0	-0.8209877289578935	0.6434530466509953	0.9887501100870838	0.9969158157617104	0.8209877289578935	0.9987992377961085	0.9804429544976001	0.8698244004922733	0.4966251565413047	0.674138991126747	0.7372942014918241	0.6010610734624241	0.7135515345204717	
0.6377176514442512	0.830222265699136	0.8209877289578935	0.0	0.9958311081413483	0.687323478555602	0.6336147227355438	0.0	0.5300395545680817	0.7213530722290311	0.9016663101712142	0.9961347804683475	0.9912820890115326	0.9755912150103035	0.9993092511161976	0.9825855354603207	
0.708888825192135	0.4793788611333808	-0.6434530466509953	-0.9958311081413483	0.0	0.6606283046154462	0.7126275304128391	0.9958311081413483	0.7960895912323491	0.6238811418777813	0.34838311487484414	-0.17833540530968114	0.040786356639592056	0.12968934657356923	-0.054146080096658465	0.09540844057409202	
0.06621765659276119	-0.2198967070543798	-0.9887501100870838	-0.687323478555602	-0.6606283046154462	0.0	0.07151997208703709	0.687323478555602	0.19783669455957947	-0.04793794861884809	-0.3577056275097799	-0.7839170075469784	-0.6294597349003881	-0.5576895851225034	-0.7003073541006746	-0.585990285301504	
-0.005314915934722109	-0.289102977766944	-0.9969158157617104	-0.6336147227355438	-0.7126275304128391	-0.07151997208703709	0.0	0.6336147227355438	0.12722368862811329	-0.1192529342742803	-0.42357741356753037	-0.8263138199092295	-0.683421179974406	-0.615626559425848	-0.7495679048051491	-0.6424435887803911	
-0.6377176514442512	-0.830222265699136	-0.8209877289578935	-0.0	-0.9958311081413483	-0.687323478555602	-0.6336147227355438	0.0	-0.5300395545680817	-0.7213530722290311	-0.9016663101712142	-0.9961347804683475	-0.9912820890115326	-0.9755912150103035	-0.9993092511161976	-0.9825855354603207	
-0.1324936188858743	-0.40854472488539834	-0.9987992377961085	-0.5300395545680817	-0.7960895912323491	-0.19783669455957947	-0.12722368862811329	0.5300395545680817	0.0	-0.24459969955679406	-0.5353822841103734	-0.8912528858894184	-0.77074411961681	-0.7108811145683364	-0.8276898067085153	-0.7347188332940161	
0.11397426171427527	-0.17287931606981016	-0.9804429544976001	-0.7213530722290311	-0.6238811418777813	0.04793794861884809	0.1192529342742803	0.7213530722290311	0.24459969955679406	0.0	-0.31252827352977136	-0.7532527259669043	-0.5914866819614387	-0.5172575434018547	-0.6652821271458526	-0.5464715951147321	
0.41875686158278785	0.1436030153711575	-0.8698244004922733	-0.9016663101712142	-0.34838311487484414	0.3577056275097799	0.42357741356753037	0.9016663101712142	0.5353822841103734	0.31252827352977136	0.0	-0.5099615390415358	-0.3098620395268207	-0.22387630785347273	-0.39862599454138836	-0.2573625495405033	
0.8233087351859542	0.6282028907637303	-0.4966251565413047	-0.9961347804683475	0.17833540530968114	0.7839170075469784	0.8263138199092295	0.9961347804683475	0.8912528858894184	0.7532527259669043	0.5099615390415358	0.0	0.21831955214088744	0.30443969970914037	0.1247956864384025	0.2714008967125827	
0.679531509323137	0.44318553002131	-0.674138991126747	-0.9912820890115326	-0.040786356639592056	0.6294597349003881	0.683421179974406	0.9912820890115326	0.77074411961681	0.5914866819614387	0.3098620395268207	-0.21831955214088744	0.0	0.08913952821759558	-0.09482754869500074	0.054728752453968965	
0.6114295082613156	0.36151393493415757	-0.7372942014918241	-0.9755912150103035	-0.12968934657356923	0.5576895851225034	0.615626559425848	0.9755912150103035	0.7108811145683364	0.5172575434018547	0.22387630785347273	-0.30443969970914037	-0.08913952821759558	0.0	-0.18318789439326635	-0.034495045699754395	
0.7460392289292649	0.5261946606535738	-0.6010610734624241	-0.9993092511161976	0.054146080096658465	0.7003073541006746	0.7495679048051491	0.9993092511161976	0.8276898067085153	0.6652821271458526	0.39862599454138836	-0.1247956864384025	0.09482754869500074	0.18318789439326635	0.0	0.14916755581412117	
0.6383615193733754	0.3934608188592986	-0.7135515345204717	-0.9825855354603207	-0.09540844057409202	0.585990285301504	0.6424435887803911	0.9825855354603207	0.7347188332940161	0.5464715951147321	0.2573625495405033	-0.2714008967125827	-0.054728752453968965	0.034495045699754395	-0.14916755581412117	0.0	
