0.0	0.8606798962033297	0.7167171093951417	0.9940317674729182	0.9753486115711845	0.3760549611875459	-0.1941434229594987	-0.9940317674729182	0.045613188034665575	0.42840282169563826	-0.20349732924826813	-0.8251093127492001	-0.7297709711614004	-0.6379840889220267	-0.25042531853658906	-0.23162178513926945	
-0.8606798962033297	0.0	-0.23529321968126837	0.6000001806200941	0.30666937661757815	-0.606036667265021	-0.9431513096929355	-0.6000001806200941	-0.8365602875185956	-0.5595801268222622	-0.9462805452357553	-0.9063624875148684	-0.9599999999999809	-0.9875935022536941	-0.9607582873121516	-0.9552039057513202	
-0.7167171093951417	0.23529321968126837	0.0	0.7713893783896577	0.5220153349224487	-0.4018609790706773	-0.8384688833291394	-0.7713893783896577	-0.6841621372011021	-0.3488641631554701	-0.8436318799318834	-0.9803274511506366	-0.9989295558620812	-0.996814837159731	-0.8685171865817326	-0.8587513441956446	
-0.9940317674729182	-0.6000001806200941	-0.7713893783896577	0.0	-0.32575437381314637	-0.962091420751431	-0.9539391801160411	-0.0	-0.9979731443109043	-0.9449299286424387	-0.951032424728431	-0.4715892291026925	-0.5999998193798208	-0.6958553913551139	-0.9350387125891838	-0.9417321322216955	
-0.9753486115711845	-0.30666937661757815	-0.5220153349224487	0.32575437381314637	0.0	-0.8207715384264199	-0.9996323624060826	-0.32575437381314637	-0.9642680008304968	-0.7867776731124649	-0.999845611178666	-0.7331223117666628	-0.827876033182394	-0.8918504681755375	-0.9995312880612557	-0.9999367925039757	
-0.3760549611875459	0.606036667265021	0.4018609790706773	0.962091420751431	0.8207715384264199	0.0	-0.5487926048533751	-0.962091420751431	-0.3333984949105822	0.057158225318029	-0.5567462874872493	-0.9770050535645999	-0.9333095074172386	-0.8807353239239848	-0.5961157547117517	-0.5804486251381665	
0.1941434229594987	0.9431513096929355	0.8384688833291394	0.9539391801160411	0.9996323624060826	0.5487926048533751	0.0	-0.9539391801160411	0.23868666698411573	0.5956773079763626	-0.009544348024980054	-0.6997242712971986	-0.5831514868648369	-0.4763452101280601	-0.05770329345631081	-0.03835088314050278	
0.9940317674729182	0.6000001806200941	0.7713893783896577	0.0	0.32575437381314637	0.962091420751431	0.9539391801160411	0.0	0.9979731443109043	0.9449299286424387	0.951032424728431	0.4715892291026925	0.5999998193798208	0.6958553913551139	0.9350387125891838	0.9417321322216955	
-0.045613188034665575	0.8365602875185956	0.6841621372011021	0.9979731443109043	0.9642680008304968	0.3333984949105822	-0.23868666698411573	-0.9979731443109043	0.0	0.38674140713011246	-0.24794427945853562	-0.8500207448850298	-0.7601967663669156	-0.6724444750412568	-0.2943244358435581	-0.275753486961999	
-0.42840282169563826	0.5595801268222622	0.3488641631554701	0.9449299286424387	0.7867776731124649	-0.057158225318029	-0.5956773079763626	-0.9449299286424387	-0.38674140713011246	0.0	-0.6033164237877702	-0.9875948360713969	-0.9523076407815548	-0.906366076266573	-0.6410334378576715	-0.6260434324055572	
0.20349732924826813	0.9462805452357553	0.8436318799318834	0.951032424728431	0.999845611178666	0.5567462874872493	0.009544348024980054	-0.951032424728431	0.24794427945853562	0.6033164237877702	0.0	-0.692873793657704	-0.5753714459858988	-0.4679315657329556	-0.04817222015684591	-0.028811809746629113	
0.8251093127492001	0.9063624875148684	0.9803274511506366	0.4715892291026925	0.7331223117666628	0.9770050535645999	0.6997242712971986	-0.4715892291026925	0.8500207448850298	0.9875948360713969	0.692873793657704	0.0	0.15181940240225938	0.2749311923441794	0.6573343911161207	0.671811138402333	
0.7297709711614004	0.9599999999999809	0.9989295558620812	0.5999998193798208	0.827876033182394	0.9333095074172386	0.5831514868648369	-0.5999998193798208	0.7601967663669156	0.9523076407815548	0.5753714459858988	-0.15181940240225938	0.0	0.1257753833507222	0.5353037809067039	0.5515676273115357	
0.6379840889220267	0.9875935022536941	0.996814837159731	0.6958553913551139	0.8918504681755375	0.8807353239239848	0.4763452101280601	-0.6958553913551139	0.6724444750412568	0.906366076266573	0.4679315657329556	-0.2749311923441794	-0.1257753833507222	0.0	0.42481541027211955	0.44227444516915504	
0.25042531853658906	0.9607582873121516	0.8685171865817326	0.9350387125891838	0.9995312880612557	0.5961157547117517	0.05770329345631081	-0.9350387125891838	0.2943244358435581	0.6410334378576715	0.04817222015684591	-0.6573343911161207	-0.5353037809067039	-0.42481541027211955	0.0	0.019373861111589563	
0.23162178513926945	0.9552039057513202	0.8587513441956446	0.9417321322216955	0.9999367925039757	0.5804486251381665	0.03835088314050278	-0.9417321322216955	0.275753486961999	0.6260434324055572	0.028811809746629113	-0.671811138402333	-0.5515676273115357	-0.44227444516915504	-0.019373861111589563	0.0	
