0.0	0.8302601146541685	0.9975700610909604	0.9949789774149377	0.9997858745080537	0.9984412605008723	0.9995535325133094	0.666909327079588	-0.1289919647033792	-0.5456270063435241	0.3023902733341136	0.5738185224417851	0.9865685764345656	0.5456270063435239	0.8546736274233622	0.9940302179478797	
-0.8302601146541685	0.0	0.49817712723699364	0.637673391630415	0.5400761035810786	0.6028463164630968	0.5819343502286721	-0.24693975653100067	-0.8952208629338835	-0.9999008079948244	-0.6228457066321266	-0.36013574502851015	0.4142687565352507	0.999900807994824	0.9074172193625519	0.6446343326997054	
-0.9975700610909604	-0.49817712723699364	0.0	0.1691615833834908	0.04901270831918364	0.12523886916410054	0.09944543463450217	-0.6968643567100422	-0.9982229302433591	-0.8740058720698857	-0.9298003525206135	-0.7770142017520261	-0.09421600421947157	0.8740058720698853	0.5774496330215735	0.17809453890258092	
-0.9949789774149377	-0.637673391630415	-0.1691615833834908	0.0	-0.12065192397699459	-0.044395741507921804	-0.07031079230523984	-0.8081445647001715	-0.9737565142145298	-0.7792117775334918	-0.9786627119906663	-0.872300482610211	-0.2612673096418377	0.7792117775334915	0.4310196527060598	0.009070637696844464	
-0.9997858745080537	-0.5400761035810786	-0.04901270831918364	0.12065192397699459	0.0	0.07646153892333757	0.05055616348214176	-0.7311788926510581	-0.9941025481872391	-0.8491394247469725	-0.9467227031606827	-0.8069330210171692	-0.14289746014328358	0.8491394247469721	0.5367403634189525	0.12965133601508355	
-0.9984412605008723	-0.6028463164630968	-0.12523886916410054	0.044395741507921804	-0.07646153892333757	0.0	-0.025955599494538628	-0.7811993633989831	-0.9829005412111521	-0.8062689997484055	-0.9685756314766973	-0.8497322192622461	-0.21815598459294844	0.8062689997484052	0.47065484338361013	0.053455609364579215	
-0.9995535325133094	-0.5819343502286721	-0.09944543463450217	0.07031079230523984	-0.05055616348214176	0.025955599494538628	0.0	-0.7647325707540558	-0.987348791411294	-0.8213513757365712	-0.961793658889259	-0.8357617725897016	-0.19275205643887738	0.8213513757365709	0.4933973556174972	0.07935608886575213	
-0.666909327079588	0.24693975653100067	0.6968643567100422	0.8081445647001715	0.7311788926510581	0.7811993633989831	0.7647325707540558	0.0	-0.7574546537227119	-0.9654566815404094	-0.41036468523107406	-0.11861256419686836	0.6261925540449048	0.965456681540409	0.9830869750438213	0.813453780468528	
0.1289919647033792	0.8952208629338835	0.9982229302433591	0.9737565142145298	0.9941025481872391	0.9829005412111521	0.987348791411294	0.7574546537227119	0.0	-0.43296974452020626	0.4228170986977306	0.6746667944807209	0.9993969562949798	0.4329697445202061	0.7805651757792389	0.9716520475507827	
0.5456270063435241	0.9999008079948244	0.8740058720698857	0.7792117775334918	0.8491394247469725	0.8062689997484055	0.8213513757365712	0.9654566815404094	0.43296974452020626	0.0	0.7734946020231972	0.9277350303524793	0.9158991042054206	0.0	0.43296974452020714	0.773494602023198	
-0.3023902733341136	0.6228457066321266	0.9298003525206135	0.9786627119906663	0.9467227031606827	0.9685756314766973	0.961793658889259	0.41036468523107406	-0.4228170986977306	-0.7734946020231972	0.0	0.29930241417872855	0.8909868505017218	0.7734946020231969	0.9716520475507827	0.9804862249900261	
-0.5738185224417851	0.36013574502851015	0.7770142017520261	0.872300482610211	0.8069330210171692	0.8497322192622461	0.8357617725897016	0.11861256419686836	-0.6746667944807209	-0.9277350303524793	-0.29930241417872855	0.0	0.7142504916207404	0.9277350303524788	0.9978696037521679	0.8766998686064711	
-0.9865685764345656	-0.4142687565352507	0.09421600421947157	0.2612673096418377	0.14289746014328358	0.21815598459294844	0.19275205643887738	-0.6261925540449048	-0.9993969562949798	-0.9158991042054206	-0.8909868505017218	-0.7142504916207404	0.0	0.9158991042054202	0.6518014341661948	0.2700121439388195	
-0.5456270063435239	-0.999900807994824	-0.8740058720698853	-0.7792117775334915	-0.8491394247469721	-0.8062689997484052	-0.8213513757365709	-0.965456681540409	-0.4329697445202061	-0.0	-0.7734946020231969	-0.9277350303524788	-0.9158991042054202	0.0	-0.432969744520207	-0.7734946020231976	
-0.8546736274233622	-0.9074172193625519	-0.5774496330215735	-0.4310196527060598	-0.5367403634189525	-0.47065484338361013	-0.4933973556174972	-0.9830869750438213	-0.7805651757792389	-0.43296974452020714	-0.9716520475507827	-0.9978696037521679	-0.6518014341661948	0.432969744520207	0.0	-0.4228170986977307	
-0.9940302179478797	-0.6446343326997054	-0.17809453890258092	-0.009070637696844464	-0.12965133601508355	-0.053455609364579215	-0.07935608886575213	-0.813453780468528	-0.9716520475507827	-0.773494602023198	-0.9804862249900261	-0.8766998686064711	-0.2700121439388195	0.7734946020231976	0.4228170986977307	0.0	
