0.0	0.6977450694547247	0.8300477340296001	0.8267972481531256	0.9210589951381125	0.8741939998912382	0.9694744643247326	0.9977322665269313	0.9560299113599752	0.9988436383996546	0.9794013891253714	0.0	0.2572457577408266	0.9933208797689824	0.36067304272983697	0.5404966070007864	
-0.6977450694547247	0.0	0.20547441648536408	0.19979139308407357	0.9315150994879702	0.965034346895026	0.5233975907464371	0.7616852804948726	0.8894754742954576	0.749063206137535	0.8424812362486449	0.6977450694547247	0.8585401773574448	0.6310524878655643	-0.39241471633213887	-0.19986249060215938	
-0.8300477340296001	-0.20547441648536408	0.0	-0.0058033932236601915	0.8369072939864592	0.8905832489277292	0.3371471826019278	0.6122962447862204	0.7765979832119242	0.5969535599364755	0.7138104359008606	0.8300477340296001	0.9455773114088593	0.45819264577983243	-0.5730345459850198	-0.39692667781095853	
-0.8267972481531256	-0.19979139308407357	0.0058033932236601915	0.0	0.8400696569257704	0.8932077525235564	0.3426051209778809	0.616874261474786	0.7802410227735095	0.6015994292389298	0.7178627578416585	0.8267972481531256	0.9436729782678157	0.4633432928613016	-0.5682688342934913	-0.3915933472984963	
-0.9210589951381125	-0.9315150994879702	-0.8369072939864592	-0.8400696569257704	0.0	0.10681358895544302	-0.6033722938735796	-0.3265456144751418	-0.10218189215598417	-0.3446911168354956	-0.1954184522642944	0.9210589951381125	0.7898842565214328	-0.4930981856417751	-0.9995190508883329	-0.9854113278656254	
-0.8741939998912382	-0.965034346895026	-0.8905832489277292	-0.8932077525235564	-0.10681358895544302	0.0	-0.685099965660132	-0.42563569015529884	-0.2078518140661565	-0.44298680337517127	-0.29905469388158207	0.8741939998912382	0.7198613102218346	-0.5832022120551044	-0.9904884964075734	-0.9979524194529485	
-0.9694744643247326	-0.5233975907464371	-0.3371471826019278	-0.3426051209778809	0.6033722938735796	0.685099965660132	0.0	0.309889348197899	0.5187281466110323	0.2915180709248529	0.43590092010474013	0.9694744643247326	0.9999224634561911	0.13169210553769942	-0.8157871312025957	-0.6831380453873637	
-0.9977322665269313	-0.7616852804948726	-0.6122962447862204	-0.616874261474786	0.3265456144751418	0.42563569015529884	-0.309889348197899	0.0	0.22825595875249327	-0.019262001326545222	0.13554390521118811	0.9977322665269313	0.9468399833117099	-0.1819811697299597	-0.9548532855758632	-0.8758178197227431	
-0.9560299113599752	-0.8894754742954576	-0.7765979832119242	-0.7802410227735095	0.10218189215598417	0.2078518140661565	-0.5187281466110323	-0.22825595875249327	0.0	-0.2469671173463282	-0.09418375905693116	0.9560299113599752	0.8484134438149711	-0.4016216221226528	-0.9974560375796855	-0.9628631207192934	
-0.9988436383996546	-0.749063206137535	-0.5969535599364755	-0.6015994292389298	0.3446911168354956	0.44298680337517127	-0.2915180709248529	0.019262001326545222	0.2469671173463282	0.0	0.15460299669122762	0.9988436383996546	0.952860996817854	-0.1630070421152535	-0.9489538196160884	-0.8663586818485869	
-0.9794013891253714	-0.8424812362486449	-0.7138104359008606	-0.7178627578416585	0.1954184522642944	0.29905469388158207	-0.43590092010474013	-0.13554390521118811	0.09418375905693116	-0.15460299669122762	0.0	0.9794013891253714	0.8944967806226997	-0.31358232272970027	-0.9863083514833554	-0.9331543554909788	
-0.0	-0.6977450694547247	-0.8300477340296001	-0.8267972481531256	-0.9210589951381125	-0.8741939998912382	-0.9694744643247326	-0.9977322665269313	-0.9560299113599752	-0.9988436383996546	-0.9794013891253714	0.0	-0.2572457577408266	-0.9933208797689824	-0.36067304272983697	-0.5404966070007864	
-0.2572457577408266	-0.8585401773574448	-0.9455773114088593	-0.9436729782678157	-0.7898842565214328	-0.7198613102218346	-0.9999224634561911	-0.9468399833117099	-0.8484134438149711	-0.952860996817854	-0.8944967806226997	0.2572457577408266	0.0	-0.9895738989801742	-0.5884660990090723	-0.7387394812797317	
-0.9933208797689824	-0.6310524878655643	-0.45819264577983243	-0.4633432928613016	0.4930981856417751	0.5832022120551044	-0.13169210553769942	0.1819811697299597	0.4016216221226528	0.1630070421152535	0.31358232272970027	0.9933208797689824	0.9895738989801742	0.0	-0.8848465997252084	-0.7733617006426063	
-0.36067304272983697	0.39241471633213887	0.5730345459850198	0.5682688342934913	0.9995190508883329	0.9904884964075734	0.8157871312025957	0.9548532855758632	0.9974560375796855	0.9489538196160884	0.9863083514833554	0.36067304272983697	0.5884660990090723	0.8848465997252084	0.0	0.200666140444491	
-0.5404966070007864	0.19986249060215938	0.39692667781095853	0.3915933472984963	0.9854113278656254	0.9979524194529485	0.6831380453873637	0.8758178197227431	0.9628631207192934	0.8663586818485869	0.9331543554909788	0.5404966070007864	0.7387394812797317	0.7733617006426063	-0.200666140444491	0.0	
