0.0	-0.8273112974883848	-0.8784752752329358	-0.636360019747269	-0.8006091208967894	-0.9131604199046265	-0.7497649740188848	-0.7805371992031822	-0.5928308721810516	-0.3597087602557447	-0.4272457551625926	0.20411274741063076	-0.6949208842427957	-0.9406586126373401	-0.20411276804040424	-0.7483303019399887	
0.8273112974883848	0.0	-0.09819872441293837	0.2807102308766003	0.04597700382303943	-0.17574976278656876	0.12625961004459374	0.07869813809396264	0.3332370902369822	0.5698707711433442	0.5079989184338406	0.9245532887029027	0.204540689195282	-0.8091607638879383	-0.9245532967329888	-0.9691471830900169	
0.8784752752329358	0.09819872441293837	0.0	0.3736039148443224	0.14384966804460902	-0.07823008462899095	0.22306223824469518	0.1762119365269036	0.4242124833421266	0.6478097489683472	0.5901278990619192	0.9575036576117536	0.29967472146262364	-0.7475496234279345	-0.9575036636897737	-0.9402588356737536	
0.636360019747269	-0.2807102308766003	-0.3736039148443224	0.0	-0.2362849929664409	-0.4450242562067862	-0.15728073750932436	-0.20430571805037617	0.05517278739161663	0.31628849603872095	0.24578166381955646	0.7804139596146896	-0.0784588401468651	-0.9415682565689492	-0.7804139727911255	-0.9993704847362022	
0.8006091208967894	-0.04597700382303943	-0.14384966804460902	0.2362849929664409	0.0	-0.22082527309128436	0.08051702971777869	0.032780508916250006	0.2895355923645095	0.5314872495991296	0.4678590621939178	0.9060559072919223	0.15931942620977896	-0.8353205795302234	-0.9060559162093097	-0.9794548459407033	
0.9131604199046265	0.17574976278656876	0.07823008462899095	0.4450242562067862	0.22082527309128436	0.0	0.2986376417255214	0.252677865113503	0.49375465758426695	0.7054202737561684	0.651475263816403	0.9771324347330846	0.3733910598490121	-0.6932977424935448	-0.9771324392139603	-0.9107430031420427	
0.7497649740188848	-0.12625961004459374	-0.22306223824469518	0.15728073750932436	-0.08051702971777869	-0.2986376417255214	0.0	-0.0477996795805799	0.2115272740635344	0.4615583726224381	0.39517883344959787	0.8690427298156135	0.07931356052210442	-0.8768737849133568	-0.8690427402414164	-0.992512137994811	
0.7805371992031822	-0.07869813809396264	-0.1762119365269036	0.20430571805037617	-0.032780508916250006	-0.252677865113503	0.0477996795805799	0.0	0.2580035591039662	0.5034343507603511	0.43863610790090235	0.8916976353403078	0.12687199760683737	-0.8528931732093432	-0.891697644878804	-0.9855390973409892	
0.5928308721810516	-0.3332370902369822	-0.4242124833421266	-0.05517278739161663	-0.2895355923645095	-0.49375465758426695	-0.2115272740635344	-0.2580035591039662	0.0	0.26346634736978275	0.19192692049259652	0.7447277372102441	-0.1333420425572956	-0.9587175018399066	-0.7447277512739814	-0.9958908873588488	
0.3597087602557447	-0.5698707711433442	-0.6478097489683472	-0.31628849603872095	-0.5314872495991296	-0.7054202737561684	-0.4615583726224381	-0.5034343507603511	-0.26346634736978275	0.0	-0.07342243117619685	0.5425863364848801	-0.3897444933166684	-0.9997640147100776	-0.542586354186557	-0.9368448132210014	
0.4272457551625926	-0.5079989184338406	-0.5901278990619192	-0.24578166381955646	-0.4678590621939178	-0.651475263816403	-0.39517883344959787	-0.43863610790090235	-0.19192692049259652	0.07342243117619685	0.0	0.6027967035589669	-0.3210761380657229	-0.995470582779091	-0.6027967203733424	-0.9599953566824437	
-0.20411274741063076	-0.9245532887029027	-0.9575036576117536	-0.7804139596146896	-0.9060559072919223	-0.9771324347330846	-0.8690427298156135	-0.8916976353403078	-0.7447277372102441	-0.5425863364848801	-0.6027967035589669	0.0	-0.8270656438769655	-0.8515887422127244	-2.1073424255447027e-08	-0.5971826433517451	
0.6949208842427957	-0.204540689195282	-0.29967472146262364	0.0784588401468651	-0.15931942620977896	-0.3733910598490121	-0.07931356052210442	-0.12687199760683737	0.1333420425572956	0.3897444933166684	0.3210761380657229	0.8270656438769655	0.0	-0.9122390528850444	-0.8270656557224494	-0.9990732819050525	
0.9406586126373401	0.8091607638879383	0.7475496234279345	0.9415682565689492	0.8353205795302234	0.6932977424935448	0.8768737849133568	0.8528931732093432	0.9587175018399066	0.9997640147100776	0.995470582779091	0.8515887422127244	0.9122390528850444	0.0	-0.8515887311658142	-0.3700144393747828	
0.20411276804040424	0.9245532967329888	0.9575036636897737	0.7804139727911255	0.9060559162093097	0.9771324392139603	0.8690427402414164	0.891697644878804	0.7447277512739814	0.542586354186557	0.6027967203733424	2.1073424255447027e-08	0.8270656557224494	0.8515887311658142	0.0	0.5971826264486397	
0.7483303019399887	0.9691471830900169	0.9402588356737536	0.9993704847362022	0.9794548459407033	0.9107430031420427	0.992512137994811	0.9855390973409892	0.9958908873588488	0.9368448132210014	0.9599953566824437	0.5971826433517451	0.9990732819050525	0.3700144393747828	-0.5971826264486397	0.0	
