0.0	0.6722241146999879	0.9827311136351432	0.8269779044900097	0.4923911853936602	0.7790683840961932	0.6892716333004674	0.43771014983551715	0.5994093396390857	0.45601906824987537	0.2960309725207334	0.6516144340801473	0.7229971346005624	-0.20845196396081814	-0.9827311097357304	-0.6029491050823113	
-0.6722241146999879	0.0	0.8519506430118793	0.23430366552501158	-0.22054571042829108	0.1553380144785651	0.02327228260225761	-0.28034983864103497	-0.09430551980376184	-0.2606466232345669	-0.42292806055027765	-0.02749457807225736	0.07086255588625417	-0.8117840381041024	-0.8519506540463897	-0.9826787141974755	
-0.9827311136351432	-0.8519506430118793	0.0	-0.7055487075889306	-0.9464553631940245	-0.7602707187180804	-0.8395340224494972	-0.9645829992720782	-0.8975342116383432	-0.9589826824725134	-0.9934608514016887	-0.8660253339737733	-0.8127037148933359	-0.9225712578617512	-2.1073424255447017e-08	-0.672433582023849	
-0.8269779044900097	-0.23430366552501158	0.7055487075889306	0.0	-0.44294080285572074	-0.08044560021682318	-0.21161574483099888	-0.49745346427609366	-0.32493982557291373	-0.4795959122636503	-0.6234725801550332	-0.26094431178105437	-0.16482465952120834	-0.9260102246788271	-0.7055487225228534	-0.9987448883885847	
-0.4923911853936602	0.22054571042829108	0.9464553631940245	0.44294080285572074	0.0	0.36938165992354033	0.24318521946303656	-0.06174532050930229	0.12757940408161456	-0.04130623969016556	-0.2126637304450637	0.1936447645272788	0.2891089598410096	-0.663005806458687	-0.9464553699972569	-0.9176109011688578	
-0.7790683840961932	-0.1553380144785651	0.7602707187180804	0.08044560021682318	-0.36938165992354033	0.0	-0.13230615416380126	-0.42605541083881804	-0.24780650078085442	-0.40745137554612215	-0.5585558982586405	-0.1824401211201392	-0.0849451264937105	-0.8926409384656152	-0.7602707324075109	-0.9995371877432743	
-0.6892716333004674	-0.02327228260225761	0.8395340224494972	0.21161574483099888	-0.24318521946303656	0.13230615416380126	0.0	-0.3026129248149107	-0.11744854355029782	-0.28304388994492913	-0.4439020037964399	-0.05075061612096615	0.047629585577730615	-0.8251542077816234	-0.8395340338988384	-0.9867253284602454	
-0.43771014983551715	0.28034983864103497	0.9645829992720782	0.49745346427609366	0.06174532050930229	0.42605541083881804	0.3026129248149107	0.0	0.18857673456225443	0.020465198123848338	-0.151925030865264	0.25385186551813177	0.3476658823556223	-0.6155173228174247	-0.9645830048308158	-0.8913175211179962	
-0.5994093396390857	0.09430551980376184	0.8975342116383432	0.32493982557291373	-0.12757940408161456	0.24780650078085442	0.11744854355029782	-0.18857673456225443	0.0	-0.1684392192490617	-0.3355870011422908	0.06689782477036765	0.16461518711425638	-0.7530957220285205	-0.8975342209305605	-0.9608227580659665	
-0.45601906824987537	0.2606466232345669	0.9589826824725134	0.4795959122636503	0.04130623969016556	0.40745137554612215	0.28304388994492913	-0.020465198123848338	0.1684392192490617	0.0	-0.1721208510946216	0.23400387843816556	0.3284045210866675	-0.6315175131419049	-0.9589826884460843	-0.9004093525110454	
-0.2960309725207334	0.42292806055027765	0.9934608514016887	0.6234725801550332	0.2126637304450637	0.5585558982586405	0.4439020037964399	0.151925030865264	0.3355870011422908	0.1721208510946216	0.0	0.3978535971826401	0.4860779018618899	-0.4886367446951939	-0.9934608538077103	-0.8120914128555582	
-0.6516144340801473	0.02749457807225736	0.8660253339737733	0.26094431178105437	-0.1936447645272788	0.1824401211201392	0.05075061612096615	-0.25385186551813177	-0.06689782477036765	-0.23400387843816556	-0.3978535971826401	0.0	0.0982612256391121	-0.7954214728232021	-0.8660253445104878	-0.9772119909308126	
-0.7229971346005624	-0.07086255588625417	0.8127037148933359	0.16482465952120834	-0.2891089598410096	0.0849451264937105	-0.047629585577730615	-0.3476658823556223	-0.16461518711425638	-0.3284045210866675	-0.4860779018618899	-0.0982612256391121	0.0	-0.8511240254648025	-0.8127037271723387	-0.9933404133237493	
0.20845196396081814	0.8117840381041024	0.9225712578617512	0.9260102246788271	0.663005806458687	0.8926409384656152	0.8251542077816234	0.6155173228174247	0.7530957220285205	0.6315175131419049	0.4886367446951939	0.7954214728232021	0.8511240254648025	0.0	-0.9225712497310604	-0.42340514889895725	
0.9827311097357304	0.8519506540463897	2.1073424255447017e-08	0.7055487225228534	0.9464553699972569	0.7602707324075109	0.8395340338988384	0.9645830048308158	0.8975342209305605	0.9589826884460843	0.9934608538077103	0.8660253445104878	0.8127037271723387	0.9225712497310604	0.0	0.6724335664261964	
0.6029491050823113	0.9826787141974755	0.672433582023849	0.9987448883885847	0.9176109011688578	0.9995371877432743	0.9867253284602454	0.8913175211179962	0.9608227580659665	0.9004093525110454	0.8120914128555582	0.9772119909308126	0.9933404133237493	0.42340514889895725	-0.6724335664261964	0.0	
