0.0	0.8787989305339671	0.8899666054522918	0.2902622650225701	0.6747043490311502	0.7589081596326019	0.9359646805637183	0.9763091002174834	0.944210088835245	0.8630417154230083	0.8119630519343665	0.9965120244488994	0.9995134761347538	0.8021684015918132	0.4318436771412044	-0.29026224485641705	
-0.8787989305339671	0.0	0.8254400628652161	0.9794750202341244	0.970594715486509	0.9344169050896846	0.7560548338066042	0.2757321396658436	0.16114279445277047	-0.03207322088690129	-0.1255002261496489	0.4021926584234815	0.44955041348839	-0.14194042031259088	-0.5865588946348181	-0.979475015986447	
-0.8899666054522918	-0.8254400628652161	0.0	0.7192839392867424	0.34919123507045835	0.2334625532363599	-0.11347213488856539	-0.6377935034198702	-0.7236890114641824	-0.8431203971794895	-0.8897573901321579	-0.5287021831828524	-0.48356182095619893	-0.8972065651029245	-0.9996358323167356	-0.7192839539267918	
-0.2902622650225701	-0.9794750202341244	-0.7192839392867424	0.0	-0.4314172698787012	-0.5372168777884345	-0.7934691448337556	-0.9970833029563909	-0.999155202457657	-0.9725062442881665	-0.9464343636836836	-0.9778315078046983	-0.9655348129347758	-0.9409477305304292	-0.6750531744175439	-2.1073424255447017e-08	
-0.6747043490311502	-0.970594715486509	-0.34919123507045835	0.4314172698787012	0.0	-0.12077518066876547	-0.4532651036793994	-0.8665950231522646	-0.9191198922026899	-0.9778160168352626	-0.9931311537157373	-0.7918172688709775	-0.7587729749504981	-0.9949354738884642	-0.9272872323904515	-0.4314172888901435	
-0.7589081596326019	-0.9344169050896846	-0.2334625532363599	0.5372168777884345	0.12077518066876547	0.0	-0.34229108289575383	-0.7999831733336155	-0.8648090717701481	-0.9453600463769758	-0.9717298440241833	-0.7122566605400474	-0.6745511304190273	-0.9755126326930962	-0.9657116480610848	-0.5372168955626907	
-0.9359646805637183	-0.7560548338066042	0.11347213488856539	0.7934691448337556	0.4532651036793994	0.34229108289575383	0.0	-0.5462770308489325	-0.6407047369932536	-0.7766580487867202	-0.8322180921656266	-0.42897140274798956	-0.38111526344834223	-0.8413011122557177	-0.996241435419307	-0.7934691576592623	
-0.9763091002174834	-0.2757321396658436	0.6377935034198702	0.9970833029563909	0.8665950231522646	0.7999831733336155	0.5462770308489325	0.0	-0.11723260901934049	-0.3064201683495621	-0.39418723723098154	0.13415350845253854	0.18582427062871232	-0.40937843832436477	-0.7871379262199206	-0.9970833045647344	
-0.944210088835245	-0.16114279445277047	0.7236890114641824	0.999155202457657	0.9191198922026899	0.8648090717701481	0.6407047369932536	0.11723260901934049	0.0	-0.19271394924493918	-0.28372881008310435	0.24940134289906737	0.29973368431182446	-0.2995966717516437	-0.7094038252103244	-0.9991552015916233	
-0.8630417154230083	0.03207322088690129	0.8431203971794895	0.9725062442881665	0.9778160168352626	0.9453600463769758	0.7766580487867202	0.3064201683495621	0.19271394924493918	0.0	-0.09361602214910203	0.4313505387433929	0.4779686933283222	-0.11011890904657182	-0.5602808103982603	-0.9725062393806546	
-0.8119630519343665	0.1255002261496489	0.8897573901321579	0.9464343636836836	0.9931311537157373	0.9717298440241833	0.8322180921656266	0.39418723723098154	0.28372881008310435	0.09361602214910203	0.0	0.5139151256748729	0.5580997836796591	-0.016588619482189537	-0.48027786154446694	-0.9464343568791534	
-0.9965120244488994	-0.4021926584234815	0.5287021831828524	0.9778315078046983	0.7918172688709775	0.7122566605400474	0.42897140274798956	-0.13415350845253854	-0.24940134289906737	-0.4313505387433929	-0.5139151256748729	0.0	0.052327567709353484	-0.5280748091652538	-0.862765442401205	-0.9778315122173313	
-0.9995134761347538	-0.44955041348839	0.48356182095619893	0.9655348129347758	0.7587729749504981	0.6745511304190273	0.38111526344834223	-0.18582427062871232	-0.29973368431182446	-0.4779686933283222	-0.5580997836796591	-0.052327567709353484	0.0	-0.571787791353217	-0.8880404791585222	-0.9655348184196388	
-0.8021684015918132	0.14194042031259088	0.8972065651029245	0.9409477305304292	0.9949354738884642	0.9755126326930962	0.8413011122557177	0.40937843832436477	0.2995966717516437	0.11011890904657182	0.016588619482189537	0.5280748091652538	0.571787791353217	0.0	-0.46566162484661594	-0.9409477233959819	
-0.4318436771412044	0.5865588946348181	0.9996358323167356	0.6750531744175439	0.9272872323904515	0.9657116480610848	0.996241435419307	0.7871379262199206	0.7094038252103244	0.5602808103982603	0.48027786154446694	0.862765442401205	0.8880404791585222	0.46566162484661594	0.0	-0.675053158870223	
0.29026224485641705	0.979475015986447	0.7192839539267918	2.1073424255447017e-08	0.4314172888901435	0.5372168955626907	0.7934691576592623	0.9970833045647344	0.9991552015916233	0.9725062393806546	0.9464343568791534	0.9778315122173313	0.9655348184196388	0.9409477233959819	0.675053158870223	0.0	
