0.0	0.2934658444822443	0.34805336483096894	0.38217200721458205	0.49457706708208304	0.6564427816148906	0.7530066483489046	0.7499701242155878	0.7822846530153292	0.6069852392324024	0.44066237842060035	0.9539568746733689	0.4205167566823809	0.9207116460752434	0.22709987437813994	-0.4205167566823809	
-0.2934658444822443	0.0	0.057611610652401	0.094155599145819	0.21773954257070166	0.4061557801576179	0.5267471198725728	0.5228292573804438	0.5650342424076338	0.3470382590940662	0.15782347861897372	0.9999769926171111	0.6682583102990239	0.7656491397860061	-0.06869744760773522	-0.6682583102990239	
-0.34805336483096894	-0.057611610652401	0.0	0.036643542751823466	0.16114856263966587	0.3528354727689439	0.4769010918127199	0.47285058235966104	0.5165622961448193	0.2924307483883429	0.10067176117226545	0.9987069040629288	0.7100073474807524	0.7273182979171269	-0.1260588515924969	-0.7100073474807524	
-0.38217200721458205	-0.094155599145819	-0.036643542751823466	0.0	0.1248757177312737	0.31831168121643255	0.4443727078025096	0.44024482837023127	0.4848393536552339	0.2571926191915156	0.06414676768057975	0.9961732816250324	0.7353346792000295	0.7016813566862878	-0.16232541904433762	-0.7353346792000295	
-0.49457706708208304	-0.21773954257070166	-0.16114856263966587	-0.1248757177312737	0.0	0.19743961563346524	0.32902541911369104	0.32467563330796345	0.3718275157226292	0.13450449772110457	-0.06097388118513303	0.9774614662250163	0.8142075591084331	0.6072160582357753	-0.28427432523196494	-0.8142075591084331	
-0.6564427816148906	-0.4061557801576179	-0.3528354727689439	-0.31831168121643255	-0.19743961563346524	0.0	0.13610218225984416	0.13154100163473725	0.18122455216819888	-0.06378869503919182	-0.256845865377405	0.9165379377941825	0.912808211609382	0.4383900088177484	-0.46797224559986067	-0.912808211609382	
-0.7530066483489046	-0.5267471198725728	-0.4769010918127199	-0.4443727078025096	-0.32902541911369104	-0.13610218225984416	0.0	-0.0046025668323504965	0.04568965497518554	-0.19902012905322844	-0.3859921423001036	0.8535756106872816	0.9598969192682811	0.31198412517049157	-0.5838970454215873	-0.9598969192682811	
-0.7499701242155878	-0.5228292573804438	-0.47285058235966104	-0.44024482837023127	-0.32467563330796345	-0.13154100163473725	0.0046025668323504965	0.0	0.05028693132731424	-0.1945075267247442	-0.381742176500246	0.8559643642704617	0.9585964079298382	0.3163536610388764	-0.5801543695429369	-0.9585964079298382	
-0.7822846530153292	-0.5650342424076338	-0.5165622961448193	-0.4848393536552339	-0.3718275157226292	-0.18122455216819888	-0.04568965497518554	-0.05028693132731424	0.0	-0.2435879406340126	-0.4277378451341671	0.8288813137737594	0.9717037220063651	0.2682491530551303	-0.6203793997089575	-0.9717037220063651	
-0.6069852392324024	-0.3470382590940662	-0.2924307483883429	-0.2571926191915156	-0.13450449772110457	0.06378869503919182	0.19902012905322844	0.1945075267247442	0.2435879406340126	0.0	-0.19467404402751398	0.9401834872467654	0.8848986417656846	0.4948295082029336	-0.41064636304821744	-0.8848986417656846	
-0.44066237842060035	-0.15782347861897372	-0.10067176117226545	-0.06414676768057975	0.06097388118513303	0.256845865377405	0.3859921423001036	0.381742176500246	0.4277378451341671	0.19467404402751398	0.0	0.9885151985264562	0.7772927696610326	0.6545322387485318	-0.2252871128467534	-0.7772927696610326	
-0.9539568746733689	-0.9999769926171111	-0.9987069040629288	-0.9961732816250324	-0.9774614662250163	-0.9165379377941825	-0.8535756106872816	-0.8559643642704617	-0.8288813137737594	-0.9401834872467654	-0.9885151985264562	0.0	0.7393791528204321	-0.6484373088084318	-0.9971485858552571	-0.7393791528204321	
-0.4205167566823809	-0.6682583102990239	-0.7100073474807524	-0.7353346792000295	-0.8142075591084331	-0.912808211609382	-0.9598969192682811	-0.9585964079298382	-0.9717037220063651	-0.8848986417656846	-0.7772927696610326	-0.7393791528204321	0.0	-0.9994516274181097	-0.6155735312234911	-0.0	
-0.9207116460752434	-0.7656491397860061	-0.7273182979171269	-0.7016813566862878	-0.6072160582357753	-0.4383900088177484	-0.31198412517049157	-0.3163536610388764	-0.2682491530551303	-0.4948295082029336	-0.6545322387485318	0.6484373088084318	0.9994516274181097	0.0	-0.8080305357155991	-0.9994516274181097	
-0.22709987437813994	0.06869744760773522	0.1260588515924969	0.16232541904433762	0.28427432523196494	0.46797224559986067	0.5838970454215873	0.5801543695429369	0.6203793997089575	0.41064636304821744	0.2252871128467534	0.9971485858552571	0.6155735312234911	0.8080305357155991	0.0	-0.6155735312234911	
0.4205167566823809	0.6682583102990239	0.7100073474807524	0.7353346792000295	0.8142075591084331	0.912808211609382	0.9598969192682811	0.9585964079298382	0.9717037220063651	0.8848986417656846	0.7772927696610326	0.7393791528204321	0.0	0.9994516274181097	0.6155735312234911	0.0	
