0.0	0.31130348187966844	0.5448871959194158	0.5448871959194158	0.5983401494826817	0.8333172487805108	0.9746804257191268	0.9847610161388629	0.9944097407358727	0.9897433167023598	0.9998263798076228	0.9121134394389663	0.9092964412141487	0.9824861901778663	0.7837170013681127	0.0	
-0.31130348187966844	0.0	0.25678116826681796	0.25678116826681796	0.3191794696051704	0.6198231507460077	0.8566408621662289	0.8816890522745943	0.9121275047319727	0.8960915859346447	0.9443448594735919	0.9944061171326924	0.993662631123258	0.8756601292908942	0.9381307539886118	0.31130348187966844	
-0.5448871959194158	-0.25678116826681796	0.0	0.0	0.06512719825902563	0.39753336888475604	0.695440531489056	0.7309683457602746	0.776287184303737	0.7520679980389717	0.8282105777671815	0.9881855620151834	0.9892078316228556	0.7222920840788261	0.9955933254371753	0.5448871959194158	
-0.5448871959194158	-0.25678116826681796	0.0	0.0	0.06512719825902563	0.39753336888475604	0.695440531489056	0.7309683457602746	0.776287184303737	0.7520679980389717	0.8282105777671815	0.9881855620151834	0.9892078316228556	0.7222920840788261	0.9955933254371753	0.5448871959194158	
-0.5983401494826817	-0.3191794696051704	-0.06512719825902563	-0.06512719825902563	0.0	0.3369294765297	0.6471647505819308	0.6849729377540263	0.7335842584586845	0.7075469419038733	0.7899538716737922	0.9761060785990426	0.9775653313722844	0.6757174391704113	0.9995870167584565	0.5983401494826817	
-0.8333172487805108	-0.6198231507460077	-0.39753336888475604	-0.39753336888475604	-0.3369294765297	0.0	0.3524667098200027	0.39944628571291363	0.46171473340734914	0.42807987001466963	0.5371713874047035	0.8458201053159651	0.8494386995978598	0.3878369850474628	0.9508232803621305	0.8333172487805108	
-0.9746804257191268	-0.8566408621662289	-0.695440531489056	-0.695440531489056	-0.6471647505819308	-0.3524667098200027	0.0	0.05068537889372779	0.11943588535312812	0.08206898350340305	0.20540187104994956	0.6035092614313167	0.608933211454752	0.03806886614494806	0.7806326914950745	0.9746804257191268	
-0.9847610161388629	-0.8816890522745943	-0.7309683457602746	-0.7309683457602746	-0.6849729377540263	-0.39944628571291363	-0.05068537889372779	0.0	0.06895980217248031	0.03144909835558146	0.15553321105390042	0.562319262603344	0.5679457992754909	-0.012628702879495274	0.7479514619473702	0.9847610161388629	
-0.9944097407358727	-0.9121275047319727	-0.776287184303737	-0.776287184303737	-0.7335842584586845	-0.46171473340734914	-0.11943588535312812	-0.06895980217248031	0.0	-0.03755145966700614	0.08704234765268076	0.5039563728258165	0.5098353042810781	-0.08155294244178742	0.7003986131466515	0.9944097407358727	
-0.9897433167023598	-0.8960915859346447	-0.7520679980389717	-0.7520679980389717	-0.7075469419038733	-0.42807987001466963	-0.08206898350340305	-0.03144909835558146	0.03755145966700614	0.0	0.12438989358968239	0.5360352187945058	0.5417801853690967	-0.04406904659128483	0.7267070445447947	0.9897433167023598	
-0.9998263798076228	-0.9443448594735919	-0.8282105777671815	-0.8282105777671815	-0.7899538716737922	-0.5371713874047035	-0.20540187104994956	-0.15553321105390042	-0.08704234765268076	-0.12438989358968239	0.0	0.42686265363307013	0.43302018472115233	-0.16799582796728024	0.635613687414773	0.9998263798076228	
-0.9121134394389663	-0.9944061171326924	-0.9881855620151834	-0.9881855620151834	-0.9761060785990426	-0.8458201053159651	-0.6035092614313167	-0.562319262603344	-0.5039563728258165	-0.5360352187945058	-0.42686265363307013	0.0	0.006820022290310368	-0.572717350052296	0.2452548488750707	0.9121134394389663	
-0.9092964412141487	-0.993662631123258	-0.9892078316228556	-0.9892078316228556	-0.9775653313722844	-0.8494386995978598	-0.608933211454752	-0.5679457992754909	-0.5098353042810781	-0.5417801853690967	-0.43302018472115233	-0.006820022290310368	0.0	-0.5782947637144	0.23863741552571954	0.9092964412141487	
-0.9824861901778663	-0.8756601292908942	-0.7222920840788261	-0.7222920840788261	-0.6757174391704113	-0.3878369850474628	-0.03806886614494806	0.012628702879495274	0.08155294244178742	0.04406904659128483	0.16799582796728024	0.572717350052296	0.5782947637144	0.0	0.7562741611752689	0.9824861901778663	
-0.7837170013681127	-0.9381307539886118	-0.9955933254371753	-0.9955933254371753	-0.9995870167584565	-0.9508232803621305	-0.7806326914950745	-0.7479514619473702	-0.7003986131466515	-0.7267070445447947	-0.635613687414773	-0.2452548488750707	-0.23863741552571954	-0.7562741611752689	0.0	0.7837170013681127	
-0.0	-0.31130348187966844	-0.5448871959194158	-0.5448871959194158	-0.5983401494826817	-0.8333172487805108	-0.9746804257191268	-0.9847610161388629	-0.9944097407358727	-0.9897433167023598	-0.9998263798076228	-0.9121134394389663	-0.9092964412141487	-0.9824861901778663	-0.7837170013681127	0.0	
