0.0	-0.20916913851193392	-0.778547077036224	0.09223292320129373	0.7524200902678364	0.9648357984599443	0.9978583752158756	0.9561010256483423	0.7785470863879871	0.9398098536314976	0.5319800206031892	0.8657849528545194	0.9939377180878848	0.8788612421469721	0.41074857187582803	0.44409863406089056	
0.20916913851193392	0.0	-0.6300535419642853	0.298470229248624	0.8735524332532055	0.9984739341068017	0.9621031610617988	0.8736572221689347	0.6300535535358073	0.9904934186515684	0.6973277568448916	0.9513049711410952	0.9949483107935317	0.9592102562338192	0.5923722794336799	0.6216858661636934	
0.778547077036224	0.6300535419642853	0.0	0.8331125989946676	0.9850246173723736	0.8101613453478661	0.5753162298443936	0.37189252448610516	1.4901161193847656e-08	0.855839585776753	0.9931034380614068	0.9329522983880512	0.7093786418630575	0.9229884681729044	0.9676193894717029	0.976271155571359	
-0.09223292320129373	-0.298470229248624	-0.8331125989946676	0.0	0.6884605605274284	0.9364794140483426	0.9996380562158191	0.9790532881209835	0.8331126072365508	0.9042880818617522	0.45161356944885434	0.8159396564349983	0.9795605073268421	0.8311128102404635	0.32490449565944934	0.3595669844175319	
-0.7524200902678364	-0.8735524332532055	-0.9850246173723736	-0.6884605605274284	0.0	0.43774532158594825	0.7064898075793231	0.850255122188358	0.9850246148032082	0.36193693535389027	-0.2867104236224275	0.19375506477759208	0.571965898840685	0.2199287586849868	-0.41546468166615613	-0.38163131385777493	
-0.9648357984599443	-0.9984739341068017	-0.8101613453478661	-0.9364794140483426	-0.43774532158594825	0.0	0.3254017608120337	0.5340471818437703	0.8101613366127017	-0.08265017826824661	-0.6771486464661133	-0.25524503195132175	0.1551813809456683	-0.2292898074020146	-0.771721105090815	-0.7477387434004814	
-0.9978583752158756	-0.9621031610617988	-0.5753162298443936	-0.9996380562158191	-0.7064898075793231	-0.3254017608120337	0.0	0.2298696796461035	0.5753162176562708	-0.4024404509223483	-0.879741076065228	-0.5559768220297482	-0.1747240755558374	-0.5335433772186913	-0.9366637079880926	-0.9231082081477862	
-0.9561010256483423	-0.8736572221689347	-0.37189252448610516	-0.9790532881209835	-0.850255122188358	-0.5340471818437703	-0.2298696796461035	0.0	0.37189251065371787	-0.6020969836944892	-0.965475107463723	-0.7321557223753108	-0.39637890758181726	-0.7136733428912772	-0.9920884557520682	-0.9867828339110032	
-0.7785470863879871	-0.6300535535358073	-1.4901161193847656e-08	-0.8331126072365508	-0.9850246148032082	-0.8101613366127017	-0.5753162176562708	-0.37189251065371787	0.0	-0.8558395780692564	-0.9931034398084406	-0.9329522930236328	-0.7093786313603079	-0.9229884624385261	-0.9676193932329612	-0.9762711587982305	
-0.9398098536314976	-0.9904934186515684	-0.855839585776753	-0.9042880818617522	-0.36193693535389027	0.08265017826824661	0.4024404509223483	0.6020969836944892	0.8558395780692564	0.0	-0.6140140402436367	-0.1744592351274944	0.23629940023400292	-0.148057091398555	-0.7165184555074035	-0.6903013018164246	
-0.5319800206031892	-0.6973277568448916	-0.9931034380614068	-0.45161356944885434	0.2867104236224275	0.6771486464661133	0.879741076065228	0.965475107463723	0.9931034398084406	0.6140140402436367	0.0	0.46689794503778614	0.7831353023111377	0.49038614118666224	-0.13722787868553432	-0.10059875817536706	
-0.8657849528545194	-0.9513049711410952	-0.9329522983880512	-0.8159396564349983	-0.19375506477759208	0.25524503195132175	0.5559768220297482	0.7321557223753108	0.9329522930236328	0.1744592351274944	-0.46689794503778614	0.0	0.4021942073628614	0.026749941059612037	-0.5838330098599356	-0.5534900171764754	
-0.9939377180878848	-0.9949483107935317	-0.7093786418630575	-0.9795605073268421	-0.571965898840685	-0.1551813809456683	0.1747240755558374	0.39637890758181726	0.7093786313603079	-0.23629940023400292	-0.7831353023111377	-0.4021942073628614	0.0	-0.37755925904430976	-0.8610617953080315	-0.8417199910568478	
-0.8788612421469721	-0.9592102562338192	-0.9229884681729044	-0.8311128102404635	-0.2199287586849868	0.2292898074020146	0.5335433772186913	0.7136733428912772	0.9229884624385261	0.148057091398555	-0.49038614118666224	-0.026749941059612037	0.37755925904430976	0.0	-0.6053416643612796	-0.5755707981000031	
-0.41074857187582803	-0.5923722794336799	-0.9676193894717029	-0.32490449565944934	0.41546468166615613	0.771721105090815	0.9366637079880926	0.9920884557520682	0.9676193932329612	0.7165184555074035	0.13722787868553432	0.5838330098599356	0.8610617953080315	0.6053416643612796	0.0	0.036884688270918786	
-0.44409863406089056	-0.6216858661636934	-0.976271155571359	-0.3595669844175319	0.38163131385777493	0.7477387434004814	0.9231082081477862	0.9867828339110032	0.9762711587982305	0.6903013018164246	0.10059875817536706	0.5534900171764754	0.8417199910568478	0.5755707981000031	-0.036884688270918786	0.0	
