0.0	0.034144770488246934	-0.6219206540972857	-0.5135911962689836	-0.1045635054943243	0.5244650007958567	0.9450119546583682	0.621920677434896	0.982751490807275	0.9836681035732437	0.9239307496425596	0.9976026676027034	0.9784974106559428	0.9188622943042742	0.7539369001166918	0.9808951240474969	
-0.034144770488246934	0.0	-0.6482961063882279	-0.542589128447334	-0.13846013031745041	0.4950872333749075	0.955627477521094	0.6482961290793674	0.9758640162224319	0.989240304089106	0.9364544183446039	0.999383849415157	0.9849695159071528	0.9048537156125721	0.7310659784132745	0.9736807304919195	
0.6219206540972857	0.6482961063882279	0.0	0.13144656676291874	0.5366297992091233	0.9402213421866498	0.5366299008627874	2.9802322387695312e-08	0.8845857601801786	0.6583504362423239	0.4855901193468524	0.7381648037575788	0.6379652148444025	0.9649393613474619	0.9989619153172102	0.8891063689000979	
0.5135911962689836	0.542589128447334	-0.13144656676291874	0.0	0.42105664926592196	0.8872973167842023	0.6428906438361163	0.13144659630665398	0.9382141666739496	0.7515794500204499	0.596285607843702	0.8204364767335773	0.7336521790699226	0.9910679936017219	0.9843063711715528	0.9415549976777333	
0.1045635054943243	0.13846013031745041	-0.5366297992091233	-0.42105664926592196	0.0	0.6106187100348394	0.9056355908992222	0.5366298243568529	0.9967012979797436	0.9594552656114275	0.8788641672778966	0.9848980166266201	0.9515663201658879	0.9550837824600793	0.818496642125079	0.9958595651583838	
-0.5244650007958567	-0.4950872333749075	-0.9402213421866498	-0.8872973167842023	-0.6106187100348394	0.0	0.9761322493613058	0.940221352336247	0.7397561912035784	0.9319259277235479	0.9873034174721061	0.8856848716685966	0.9412996947524089	0.575406226438719	0.29738038320714133	0.7331375065285466	
-0.9450119546583682	-0.955627477521094	-0.5366299008627874	-0.6428906438361163	-0.9056355908992222	-0.9761322493613058	0.0	0.5366298757150594	-0.49615699554801346	-0.15160023240907428	0.05936512719873899	-0.2608550501966314	-0.125086352570617	-0.6733821225194363	-0.8673869644026684	-0.5046278690560947	
-0.621920677434896	-0.6482961290793674	-2.9802322387695312e-08	-0.13144659630665398	-0.5366298243568529	-0.940221352336247	-0.5366298757150594	0.0	-0.8845857462810437	-0.6583504138097708	-0.4855900932940609	-0.738164783652323	-0.6379651918946714	-0.9649393535251591	-0.9989619166748002	-0.8891063552595557	
-0.982751490807275	-0.9758640162224319	-0.8845857601801786	-0.9382141666739496	-0.9967012979797436	-0.7397561912035784	0.49615699554801346	0.8845857462810437	0.0	0.35879806049770285	0.5468246931123883	0.2524961209928349	0.3836560311929748	-0.2178462701024805	-0.5061891151967162	-0.009783805249337696	
-0.9836681035732437	-0.989240304089106	-0.6583504362423239	-0.7515794500204499	-0.9594552656114275	-0.9319259277235479	0.15160023240907428	0.6583504138097708	-0.35879806049770285	0.0	0.21001183899035114	-0.11148853276891019	0.02676895199725865	-0.5535218633921484	-0.7819201412386225	-0.3679132401195691	
-0.9239307496425596	-0.9364544183446039	-0.4855901193468524	-0.596285607843702	-0.8788641672778966	-0.9873034174721061	-0.05936512719873899	0.4855900932940609	-0.5468246931123883	-0.21001183899035114	0.0	-0.31770477595788194	-0.1837646073066137	-0.7160828208563941	-0.8953993058552248	-0.5549899835339435	
-0.9976026676027034	-0.999383849415157	-0.7381648037575788	-0.8204364767335773	-0.9848980166266201	-0.8856848716685966	0.2608550501966314	0.738164783652323	-0.2524961209928349	0.11148853276891019	0.31770477595788194	0.0	0.13805064742906076	-0.4572195406702845	-0.7075458657542602	-0.26195082535805353	
-0.9784974106559428	-0.9849695159071528	-0.6379652148444025	-0.7336521790699226	-0.9515663201658879	-0.9412996947524089	0.125086352570617	0.6379651918946714	-0.3836560311929748	-0.02676895199725865	0.1837646073066137	-0.13805064742906076	0.0	-0.5756176180382078	-0.798327130235584	-0.39267277844009923	
-0.9188622943042742	-0.9048537156125721	-0.9649393613474619	-0.9910679936017219	-0.9550837824600793	-0.575406226438719	0.6733821225194363	0.9649393535251591	0.2178462701024805	0.5535218633921484	0.7160828208563941	0.4572195406702845	0.5756176180382078	0.0	-0.3061564932466345	0.2082870148880462	
-0.7539369001166918	-0.7310659784132745	-0.9989619153172102	-0.9843063711715528	-0.818496642125079	-0.29738038320714133	0.8673869644026684	0.9989619166748002	0.5061891151967162	0.7819201412386225	0.8953993058552248	0.7075458657542602	0.798327130235584	0.3061564932466345	0.0	0.49772711383988016	
-0.9808951240474969	-0.9736807304919195	-0.8891063689000979	-0.9415549976777333	-0.9958595651583838	-0.7331375065285466	0.5046278690560947	0.8891063552595557	0.009783805249337696	0.3679132401195691	0.5549899835339435	0.26195082535805353	0.39267277844009923	-0.2082870148880462	-0.49772711383988016	0.0	
