0.0	0.857183234512948	0.9531365449077925	0.9545903918232137	0.9712957034165023	0.9745848863510971	0.9470737355457963	0.8599415160338522	0.8706422148078545	0.8832925961966912	0.9588051234957445	0.8428770942955739	0.8276796906148919	0.9796068613845392	0.7762013801052788	1.4901161193847663e-08	
-0.857183234512948	0.0	0.7502089403303513	0.7469983454628875	0.29632579545288	0.3098975550711744	0.7629235407817443	0.8803797833068011	0.8700536314416412	0.8567723638132068	0.7372911884841488	0.8953469940193683	0.9073165157674953	0.33228029024720807	0.9401939078346877	0.8571832421872184	
-0.9531365449077925	-0.7502089403303513	0.0	-0.004842400184427886	-0.5205838817135261	-0.5083715970986347	0.01944406220273548	0.22630672599202972	0.20545938334755526	0.17961976135770047	-0.019324922643552234	0.2578841952719637	0.28449439458043013	-0.4878785781083044	0.3661060382072043	0.9531365403995888	
-0.9545903918232137	-0.7469983454628875	0.004842400184427886	0.0	-0.5164432858631249	-0.5041956628357609	0.024285318942059098	0.23102084204955303	0.21019606513402178	0.18438129934611558	-0.014483200172280775	0.2625597817474881	0.2891333601180739	-0.48364587115576296	0.3706079533456639	0.9545903873838386	
-0.9712957034165023	-0.29632579545288	0.5205838817135261	0.5164432858631249	0.0	0.014241438194371014	0.5370870084971547	0.7003009659422976	0.6849009447052226	0.6654784083781885	0.5039868434696985	0.7231598075689868	0.7419764702508782	0.0378677912834732	0.7970265681351976	0.9712957069611208	
-0.9745848863510971	-0.3098975550711744	0.5083715970986347	0.5041956628357609	-0.014241438194371014	0.0	0.5250195046398665	0.6900637272413164	0.6744546586188183	0.654780866264542	0.4916352404102894	0.7132501815797392	0.7323533937954477	0.023632727306874546	0.7883447035236644	0.9745848896892335	
-0.9470737355457963	-0.7629235407817443	-0.01944406220273548	-0.024285318942059098	-0.5370870084971547	-0.5250195046398665	0.0	0.2073243346839151	0.18639130485343025	0.16045797740135237	-0.03876170034198978	0.23904905831277118	0.26580002097535727	-0.5047592884557096	0.3479427025077878	0.947073730762284	
-0.8599415160338522	-0.8803797833068011	-0.22630672599202972	-0.23102084204955303	-0.7003009659422976	-0.6900637272413164	-0.2073243346839151	0.0	-0.021349654100511484	-0.04766637675306917	-0.2450880232072498	0.03254158114631556	0.0601582851185532	-0.6727668444610868	0.14601285537361647	0.8599415084284102	
-0.8706422148078545	-0.8700536314416412	-0.20545938334755526	-0.21019606513402178	-0.6849009447052226	-0.6744546586188183	-0.18639130485343025	0.021349654100511484	0.0	-0.026330125953500705	-0.22433365294578045	0.053872510898995474	0.08145555992966902	-0.6568178618365598	0.1671004179833493	0.8706422074777234	
-0.8832925961966912	-0.8567723638132068	-0.17961976135770047	-0.18438129934611558	-0.6654784083781885	-0.654780866264542	-0.16045797740135237	0.04766637675306917	0.026330125953500705	0.0	-0.1985968427873907	0.08014572333496495	0.10766994973780986	-0.6367359323222708	0.19300240589253115	0.8832925892106974	
-0.9588051234957445	-0.7372911884841488	0.019324922643552234	0.014483200172280775	-0.5039868434696985	-0.4916352404102894	0.03876170034198978	0.2450880232072498	0.22433365294578045	0.1985968427873907	0.0	0.27650731025754127	0.30296763949203553	-0.4709185225503383	0.3840209241348089	0.9588051192628515	
-0.8428770942955739	-0.8953469940193683	-0.2578841952719637	-0.2625597817474881	-0.7231598075689868	-0.7132501815797392	-0.23904905831277118	-0.03254158114631556	-0.053872510898995474	-0.08014572333496495	-0.27650731025754127	0.0	0.027643780768799586	-0.6964865726350373	0.113742701389341	0.8428770862771681	
-0.8276796906148919	-0.9073165157674953	-0.28449439458043013	-0.2891333601180739	-0.7419764702508782	-0.7323533937954477	-0.26580002097535727	-0.0601582851185532	-0.08145555992966902	-0.10766994973780986	-0.30296763949203553	-0.027643780768799586	0.0	-0.7160567446385873	0.0862348539347933	0.8276796822523487	
-0.9796068613845392	-0.33228029024720807	0.4878785781083044	0.48364587115576296	-0.0378677912834732	-0.023632727306874546	0.5047592884557096	0.6727668444610868	0.6568178618365598	0.6367359323222708	0.4709185225503383	0.6964865726350373	0.7160567446385873	0.0	0.7735848726111796	0.9796068643785384	
-0.7762013801052788	-0.9401939078346877	-0.3661060382072043	-0.3706079533456639	-0.7970265681351976	-0.7883447035236644	-0.3479427025077878	-0.14601285537361647	-0.1671004179833493	-0.19300240589253115	-0.3840209241348089	-0.113742701389341	-0.0862348539347933	-0.7735848726111796	0.0	0.7762013707103195	
-1.4901161193847663e-08	-0.8571832421872184	-0.9531365403995888	-0.9545903873838386	-0.9712957069611208	-0.9745848896892335	-0.947073730762284	-0.8599415084284102	-0.8706422074777234	-0.8832925892106974	-0.9588051192628515	-0.8428770862771681	-0.8276796822523487	-0.9796068643785384	-0.7762013707103195	0.0	
