0.0	0.6796654802356066	0.5310765381415683	-0.05500435380623725	0.7663577921556708	0.608462824105577	0.7698747091789028	0.9929886672608846	0.9219436341797569	0.7905294399612502	0.25145711509847585	-0.7146782358589412	0.7768450281218862	0.7146782567042758	0.9983117352423261	0.7520783089196473	
-0.6796654802356066	0.0	-0.18634033616193865	-0.7189834598467765	0.1255138496666733	-0.09304955204061581	0.1309610487275054	0.8087222197332076	0.4130153333416458	0.16362742403568428	-0.4733773896204351	-0.9996266719638902	0.14185328227891342	0.9996266727781624	0.7717611017419904	0.10371646288205508	
-0.5310765381415683	0.18634033616193865	0.0	-0.5768790500867889	0.308182238868152	0.09411208171165084	0.313402782243295	0.9041613215716635	0.5754861053268354	0.3445904114609357	-0.3009466096254392	-0.9770271911822598	0.3238247640388795	0.9770271975335718	0.8767400667727844	0.28723528064453885	
0.05500435380623725	0.7189834598467765	0.5768790500867889	0.0	0.8005331806778854	0.6511921670526759	0.8038127138744066	0.9849833542210074	0.9418524273762454	0.8230186575550428	0.3043134160167271	-0.675123314188526	0.8103047660532672	0.6751233361738448	0.9936055667884719	0.7871916746711887	
-0.7663577921556708	-0.1255138496666733	-0.308182238868152	-0.8005331806778854	0.0	-0.2172830090536217	0.0054925279563316914	0.7285006505068373	0.29544066915823053	0.03851123662578457	-0.5801939530183574	-0.9951508386391221	0.01648687254121811	0.9951508357077472	0.6858420774633867	-0.021940682192142263	
-0.608462824105577	0.09304955204061581	-0.09411208171165084	-0.6511921670526759	0.2172830090536217	0.0	0.22264103558798753	0.8599444482647896	0.49596592455193556	0.2547129725246226	-0.389360029506135	-0.9927474282500888	0.2333464553191909	0.9927474318328857	0.8275841801866517	0.19581421379493696	
-0.7698747091789028	-0.1309610487275054	-0.313402782243295	-0.8038127138744066	-0.0054925279563316914	-0.22264103558798753	0.0	0.7247270323539986	0.29018886522621123	0.03302220230177397	-0.5846587464342614	-0.9945955793731509	0.010994842428028201	0.9945955762789239	0.6818345427727901	-0.0274315570013592	
-0.9929886672608846	-0.8087222197332076	-0.9041613215716635	-0.9849833542210074	-0.7285006505068373	-0.8599444482647896	-0.7247270323539986	0.0	-0.4935909894573859	-0.7015782904909185	-0.9908070353776681	-0.610067451578187	-0.7171073829522169	0.610067427964332	-0.060333878710594646	-0.7433556386846217	
-0.9219436341797569	-0.4130153333416458	-0.5754861053268354	-0.9418524273762454	-0.29544066915823053	-0.49596592455193556	-0.29018886522621123	0.4935909894573859	0.0	-0.25842936459589194	-0.794924754677002	-0.9216686666813703	-0.27964959702547404	0.9216686551187266	0.44021976906180205	-0.3163308230236853	
-0.7905294399612502	-0.16362742403568428	-0.3445904114609357	-0.8230186575550428	-0.03851123662578457	-0.2547129725246226	-0.03302220230177397	0.7015782904909185	0.25842936459589194	0.0	-0.6111301144233234	-0.9906246145921361	-0.02203136022842829	0.9906246105207771	0.6573067294322664	-0.06042637185352691	
-0.25145711509847585	0.4733773896204351	0.3009466096254392	-0.3043134160167271	0.5801939530183574	0.389360029506135	0.5846587464342614	0.9908070353776681	0.794924754677002	0.6111301144233234	0.0	-0.8675970370196849	0.5935432950651173	0.8675970518394234	0.9808399026159591	0.5621840748460836	
0.7146782358589412	0.9996266719638902	0.9770271911822598	0.675123314188526	0.9951508386391221	0.9927474282500888	0.9945955793731509	0.610067451578187	0.9216686666813703	0.9906246145921361	0.8675970370196849	0.0	0.9933939212702569	2.9802322387695312e-08	0.6567615801681246	0.9970693789606397	
-0.7768450281218862	-0.14185328227891342	-0.3238247640388795	-0.8103047660532672	-0.01648687254121811	-0.2333464553191909	-0.010994842428028201	0.7171073829522169	0.27964959702547404	0.02203136022842829	-0.5935432950651173	-0.9933939212702569	0.0	0.993393917850316	0.6737505312844676	-0.038420603791238336	
-0.7146782567042758	-0.9996266727781624	-0.9770271975335718	-0.6751233361738448	-0.9951508357077472	-0.9927474318328857	-0.9945955762789239	-0.610067427964332	-0.9216686551187266	-0.9906246105207771	-0.8675970518394234	-2.9802322387695312e-08	-0.993393917850316	0.0	-0.6567615576942439	-0.9970693766806831	
-0.9983117352423261	-0.7717611017419904	-0.8767400667727844	-0.9936055667884719	-0.6858420774633867	-0.8275841801866517	-0.6818345427727901	0.060333878710594646	-0.44021976906180205	-0.6573067294322664	-0.9808399026159591	-0.6567615801681246	-0.6737505312844676	0.6567615576942439	0.0	-0.7016443178632338	
-0.7520783089196473	-0.10371646288205508	-0.28723528064453885	-0.7871916746711887	0.021940682192142263	-0.19581421379493696	0.0274315570013592	0.7433556386846217	0.3163308230236853	0.06042637185352691	-0.5621840748460836	-0.9970693789606397	0.038420603791238336	0.9970693766806831	0.7016443178632338	0.0	
