0.0	-0.6074675227894343	-0.9959440958054135	-0.8878390031221615	-0.8622829976520331	-0.8045903328190711	-0.0	-0.9319962958982662	-0.9850556119592287	-0.6074675227894343	-0.6693683600024187	-0.9850556119592287	-0.9841428138075096	-0.8652820450150402	-0.9802134618220968	-0.9998380780756752	
0.6074675227894343	0.0	-0.8457791388994459	-0.984778785506552	-0.9925875603045988	-0.9998545243560591	-0.6074675227894343	-0.9605135610031851	-0.677845390619967	0.0	-0.08040282423554329	-0.677845390619967	-0.8894997642781892	-0.9918466044489587	-0.8988713427176005	-0.7832845557152315	
0.9959440958054135	0.8457791388994459	0.0	-0.37840526601674995	-0.4267894813915226	-0.5190293793656922	-0.9959440958054135	-0.2771420349301588	0.2601676084152654	0.8457791388994459	0.800143314351956	0.2601676084152654	-0.08811100977250055	-0.4213990988886952	-0.1089465798712027	0.10788158651287483	
0.8878390031221615	0.984778785506552	0.37840526601674995	0.0	-0.052842243671192946	-0.1569900444219236	-0.8878390031221615	0.10704897866195073	0.6061958532889058	0.984778785506552	0.9676155107076398	0.6061958532889058	0.29537444261758583	-0.046897485157247454	0.27530753388907436	0.47605631292919875	
0.8622829976520331	0.9925875603045988	0.4267894813915226	0.052842243671192946	0.0	-0.10458369969873282	-0.8622829976520331	0.15943801644997524	0.6473751707165438	0.9925875603045988	0.9796025248655938	0.6473751707165438	0.3454462724728483	0.005952138354675007	0.32572311329023207	0.5218614526821194	
0.8045903328190711	0.9998545243560591	0.5190293793656922	0.1569900444219236	0.10458369969873282	0.0	-0.8045903328190711	0.26180953128471035	0.7235357371908765	0.9998545243560591	0.9952460426555337	0.7235357371908765	0.4416972489044057	0.11050134444235249	0.4228171255303304	0.6082126710509638	
0.0	0.6074675227894343	0.9959440958054135	0.8878390031221615	0.8622829976520331	0.8045903328190711	0.0	0.9319962958982662	0.9850556119592287	0.6074675227894343	0.6693683600024187	0.9850556119592287	0.9841428138075096	0.8652820450150402	0.9802134618220968	0.9998380780756752	
0.9319962958982662	0.9605135610031851	0.2771420349301588	-0.10704897866195073	-0.15943801644997524	-0.26180953128471035	-0.9319962958982662	0.0	0.5175747979675804	0.9605135610031851	0.9350331193234597	0.5175747979675804	0.19140452576358652	-0.15355919389376466	0.17081334715578644	0.3791803176249389	
0.9850556119592287	0.677845390619967	-0.2601676084152654	-0.6061958532889058	-0.6473751707165438	-0.7235357371908765	-0.9850556119592287	-0.5175747979675804	0.0	0.677845390619967	0.616538317150026	0.0	-0.34423250090349317	-0.6428271528366887	-0.36381382602762957	-0.15448268632936563	
0.6074675227894343	0.0	-0.8457791388994459	-0.984778785506552	-0.9925875603045988	-0.9998545243560591	-0.6074675227894343	-0.9605135610031851	-0.677845390619967	0.0	-0.08040282423554329	-0.677845390619967	-0.8894997642781892	-0.9918466044489587	-0.8988713427176005	-0.7832845557152315	
0.6693683600024187	0.08040282423554329	-0.800143314351956	-0.9676155107076398	-0.9796025248655938	-0.9952460426555337	-0.6693683600024187	-0.9350331193234597	-0.616538317150026	0.08040282423554329	0.0	-0.616538317150026	-0.8498810510650909	-0.9783891196113651	-0.8607276705805006	-0.7307651463906819	
0.9850556119592287	0.677845390619967	-0.2601676084152654	-0.6061958532889058	-0.6473751707165438	-0.7235357371908765	-0.9850556119592287	-0.5175747979675804	0.0	0.677845390619967	0.616538317150026	0.0	-0.34423250090349317	-0.6428271528366887	-0.36381382602762957	-0.15448268632936563	
0.9841428138075096	0.8894997642781892	0.08811100977250055	-0.29537444261758583	-0.3454462724728483	-0.4416972489044057	-0.9841428138075096	-0.19140452576358652	0.34423250090349317	0.8894997642781892	0.8498810510650909	0.34423250090349317	0.0	-0.33985443722948794	-0.02093631142874966	0.19505877046235204	
0.8652820450150402	0.9918466044489587	0.4213990988886952	0.046897485157247454	-0.005952138354675007	-0.11050134444235249	-0.8652820450150402	0.15355919389376466	0.6428271528366887	0.9918466044489587	0.9783891196113651	0.6428271528366887	0.33985443722948794	0.0	0.3200898036794392	0.5167748542319579	
0.9802134618220968	0.8988713427176005	0.1089465798712027	-0.27530753388907436	-0.32572311329023207	-0.4228171255303304	-0.9802134618220968	-0.17081334715578644	0.36381382602762957	0.8988713427176005	0.8607276705805006	0.36381382602762957	0.02093631142874966	-0.3200898036794392	0.0	0.21555017326587933	
0.9998380780756752	0.7832845557152315	-0.10788158651287483	-0.47605631292919875	-0.5218614526821194	-0.6082126710509638	-0.9998380780756752	-0.3791803176249389	0.15448268632936563	0.7832845557152315	0.7307651463906819	0.15448268632936563	-0.19505877046235204	-0.5167748542319579	-0.21555017326587933	0.0	
