0.0	-0.24457572280825024	-0.30724954458477605	-0.46273005015706276	-0.8387405486774021	-0.986074046109124	0.11501624466252863	0.8158369862460332	0.15987284440440475	-0.31969849796497973	0.03514930117167628	0.24612416174339022	-0.17269254713836144	0.08827145665388153	0.9860740461091237	0.6854265121034238	
0.24457572280825024	0.0	-0.06517309009226874	-0.2318608368085084	-0.6800890358396514	-0.9968017933634776	0.35447584693290224	0.9324939019032035	0.3964474333885769	-0.07824909337077968	0.27850641648086294	0.4757015787072083	0.07345325474247776	0.3292116805105547	0.9968017933634774	0.8426960525181935	
0.30724954458477605	0.06517309009226874	0.0	-0.16797083863217846	-0.630862832272232	-0.9894743502290705	0.4146633087556413	0.9540509851239873	0.4554372150669183	-0.013109474870581506	0.3405087802644813	0.5320169138409406	0.13829412671234545	0.39005185885342303	0.9894743502290703	0.875992972951894	
0.46273005015706276	0.2318608368085084	0.16797083863217846	0.0	-0.4915718813107186	-0.9511090785412658	0.561621006858452	0.9908273024239557	0.5985053936229661	0.1550331894310926	0.49360394522477935	0.6666845727864898	0.30268607975992573	0.539176342258025	0.9511090785412656	0.9445631779364511	
0.8387405486774021	0.6800890358396514	0.630862832272232	0.4915718813107186	0.0	-0.676436458630647	0.8958042805529106	0.9292772599528267	0.9150081072012253	0.6206370525666516	0.8573621609592552	0.9469617696122083	0.732102634754346	0.8835330555843832	0.6764364586306469	0.9839582234035205	
0.986074046109124	0.9968017933634776	0.9894743502290705	0.9511090785412658	0.676436458630647	0.0	0.9604020832096293	0.4345495236369002	0.9468028307951472	0.9874922712257829	0.9796191534148267	0.9148086002625659	0.9999790084789837	0.9675447130030884	0.0	0.6040106023894058	
-0.11501624466252863	-0.35447584693290224	-0.4146633087556413	-0.561621006858452	-0.8958042805529106	-0.9604020832096293	0.0	0.7439109565006952	0.04527500440447585	-0.4265569687934664	-0.08002913621751004	0.13301263571120925	-0.2848347073237832	-0.02688162078594003	0.960402083209629	0.5971296184210653	
-0.8158369862460332	-0.9324939019032035	-0.9540509851239873	-0.9908273024239557	-0.9292772599528267	-0.4345495236369002	-0.7439109565006952	0.0	-0.712891797974492	-0.9578971804635431	-0.7950066516848234	-0.6484113000559444	-0.9034446532657456	-0.7616065408458522	0.4345495236369001	-0.19767524148973298	
-0.15987284440440475	-0.3964474333885769	-0.4554372150669183	-0.5985053936229661	-0.9150081072012253	-0.9468028307951472	-0.04527500440447585	0.712891797974492	0.0	-0.4670690227774871	-0.12507685718563183	0.08800353320173765	-0.3279421887170025	-0.07211269843124116	0.9468028307951469	0.5602001909357853	
0.31969849796497973	0.07824909337077968	0.013109474870581506	-0.1550331894310926	-0.6206370525666516	-0.9874922712257829	0.4265569687934664	0.9578971804635431	0.4670690227774871	0.0	0.3528055895428803	0.5430714306151083	0.15126575128751332	0.40208945184296724	0.9874922712257826	0.8822407089679334	
-0.03514930117167628	-0.27850641648086294	-0.3405087802644813	-0.49360394522477935	-0.8573621609592552	-0.9796191534148267	0.08002913621751004	0.7950066516848234	0.12507685718563183	-0.3528055895428803	0.0	0.21190402564738176	-0.20720704593060799	0.053204816951195194	0.9796191534148265	0.6594092923409175	
-0.24612416174339022	-0.4757015787072083	-0.5320169138409406	-0.6666845727864898	-0.9469617696122083	-0.9148086002625659	-0.13301263571120925	0.6484113000559444	-0.08800353320173765	-0.5430714306151083	-0.21190402564738176	0.0	-0.4098065699435094	-0.15960732802315553	0.9148086002625657	0.4851283398143855	
0.17269254713836144	-0.07345325474247776	-0.13829412671234545	-0.30268607975992573	-0.732102634754346	-0.9999790084789837	0.2848347073237832	0.9034446532657456	0.3279421887170025	-0.15126575128751332	0.20720704593060799	0.4098065699435094	0.0	0.2589636809406939	0.9999790084789835	0.8008731763093154	
-0.08827145665388153	-0.3292116805105547	-0.39005185885342303	-0.539176342258025	-0.8835330555843832	-0.9675447130030884	0.02688162078594003	0.7616065408458522	0.07211269843124116	-0.40208945184296724	-0.053204816951195194	0.15960732802315553	-0.2589636809406939	0.0	0.9675447130030882	0.6184767813704563	
-0.9860740461091237	-0.9968017933634774	-0.9894743502290703	-0.9511090785412656	-0.6764364586306469	-0.0	-0.960402083209629	-0.4345495236369001	-0.9468028307951469	-0.9874922712257826	-0.9796191534148265	-0.9148086002625657	-0.9999790084789835	-0.9675447130030882	0.0	-0.6040106023894057	
-0.6854265121034238	-0.8426960525181935	-0.875992972951894	-0.9445631779364511	-0.9839582234035205	-0.6040106023894058	-0.5971296184210653	0.19767524148973298	-0.5602001909357853	-0.8822407089679334	-0.6594092923409175	-0.4851283398143855	-0.8008731763093154	-0.6184767813704563	0.6040106023894057	0.0	
