0.0	0.0	0.898431104120655	0.5890201740835426	0.9999931919643614	0.6365711349028528	0.9308844205255469	0.0	0.471400962143671	0.8754024459404451	0.662482249142693	0.9884892157685927	0.9630359844134939	0.608755447103214	0.9650698287669107	0.8947863837144693	
0.0	0.0	0.898431104120655	0.5890201740835426	0.9999931919643614	0.6365711349028528	0.9308844205255469	0.0	0.471400962143671	0.8754024459404451	0.662482249142693	0.9884892157685927	0.9630359844134939	0.608755447103214	0.9650698287669107	0.8947863837144693	
-0.898431104120655	-0.898431104120655	0.0	0.46739133910678304	-0.43579631687194414	-0.9724138522206665	-0.08055554518284397	0.898431104120655	0.5853444646070571	0.04989503273521423	-0.9639001933841408	-0.5699848035271389	-0.1808701914757193	-0.9800907899675846	-0.6591586408082424	-0.7940582182032	
-0.5890201740835426	-0.5890201740835426	-0.46739133910678304	0.0	-0.8059393493811272	-0.9686877576962842	-0.5370875461645507	0.5890201740835426	0.13852032829043437	-0.42269945781714285	-0.9765858742461055	-0.8879299066899762	-0.619581031288336	-0.9592502612406937	-0.934209660715114	-0.9860875385480439	
-0.9999931919643614	-0.9999931919643614	0.43579631687194414	0.8059393493811272	0.0	-0.7735616819000004	0.36187639057632587	0.9999931919643614	0.8801735369649296	0.48016130874255275	-0.7515170655280102	-0.15493782763335834	0.265817349624469	-0.7955988305311948	-0.26555211104960424	-0.44979320057283956	
-0.6365711349028528	-0.6365711349028528	0.9724138522206665	0.9686877576962842	0.7735616819000004	0.0	0.9504630534263099	0.6365711349028528	0.9249570856031628	0.9828413088824087	0.034077043571416665	0.6660329658901838	0.9141856115686654	-0.03554560494742143	0.5775021628404879	0.4058498548074204	
-0.9308844205255469	-0.9308844205255469	0.08055554518284397	0.5370875461645507	-0.36187639057632587	-0.9504630534263099	0.0	0.9308844205255469	0.6487553709744469	0.13018809053414399	-0.9393186081143052	-0.5019435366694134	-0.10105544455293142	-0.9609113221897496	-0.5964383698757074	-0.7425126047992898	
-0.0	-0.0	-0.898431104120655	-0.5890201740835426	-0.9999931919643614	-0.6365711349028528	-0.9308844205255469	0.0	-0.471400962143671	-0.8754024459404451	-0.662482249142693	-0.9884892157685927	-0.9630359844134939	-0.608755447103214	-0.9650698287669107	-0.8947863837144693	
-0.471400962143671	-0.471400962143671	-0.5853444646070571	-0.13852032829043437	-0.8801735369649296	-0.9249570856031628	-0.6487553709744469	0.471400962143671	0.0	-0.5441612688550601	-0.9373715938209155	-0.9430863108787618	-0.7223371519553461	-0.9108626904019458	-0.9746170804797951	-0.9996070490581555	
-0.8754024459404451	-0.8754024459404451	-0.04989503273521423	0.42269945781714285	-0.48016130874255275	-0.9828413088824087	-0.13018809053414399	0.8754024459404451	0.5441612688550601	0.0	-0.9759848656360193	-0.6102713835496165	-0.229717024529179	-0.9887767060466561	-0.6958588969783134	-0.8233974747175531	
-0.662482249142693	-0.662482249142693	0.9639001933841408	0.9765858742461055	0.7515170655280102	-0.034077043571416665	0.9393186081143052	0.662482249142693	0.9373715938209155	0.9759848656360193	0.0	0.6402273129030299	0.8998433788104675	-0.06958046914071658	0.5493466259232034	0.3744697756025108	
-0.9884892157685927	-0.9884892157685927	0.5699848035271389	0.8879299066899762	0.15493782763335834	-0.6660329658901838	0.5019435366694134	0.9884892157685927	0.9430863108787618	0.6102713835496165	-0.6402273129030299	0.0	0.41197109153962996	-0.6921263295447624	-0.11297034431960551	-0.3059815527369788	
-0.9630359844134939	-0.9630359844134939	0.1808701914757193	0.619581031288336	-0.265817349624469	-0.9141856115686654	0.10105544455293142	0.9630359844134939	0.7223371519553461	0.229717024529179	-0.8998433788104675	-0.41197109153962996	0.0	-0.9280143804322438	-0.5122720303293367	-0.6710213510324761	
-0.608755447103214	-0.608755447103214	0.9800907899675846	0.9592502612406937	0.7955988305311948	0.03554560494742143	0.9609113221897496	0.608755447103214	0.9108626904019458	0.9887767060466561	0.06958046914071658	0.6921263295447624	0.9280143804322438	0.0	0.6061562597901096	0.4380799220034857	
-0.9650698287669107	-0.9650698287669107	0.6591586408082424	0.934209660715114	0.26555211104960424	-0.5775021628404879	0.5964383698757074	0.9650698287669107	0.9746170804797951	0.6958588969783134	-0.5493466259232034	0.11297034431960551	0.5122720303293367	-0.6061562597901096	0.0	-0.1964707715035468	
-0.8947863837144693	-0.8947863837144693	0.7940582182032	0.9860875385480439	0.44979320057283956	-0.4058498548074204	0.7425126047992898	0.8947863837144693	0.9996070490581555	0.8233974747175531	-0.3744697756025108	0.3059815527369788	0.6710213510324761	-0.4380799220034857	0.1964707715035468	0.0	
