0.0	0.612206830229629	0.758938087742325	0.8545435113082651	0.8080256716796497	0.8726354799155592	0.9045551675905905	0.9992485595117537	0.8592071021014391	0.7589380080393558	1.4901161193847656e-08	0.3860432345344829	0.9281954488887327	0.9940934839705137	0.9839771464283013	0.9995191443579191	
-0.612206830229629	0.0	0.20144426607836186	0.3577176914974687	0.27822402470056673	0.3910060938434143	0.4542112371391964	0.7663745338650727	0.9925951725756033	0.9987368750867944	0.6122068420119423	0.8699924624260928	0.9617198565283762	0.8524684668118597	0.8871816224921498	0.8093006047268997	
-0.758938087742325	-0.20144426607836186	0.0	0.1622698169373678	0.07902994294933224	0.19758355735138905	0.2654344052676934	0.6212572479510067	0.9477776291176199	0.9883845037806803	0.7589380974454066	0.9514827195085223	0.8868018961421373	0.7296820840818559	0.776043889899094	0.6743826310118582	
-0.8545435113082651	-0.3577176914974687	-0.1622698169373678	0.0	-0.08377976267719495	0.035894031063747556	0.1054674268396672	0.4858676553706683	0.8834631635775183	0.9506240949090633	0.8545435190476273	0.9888029487524147	0.8000556440606671	0.6090532680769267	0.6634183832834186	0.5456275282239096	
-0.8080256716796497	-0.27822402470056673	-0.07902994294933224	0.08377976267719495	0.0	0.11949361339631631	0.18840913721891966	0.5573857146495866	0.9196080396836439	0.9732825865480899	0.8080256804586281	0.9728243985191715	0.8475045261187522	0.6733602029364266	0.7237740950345171	0.613919033663344	
-0.8726354799155592	-0.3910060938434143	-0.19758355735138905	-0.035894031063747556	-0.11949361339631631	0.0	0.06970562243241263	0.4541820172387949	0.8660774852647414	0.9388719921539721	0.8726354871928707	0.993522128059182	0.778006334189528	0.5801921867378022	0.6361332171245258	0.5151957307082065	
-0.9045551675905905	-0.4542112371391964	-0.2654344052676934	-0.1054674268396672	-0.18840913721891966	-0.06970562243241263	0.0	0.3909759066267009	0.8291243200995757	0.9125909779052406	0.9045551739437988	0.9990267542030771	0.7323209097199044	0.5220071222605711	0.5808024782856713	0.4541997954065427	
-0.9992485595117537	-0.7663745338650727	-0.6212572479510067	-0.4858676553706683	-0.5573857146495866	-0.4541820172387949	-0.3909759066267009	0.0	0.544546119949198	0.6800898014514686	0.9992485600893185	0.9367504291517336	0.4077900057377756	0.1469764018493317	0.2162993368156949	0.0697255290713076	
-0.8592071021014391	-0.9925951725756033	-0.9477776291176199	-0.8834631635775183	-0.9196080396836439	-0.8660774852647414	-0.8291243200995757	-0.544546119949198	0.0	0.1711898789202536	0.8592070944775886	0.595091451936544	-0.15518577402478217	-0.4153586985959329	-0.3502381939938361	-0.4847398552527028	
-0.7589380080393558	-0.9987368750867944	-0.9883845037806803	-0.9506240949090633	-0.9732825865480899	-0.9388719921539721	-0.9125909779052406	-0.6800898014514686	-0.1711898789202536	0.0	0.7589379983362727	0.448728630865657	-0.32201089591475696	-0.5649513898375966	-0.5054148234857959	-0.6273168135431045	
-1.4901161193847656e-08	-0.6122068420119423	-0.7589380974454066	-0.8545435190476273	-0.8080256804586281	-0.8726354871928707	-0.9045551739437988	-0.9992485600893185	-0.8592070944775886	-0.7589379983362727	0.0	-0.38604322078844944	-0.9281954433441147	-0.9940934823533328	-0.9839771437715041	-0.9995191438958676	
-0.3860432345344829	-0.8699924624260928	-0.9514827195085223	-0.9888029487524147	-0.9728243985191715	-0.993522128059182	-0.9990267542030771	-0.9367504291517336	-0.595091451936544	-0.448728630865657	0.38604322078844944	0.0	-0.712598387537615	-0.8751358646775999	-0.8388704798231488	-0.9100667796755947	
-0.9281954488887327	-0.9617198565283762	-0.8868018961421373	-0.8000556440606671	-0.8475045261187522	-0.778006334189528	-0.7323209097199044	-0.4077900057377756	0.15518577402478217	0.32201089591475696	0.9281954433441147	0.712598387537615	0.0	-0.26916081857855934	-0.20063875424130612	-0.3431328427682888	
-0.9940934839705137	-0.8524684668118597	-0.7296820840818559	-0.6090532680769267	-0.6733602029364266	-0.5801921867378022	-0.5220071222605711	-0.1469764018493317	0.4153586985959329	0.5649513898375966	0.9940934823533328	0.8751358646775999	0.26916081857855934	0.0	0.07045328228045641	-0.0776503829427372	
-0.9839771464283013	-0.8871816224921498	-0.776043889899094	-0.6634183832834186	-0.7237740950345171	-0.6361332171245258	-0.5808024782856713	-0.2162993368156949	0.3502381939938361	0.5054148234857959	0.9839771437715041	0.8388704798231488	0.20063875424130612	-0.07045328228045641	0.0	-0.14769798717801796	
-0.9995191443579191	-0.8093006047268997	-0.6743826310118582	-0.5456275282239096	-0.613919033663344	-0.5151957307082065	-0.4541997954065427	-0.0697255290713076	0.4847398552527028	0.6273168135431045	0.9995191438958676	0.9100667796755947	0.3431328427682888	0.0776503829427372	0.14769798717801796	0.0	
