0.0	-0.04998967481937261	-0.024062124503491378	0.1770419885293027	0.18473713555606075	-0.1272527352065761	-0.33855978809476567	0.6060133023260902	0.9581752696915106	0.7123118280073495	0.33855978809476567	0.9956046235693027	0.9461598191846584	0.7653720751756679	0.9435815419301349	0.940944881427827	
0.04998967481937261	0.0	0.02594316060487012	0.2260206419476946	0.23363541606634786	-0.07751036051388252	-0.291098969868465	0.6450201371629096	0.9712834427942366	0.6763353393265548	0.291098969868465	0.9896780240136995	0.9611585188465385	0.7965879146351538	0.958955408661925	0.9566929443355995	
0.024062124503491378	-0.02594316060487012	0.0	0.20067275103054244	0.20833161417549528	-0.10334938385849637	-0.3158206303552129	0.6249781658211346	0.964783992138029	0.6952172707925223	0.3158206303552129	0.9930628006637556	0.9536747791882817	0.7806365692454894	0.9512762804405243	0.9488189128817132	
-0.1770419885293027	-0.2260206419476946	-0.20067275103054244	0.0	0.007824162091775333	-0.300845256512076	-0.49979841334809744	0.4556114433253669	0.8923730265777633	0.825318896256441	0.49979841334809744	0.99645838765861	0.8739051495456194	0.639339612232082	0.8700503360696425	0.8661417586138682	
-0.18473713555606075	-0.23363541606634786	-0.20833161417549528	-0.007824162091775333	0.0	-0.30829773976334024	-0.5065599484200181	0.4486325945563657	0.8888146787225385	0.8297116793182284	0.5065599484200181	0.9957699738192696	0.870075102320868	0.6333038527525748	0.8661666829326424	0.8622047428869251	
0.1272527352065761	0.07751036051388252	0.10334938385849637	0.300845256512076	0.30829773976334024	0.0	-0.21606959716937504	0.7023103731851407	0.9868030617401424	0.6172069606474537	0.21606959716937504	0.9755927079673269	0.9796595392653384	0.8410481894034677	0.9780490347413228	0.9763779643043282	
0.33855978809476567	0.291098969868465	0.3158206303552129	0.49979841334809744	0.5065599484200181	0.21606959716937504	0.0	0.8395340252294645	0.9984798419290911	0.4326235344294758	0.0	0.9051009421106593	0.9998759934162544	0.9380659725721977	0.999968999333811	1.0	
-0.6060133023260902	-0.6450201371629096	-0.6249781658211346	-0.4556114433253669	-0.4486325945563657	-0.7023103731851407	-0.8395340252294645	0.0	0.5887547243802235	0.9919500520480412	0.8395340252294645	0.8487149283506683	0.5564606768095594	0.218795745499195	0.5499007887691627	0.5433071143303876	
-0.9581752696915106	-0.9712834427942366	-0.964783992138029	-0.8923730265777633	-0.8888146787225385	-0.9868030617401424	-0.9984798419290911	-0.5887547243802235	0.0	0.8763587410241824	0.9984798419290911	0.37466294675528067	-0.039387261628362515	-0.3976344278127068	-0.04725433246590151	-0.05511810284522989	
-0.7123118280073495	-0.6763353393265548	-0.6952172707925223	-0.825318896256441	-0.8297116793182284	-0.6172069606474537	-0.4326235344294758	-0.9919500520480412	-0.8763587410241824	0.0	0.4326235344294758	-0.6320659540442538	-0.8946499324231443	-0.9956218288508727	-0.8981402247593698	-0.9015746654924084	
-0.33855978809476567	-0.291098969868465	-0.3158206303552129	-0.49979841334809744	-0.5065599484200181	-0.21606959716937504	-0.0	-0.8395340252294645	-0.9984798419290911	-0.4326235344294758	0.0	-0.9051009421106593	-0.9998759934162544	-0.9380659725721977	-0.999968999333811	-1.0	
-0.9956046235693027	-0.9896780240136995	-0.9930628006637556	-0.99645838765861	-0.9957699738192696	-0.9755927079673269	-0.9051009421106593	-0.8487149283506683	-0.37466294675528067	0.6320659540442538	0.9051009421106593	0.0	-0.41089055227949534	-0.7124408795167145	-0.4180567851841286	-0.4251967598540669	
-0.9461598191846584	-0.9611585188465385	-0.9536747791882817	-0.8739051495456194	-0.870075102320868	-0.9796595392653384	-0.9998759934162544	-0.5564606768095594	0.039387261628362515	0.8946499324231443	0.9998759934162544	0.41089055227949534	0.0	-0.36118632895242764	-0.007874402356848905	-0.015747945575798283	
-0.7653720751756679	-0.7965879146351538	-0.7806365692454894	-0.639339612232082	-0.6333038527525748	-0.8410481894034677	-0.9380659725721977	-0.218795745499195	0.3976344278127068	0.9956218288508727	0.9380659725721977	0.7124408795167145	0.36118632895242764	0.0	0.3538323005651214	0.3464566799791524	
-0.9435815419301349	-0.958955408661925	-0.9512762804405243	-0.8700503360696425	-0.8661666829326424	-0.9780490347413228	-0.999968999333811	-0.5499007887691627	0.04725433246590151	0.8981402247593698	0.999968999333811	0.4180567851841286	0.007874402356848905	-0.3538323005651214	0.0	-0.007874031453886321	
-0.940944881427827	-0.9566929443355995	-0.9488189128817132	-0.8661417586138682	-0.8622047428869251	-0.9763779643043282	-1.0	-0.5433071143303876	0.05511810284522989	0.9015746654924084	1.0	0.4251967598540669	0.015747945575798283	-0.3464566799791524	0.007874031453886321	0.0	
