0.0	0.303460122441617	0.24052002744367734	-0.4931245215737914	-0.8314794175602354	-0.058146202215574816	0.7759960588690269	0.996405005820055	0.8314794258386582	0.9396023414980044	0.6580900844190702	0.7232990675424251	0.7779490144216596	0.7895485519213816	0.6422200695159458	0.6399330469841018	
-0.303460122441617	0.0	-0.065373701925038	-0.7338685956239904	-0.9608592477915952	-0.3583509596831336	0.5479995403206951	0.9751270703799145	0.9608592519197682	0.7914298704863447	0.3985702579655816	0.47964146990716383	0.5505918471839947	0.5660868445249156	0.3793272830095078	0.3765683881000562	
-0.24052002744367734	0.065373701925038	0.0	-0.6878909445012441	-0.9406928922058057	-0.2965523589231497	0.6015109927983442	0.9875309848449716	0.9406928972611633	0.8296972120899349	0.4576743503735685	0.5359785524395062	0.6039863547867004	0.6187664249210096	0.43900368470992535	0.43632431912447006	
0.4931245215737914	0.7338685956239904	0.6878909445012441	0.0	-0.44939471615232407	0.4417053967749252	0.9861168063234936	0.825054937118793	0.4493947294640276	0.9861960515584518	0.9438040028767813	0.9697600402016532	0.9866271951869248	0.9894993127398585	0.9366949214157323	0.935647352862898	
0.8314794175602354	0.9608592477915952	0.9406928922058057	0.44939471615232407	0.0	0.7977691736523445	0.9555543854392115	0.48311743461295753	1.4901161193847656e-08	0.806590168598929	0.991659052671267	0.9759983801101074	0.9546352056955395	0.9489071104406267	0.9941347882647944	0.9944526474352666	
0.058146202215574816	0.3583509596831336	0.2965523589231497	-0.4417053967749252	-0.7977691736523445	0.0	0.8113581393808523	0.9897931623826143	0.7977691826371929	0.9579141969914349	0.7007572025667392	0.762227284529114	0.8131676380820594	0.823896329944422	0.6857037282553854	0.6835316555214019	
-0.7759960588690269	-0.5479995403206951	-0.6015109927983442	-0.9861168063234936	-0.9555543854392115	-0.8113581393808523	0.0	0.6942107472101685	0.9555543810461272	0.32704398965161074	-0.16919558976792212	-0.07964033631529283	0.0031022236352362675	0.02177853472797564	-0.1897442925261687	-0.19266923789715548	
-0.996405005820055	-0.9751270703799145	-0.9875309848449716	-0.825054937118793	-0.48311743461295753	-0.9897931623826143	-0.6942107472101685	0.0	0.4831174215661629	-0.4206384445241348	-0.8059841731092632	-0.7493285684366311	-0.6919745136545621	-0.6783705189597058	-0.8181719867961972	-0.8198817307743009	
-0.8314794258386582	-0.9608592519197682	-0.9406928972611633	-0.4493947294640276	-1.4901161193847656e-08	-0.7977691826371929	-0.9555543810461272	-0.4831174215661629	0.0	-0.8065901597906875	-0.9916590507506741	-0.9759983768649655	-0.9546352012583043	-0.9489071057384827	-0.9941347866532613	-0.9944526458678845	
-0.9396023414980044	-0.7914298704863447	-0.8296972120899349	-0.9861960515584518	-0.806590168598929	-0.9579141969914349	-0.32704398965161074	0.4206384445241348	0.8065901597906875	0.0	-0.4822202056296929	-0.40126603180655757	-0.3241107863318793	-0.30638550737710296	-0.50041284472276	-0.5029906007863809	
-0.6580900844190702	-0.3985702579655816	-0.4576743503735685	-0.9438040028767813	-0.991659052671267	-0.7007572025667392	0.16919558976792212	0.8059841731092632	0.9916590507506741	0.4822202056296929	0.0	0.09016604641589276	0.1722522729216674	0.1906200024597938	-0.020886747914234394	-0.023865927570856718	
-0.7232990675424251	-0.47964146990716383	-0.5359785524395062	-0.9697600402016532	-0.9759983801101074	-0.762227284529114	0.07964033631529283	0.7493285684366311	0.9759983768649655	0.40126603180655757	-0.09016604641589276	0.0	0.08273232302356542	0.10133080596834323	-0.11094804741208811	-0.11390907985134151	
-0.7779490144216596	-0.5505918471839947	-0.6039863547867004	-0.9866271951869248	-0.9546352056955395	-0.8131676380820594	-0.0031022236352362675	0.6919745136545621	0.9546352012583043	0.3241107863318793	-0.1722522729216674	-0.08273232302356542	0.0	0.018676942083137138	-0.19278924671290587	-0.1957124104162754	
-0.7895485519213816	-0.5660868445249156	-0.6187664249210096	-0.9894993127398585	-0.9489071104406267	-0.823896329944422	-0.02177853472797564	0.6783705189597058	0.9489071057384827	0.30638550737710296	-0.1906200024597938	-0.10133080596834323	-0.018676942083137138	0.0	-0.21108218477947915	-0.2139940273805505	
-0.6422200695159458	-0.3793272830095078	-0.43900368470992535	-0.9366949214157323	-0.9941347882647944	-0.6857037282553854	0.1897442925261687	0.8181719867961972	0.9941347866532613	0.50041284472276	0.020886747914234394	0.11094804741208811	0.19278924671290587	0.21108218477947915	0.0	-0.002979922469131896	
-0.6399330469841018	-0.3765683881000562	-0.43632431912447006	-0.935647352862898	-0.9944526474352666	-0.6835316555214019	0.19266923789715548	0.8198817307743009	0.9944526458678845	0.5029906007863809	0.023865927570856718	0.11390907985134151	0.1957124104162754	0.2139940273805505	0.002979922469131896	0.0	
