0.0	0.5349948447293025	0.5245475903129957	-0.15941116539271427	-0.4278518774933332	0.24903819777807557	0.8208135545874059	0.7810302727740996	0.7407993474144712	0.23830809160755928	-0.08771490360247339	0.6797774021868733	0.9995254073013109	0.9972901035705544	0.20068205296768105	-0.9972901035705544	
-0.5349948447293025	0.0	-0.012317690870862819	-0.6628328505435979	-0.8450274192193472	-0.3077378701507303	0.3878816735725287	0.3257569592674321	0.2664981223497916	-0.3182455735890843	-0.6070391743287658	0.18193844450635943	0.8279737388657662	0.8819250753717135	-0.3545638370849156	-0.8819250753717135	
-0.5245475903129957	0.012317690870862819	0.0	-0.6535594790011978	-0.8383767583636172	-0.2959945955749854	0.39920557540162394	0.33737804999516324	0.27835013127212116	-0.3065441563880207	-0.597204598015798	0.19403674927889608	0.8348182771278352	0.8876645990252128	-0.34301950508717627	-0.8876645990252128	
0.15941116539271427	0.6628328505435979	0.6535594790011978	0.0	-0.27829702538183654	0.40024226990827616	0.9013722716848221	0.8705938573814846	0.8384068954828436	0.3900791409314337	0.07220350440636589	0.7879996936633289	0.9916544458546366	0.9728092583356859	0.3542839591159649	-0.9728092583356859	
0.4278518774933332	0.8450274192193472	0.8383767583636172	0.27829702538183654	0.0	0.63946472465232	0.9862787699888491	0.9731238987336639	0.9569700413996889	0.6309197950590429	0.34692175758105503	0.9282105119996205	0.9165999663701844	0.8699227435779683	0.6005340871153709	-0.8699227435779683	
-0.24903819777807557	0.3077378701507303	0.2959945955749854	-0.40024226990827616	-0.63946472465232	0.0	0.6527030521086795	0.6009002177937524	0.55017394725092	-0.011063432862563172	-0.33302963818423126	0.47571088723437827	0.9603623526486871	0.9841907243190101	-0.04961257419328283	-0.9841907243190101	
-0.8208135545874059	-0.3878816735725287	-0.39920557540162394	-0.9013722716848221	-0.9862787699888491	-0.6527030521086795	0.0	-0.06647092396663024	-0.1282203375145965	-0.6610449154270317	-0.867752247375236	-0.2137135641438072	0.5456397997420736	0.6300350459561976	-0.6894864457872237	-0.6300350459561976	
-0.7810302727740996	-0.3257569592674321	-0.33737804999516324	-0.8705938573814846	-0.9731238987336639	-0.6009002177937524	0.06647092396663024	0.0	-0.062014507196196	-0.6097067096139618	-0.8327972428519728	-0.14830570304721125	0.6001369936294609	0.6802607429261984	-0.6398167554712744	-0.6802607429261984	
-0.7407993474144712	-0.2664981223497916	-0.27835013127212116	-0.8384068954828436	-0.9569700413996889	-0.55017394725092	0.1282203375145965	0.062014507196196	0.0	-0.5593787961413662	-0.7968644395093677	-0.08669152758317328	0.6485871117448623	0.7244061958397686	-0.5909254127381859	-0.7244061958397686	
-0.23830809160755928	0.3182455735890843	0.3065441563880207	-0.3900791409314337	-0.6309197950590429	0.011063432862563172	0.6610449154270317	0.6097067096139618	0.5593787961413662	0.0	-0.32257736438921747	0.48541318730579097	0.9633875601820644	0.9860899556240516	-0.038559729156760675	-0.9860899556240516	
0.08771490360247339	0.6070391743287658	0.597204598015798	-0.07220350440636589	-0.34692175758105503	0.33302963818423126	0.867752247375236	0.8327972428519728	0.7968644395093677	0.32257736438921747	0.0	0.741489013842989	0.9983749311623337	0.9869930397816471	0.28583901701764075	-0.9869930397816471	
-0.6797774021868733	-0.18193844450635943	-0.19403674927889608	-0.7879996936633289	-0.9282105119996205	-0.47571088723437827	0.2137135641438072	0.14830570304721125	0.08669152758317328	-0.48541318730579097	-0.741489013842989	0.0	0.7121297395471335	0.7814417851184481	-0.5187643719832564	-0.7814417851184481	
-0.9995254073013109	-0.8279737388657662	-0.8348182771278352	-0.9916544458546366	-0.9165999663701844	-0.9603623526486871	-0.5456397997420736	-0.6001369936294609	-0.6485871117448623	-0.9633875601820644	-0.9983749311623337	-0.7121297395471335	0.0	0.10425615299383675	-0.9730094383599448	-0.10425615299383675	
-0.9972901035705544	-0.8819250753717135	-0.8876645990252128	-0.9728092583356859	-0.8699227435779683	-0.9841907243190101	-0.6300350459561976	-0.6802607429261984	-0.7244061958397686	-0.9860899556240516	-0.9869930397816471	-0.7814417851184481	-0.10425615299383675	0.0	-0.99176570713785	-0.0	
-0.20068205296768105	0.3545638370849156	0.34301950508717627	-0.3542839591159649	-0.6005340871153709	0.04961257419328283	0.6894864457872237	0.6398167554712744	0.5909254127381859	0.038559729156760675	-0.28583901701764075	0.5187643719832564	0.9730094383599448	0.99176570713785	0.0	-0.99176570713785	
0.9972901035705544	0.8819250753717135	0.8876645990252128	0.9728092583356859	0.8699227435779683	0.9841907243190101	0.6300350459561976	0.6802607429261984	0.7244061958397686	0.9860899556240516	0.9869930397816471	0.7814417851184481	0.10425615299383675	0.0	0.99176570713785	0.0	
