0.0	0.6684179241958483	0.797460389053429	0.2421354275017819	0.665827997303273	0.9851681639770459	0.8675262386964702	0.5498033370763201	0.9419614818727942	0.8518287622703077	0.9550005890932424	0.1021065668561838	-0.1939058916358749	-0.5498033370763201	0.1630744805485056	0.6887645218506069	
-0.6684179241958483	0.0	0.1898356073647884	-0.4684305332308108	-0.003476655339506418	0.6180592750139122	0.9777191329332448	0.9672615461468176	0.9250195880163322	0.983709141806421	0.5120606167219753	-0.5889789896486581	-0.7999559120967437	-0.9672615461468176	-0.5381778214759826	0.02770029282518932	
-0.797460389053429	-0.1898356073647884	0.0	-0.6276323629767898	-0.19324789553421334	0.4575846668289248	0.9200903917200964	0.997849540441355	0.8360766973571533	0.9316950098745594	0.3396900854191802	-0.7316842631845588	-0.8993219487630346	-0.997849540441355	-0.6883909322275545	-0.16256617470916343	
-0.2421354275017819	0.4684305332308108	0.6276323629767898	0.0	0.46535607608680485	0.9143035712065326	0.9621468777748321	0.7356968455516	0.9952209666261165	0.9533158999093885	0.8547638099454727	-0.14180177170348318	-0.42567545943059376	-0.7356968455516	-0.08067235937794992	0.492724001802197	
-0.665827997303273	0.003476655339506418	0.19324789553421334	-0.46535607608680485	0.0	0.6207886479915045	0.9784430343078809	0.9663733892594796	0.9263348464445943	0.9843281860284225	0.5150437927608656	-0.5861657768408564	-0.7978648799363212	-0.9663733892594796	-0.535244334946992	0.03117544667003702	
-0.9851681639770459	-0.6180592750139122	-0.4575846668289248	-0.9143035712065326	-0.6207886479915045	0.0	0.6388744368974537	0.917246841228928	0.4923743165437514	0.6622178218942981	-0.1283346107378655	-0.9624985166466196	-0.9997424338694709	-0.917246841228928	-0.943998251179242	-0.5960460364455114	
-0.8675262386964702	-0.9777191329332448	-0.9200903917200964	-0.9621468777748321	-0.9784430343078809	-0.6388744368974537	0.0	0.45117211558506226	-0.17727681307076404	0.03073558048708641	-0.7323207672781513	-0.9137790137949742	-0.7546135808824106	-0.45117211558506226	-0.9370251728270965	-0.9715291836836747	
-0.5498033370763201	-0.9672615461468176	-0.997849540441355	-0.7356968455516	-0.9663733892594796	-0.917246841228928	-0.45117211558506226	0.0	-0.6022343932487626	-0.42352939159858155	-0.9607802054245683	-0.6322187876905414	-0.37739969007790153	-0.0	-0.678658695345641	-0.9739202067122762	
-0.9419614818727942	-0.9250195880163322	-0.8360766973571533	-0.9952209666261165	-0.9263348464445943	-0.4923743165437514	0.17727681307076404	0.6022343932487626	0.0	0.2074418192463397	-0.6000031711069844	-0.9713176035330696	-0.8589849069163561	-0.6022343932487626	-0.9840996825944041	-0.9141407542290201	
-0.8518287622703077	-0.983709141806421	-0.9316950098745594	-0.9533158999093885	-0.9843281860284225	-0.6622178218942981	-0.03073558048708641	0.42352939159858155	-0.2074418192463397	0.0	-0.7529044784029972	-0.9008621480864075	-0.7340893151693499	-0.42352939159858155	-0.9258477106290011	-0.9783520562099045	
-0.9550005890932424	-0.5120606167219753	-0.3396900854191802	-0.8547638099454727	-0.5150437927608656	0.1283346107378655	0.7323207672781513	0.9607802054245683	0.6000031711069844	0.7529044784029972	0.0	-0.9197240400358054	-0.9943880509242184	-0.9607802054245683	-0.8938481958672104	-0.4880709778413111	
-0.1021065668561838	0.5889789896486581	0.7316842631845588	0.14180177170348318	0.5861657768408564	0.9624985166466196	0.9137790137949742	0.6322187876905414	0.9713176035330696	0.9008621480864075	0.9197240400358054	0.0	-0.2930610339314149	-0.6322187876905414	0.06148242229040618	0.6111389285051728	
0.1939058916358749	0.7999559120967437	0.8993219487630346	0.42567545943059376	0.7978648799363212	0.9997424338694709	0.7546135808824106	0.37739969007790153	0.8589849069163561	0.7340893151693499	0.9943880509242184	0.2930610339314149	0.0	-0.37739969007790153	0.3512895699817232	0.8162707515278589	
0.5498033370763201	0.9672615461468176	0.997849540441355	0.7356968455516	0.9663733892594796	0.917246841228928	0.45117211558506226	0.0	0.6022343932487626	0.42352939159858155	0.9607802054245683	0.6322187876905414	0.37739969007790153	0.0	0.678658695345641	0.9739202067122762	
-0.1630744805485056	0.5381778214759826	0.6883909322275545	0.08067235937794992	0.535244334946992	0.943998251179242	0.9370251728270965	0.678658695345641	0.9840996825944041	0.9258477106290011	0.8938481958672104	-0.06148242229040618	-0.3512895699817232	-0.678658695345641	0.0	0.5613179825995847	
-0.6887645218506069	-0.02770029282518932	0.16256617470916343	-0.492724001802197	-0.03117544667003702	0.5960460364455114	0.9715291836836747	0.9739202067122762	0.9141407542290201	0.9783520562099045	0.4880709778413111	-0.6111389285051728	-0.8162707515278589	-0.9739202067122762	-0.5613179825995847	0.0	
