0.0	-0.9968145283991537	-2.980232238769532e-08	-0.9780034007015772	-0.794425130184102	-0.8036574873874168	-0.9972864009547986	-0.9891009249985654	-0.9413530268597234	-0.784892530966611	-0.8606467864184517	-0.7944252362776485	-0.7323005660393263	-0.9645764399589255	-0.9817484815658993	-0.7265473056168941	
0.9968145283991537	0.0	-0.9968145260222813	-0.12992422291656713	0.668786415975624	0.6572918609243591	0.006153164280639251	-0.06788475265819294	-0.2612712082758065	-0.5550593103234643	-0.4389398357007424	-0.5420681546891992	-0.6204079720105848	-0.1860337639981096	-0.11127912685747834	-0.6269821691627239	
2.980232238769532e-08	0.9968145260222813	0.0	0.978003394485142	0.7944251482849027	0.8036575051225442	0.9972863987607655	0.9891009206104973	0.9413530168037255	0.7848925125001407	0.8606467712430367	0.7944252181768515	0.7323005457444941	0.9645764320969681	0.981748475897977	0.726547285139228	
0.9780034007015772	0.12992422291656713	-0.978003394485142	0.0	0.7597104930722888	0.7496361945862031	0.13602277294112516	0.062315153262016754	-0.13364529297961422	-0.44228221837475756	-0.3184802970292754	-0.42829373473821075	-0.5132524756499461	-0.05680074659536008	0.01878137159910706	-0.5204524861401844	
0.794425130184102	-0.668786415975624	-0.7944251482849027	-0.7597104930722888	0.0	-0.01535495123912578	-0.6641991570130691	-0.717712870101235	-0.8397996887079637	-0.9689651385057323	-0.9272474362042715	-0.965007374474335	-0.9857604668826169	-0.7954193029979583	-0.747363689023382	-0.9871398659294581	
0.8036574873874168	-0.6572918609243591	-0.8036575051225442	-0.7496361945862031	0.01535495123912578	0.0	-0.6526421709138363	-0.7069360019453242	-0.8313645336930449	-0.9650551989196292	-0.9213884701219786	-0.9608671882488162	-0.9830622305664336	-0.7860195134060058	-0.7370735166520916	-0.9845688614116388	
0.9972864009547986	-0.006153164280639251	-0.9972863987607655	-0.13602277294112516	0.6641991570130691	0.6526421709138363	0.0	-0.07402243751236538	-0.2672056989604583	-0.5601670708906761	-0.444460245535981	-0.5472286092436187	-0.6252220262245083	-0.19207599287054403	-0.1173919683959228	-0.631763821588354	
0.9891009249985654	0.06788475265819294	-0.9891009206104973	-0.062315153262016754	0.717712870101235	0.7069360019453242	0.07402243751236538	0.0	-0.19514169471533618	-0.4973116139651298	-0.3769317085412541	-0.48377179385583596	-0.5657361927707614	-0.11890490319729943	-0.04355929134965428	-0.5726513238695514	
0.9413530268597234	0.2612712082758065	-0.9413530168037255	0.13364529297961422	0.8397996887079637	0.8313645336930449	0.2672056989604583	0.19514169471533618	0.0	-0.31845135968990435	-0.18893697051388664	-0.3036844349570631	-0.39394878128488586	0.07713832705488657	0.15223460812892714	-0.4016651632910608	
0.784892530966611	0.5550593103234643	-0.7848925125001407	0.44228221837475756	0.9689651385057323	0.9650551989196292	0.5601670708906761	0.4973116139651298	0.31845135968990435	0.0	0.1336150400317747	0.015537371717779414	-0.08074053292264172	0.39062494632123046	0.4590487663748462	-0.08912066660449891	
0.8606467864184517	0.4389398357007424	-0.8606467712430367	0.3184802970292754	0.9272474362042715	0.9213884701219786	0.444460245535981	0.3769317085412541	0.18893697051388664	-0.1336150400317747	0.0	-0.1182008581416108	-0.2131953650191365	0.26412301930319615	0.3362275375449211	-0.22140491313836197	
0.7944252362776485	0.5420681546891992	-0.7944252181768515	0.42829373473821075	0.965007374474335	0.9608671882488162	0.5472286092436187	0.48377179385583596	0.3036844349570631	-0.015537371717779414	0.1182008581416108	0.0	-0.096217431136644	0.3762748668478495	0.44518978052768565	-0.10458545462437763	
0.7323005660393263	0.6204079720105848	-0.7323005457444941	0.5132524756499461	0.9857604668826169	0.9830622305664336	0.6252220262245083	0.5657361927707614	0.39394878128488586	0.08074053292264172	0.2131953650191365	0.096217431136644	0.0	0.4636753068077142	0.5292808259265387	-0.008410448170693585	
0.9645764399589255	0.1860337639981096	-0.9645764320969681	0.05680074659536008	0.7954193029979583	0.7860195134060058	0.19207599287054403	0.11890490319729943	-0.07713832705488657	-0.39062494632123046	-0.26412301930319615	-0.3762748668478495	-0.4636753068077142	0.0	0.07554177748606822	-0.4711106081251495	
0.9817484815658993	0.11127912685747834	-0.981748475897977	-0.01878137159910706	0.747363689023382	0.7370735166520916	0.1173919683959228	0.04355929134965428	-0.15223460812892714	-0.4590487663748462	-0.3362275375449211	-0.44518978052768565	-0.5292808259265387	-0.07554177748606822	0.0	-0.5363979231055022	
0.7265473056168941	0.6269821691627239	-0.726547285139228	0.5204524861401844	0.9871398659294581	0.9845688614116388	0.631763821588354	0.5726513238695514	0.4016651632910608	0.08912066660449891	0.22140491313836197	0.10458545462437763	0.008410448170693585	0.4711106081251495	0.5363979231055022	0.0	
