0.0	0.11450349357223988	0.1798745656015483	-0.34094410064756553	-0.8916433226165357	-0.9776967964766399	-0.9899525862674764	-0.995235291345315	-0.9873339918259526	-0.995235291345315	-0.9996349078292582	-0.7961281016546246	-0.9487550816788521	-0.20871093156118503	0.7961280836204008	0.7961280836204008	
-0.11450349357223988	0.0	0.06605561215284983	-0.44634451173680423	-0.937618991182352	-0.995314513718416	-0.999632275520826	-0.9998538386545148	-0.9626735270497754	-0.9998538386545148	-0.9961539768013628	-0.7216025599370313	-0.9786994891325832	-0.31932003365100053	0.7216025393046581	0.7216025393046581	
-0.1798745656015483	-0.06605561215284983	0.0	-0.5044802745924207	-0.9585363713990676	-0.9995276286366397	-0.9992402298207239	-0.9965407598249114	-0.9426920340793672	-0.9965407598249114	-0.9881905307281642	-0.6742957397194626	-0.9901230453482246	-0.3812200189860636	0.6742957177115971	0.6742957177115971	
0.34094410064756553	0.44634451173680423	0.5044802745924207	0.0	-0.6838607044641198	-0.847511149933474	-0.8824287666006396	-0.9023614839707453	-0.9822691439064275	-0.9023614839707453	-0.9305282293055788	-0.9547418124958756	-0.7841665241992866	0.1372298989302591	0.9547418036315968	0.9547418036315968	
0.8916433226165357	0.937618991182352	0.9585363713990676	0.6838607044641198	0.0	-0.2553768712379605	-0.3221115842293902	-0.36364402283664443	-0.5884683254641678	-0.36364402283664443	-0.428481530004467	-0.899996324648925	-0.14776770299063485	0.7775155142083705	0.8999963376396819	0.8999963376396819	
0.9776967964766399	0.995314513718416	0.9995276286366397	0.847511149933474	0.2553768712379605	0.0	-0.06966515452826305	-0.11369290697811452	-0.3624782721261842	-0.11369290697811452	-0.18352785238483765	-0.7588357391151745	0.10970540799493406	0.9123315921443997	0.7588357585248922	0.7588357585248922	
0.9899525862674764	0.999632275520826	0.9992402298207239	0.8824287666006396	0.3221115842293902	0.06966515452826305	0.0	-0.04420324081601151	-0.29667022423597633	-0.04420324081601151	-0.1146001011750184	-0.7116204305572975	0.17868353703961404	0.9386395677913499	0.71162045149534	0.71162045149534	
0.995235291345315	0.9998538386545148	0.9965407598249114	0.9023614839707453	0.36364402283664443	0.11369290697811452	0.04420324081601151	0.0	-0.2541670362144714	0.0	-0.07057606949205597	-0.6798692519939415	0.22200074472629	0.9529677848964188	0.6798692738489781	0.6798692738489781	
0.9873339918259526	0.9626735270497754	0.9426920340793672	0.9822691439064275	0.5884683254641678	0.3624782721261842	0.29667022423597633	0.2541670362144714	0.0	0.2541670362144714	0.18527487017794386	-0.4711534111822378	0.46253499316771574	0.9987034570490501	0.47115343746941424	0.47115343746941424	
0.995235291345315	0.9998538386545148	0.9965407598249114	0.9023614839707453	0.36364402283664443	0.11369290697811452	0.04420324081601151	0.0	-0.2541670362144714	0.0	-0.07057606949205597	-0.6798692519939415	0.22200074472629	0.9529677848964188	0.6798692738489781	0.6798692738489781	
0.9996349078292582	0.9961539768013628	0.9881905307281642	0.9305282293055788	0.428481530004467	0.18352785238483765	0.1146001011750184	0.07057606949205597	-0.18527487017794386	0.07057606949205597	0.0	-0.6264181447818489	0.2902621129697938	0.9719810676339432	0.6264181680123776	0.6264181680123776	
0.7961281016546246	0.7216025599370313	0.6742957397194626	0.9547418124958756	0.899996324648925	0.7588357391151745	0.7116204305572975	0.6798692519939415	0.4711534111822378	0.6798692519939415	0.6264181447818489	0.0	0.825704681413049	0.9048921257943888	2.9802322387695312e-08	2.9802322387695312e-08	
0.9487550816788521	0.9786994891325832	0.9901230453482246	0.7841665241992866	0.14776770299063485	-0.10970540799493406	-0.17868353703961404	-0.22200074472629	-0.46253499316771574	-0.22200074472629	-0.2902621129697938	-0.825704681413049	0.0	0.8619057762693292	0.8257046982246171	0.8257046982246171	
0.20871093156118503	0.31932003365100053	0.3812200189860636	-0.1372298989302591	-0.7775155142083705	-0.9123315921443997	-0.9386395677913499	-0.9529677848964188	-0.9987034570490501	-0.9529677848964188	-0.9719810676339432	-0.9048921257943888	-0.8619057762693292	0.0	0.9048921131092987	0.9048921131092987	
-0.7961280836204008	-0.7216025393046581	-0.6742957177115971	-0.9547418036315968	-0.8999963376396819	-0.7588357585248922	-0.71162045149534	-0.6798692738489781	-0.47115343746941424	-0.6798692738489781	-0.6264181680123776	-2.9802322387695312e-08	-0.8257046982246171	-0.9048921131092987	0.0	0.0	
-0.7961280836204008	-0.7216025393046581	-0.6742957177115971	-0.9547418036315968	-0.8999963376396819	-0.7588357585248922	-0.71162045149534	-0.6798692738489781	-0.47115343746941424	-0.6798692738489781	-0.6264181680123776	-2.9802322387695312e-08	-0.8257046982246171	-0.9048921131092987	0.0	0.0	
