0.0	0.01360725323428219	0.42827820309855713	0.12811134310658406	-0.9062788211498263	-0.6634442231747404	-0.6481449843929014	0.17061762721197976	0.8198737332473118	0.9062788211498263	0.7892126239805219	-0.5435923385780207	-0.17560306570451856	0.16218127806196972	0.3754031308918375	0.5262622469972498	
-0.01360725323428219	0.0	0.4159423991755072	0.11460435555105414	-0.9119464340600049	-0.6735640967110226	-0.6584471313208148	0.15719409655471692	0.8120070706127542	0.9119464340600049	0.7807830693246232	-0.5549632506586683	-0.1889826186902836	0.14873915629363266	0.3627563339878759	0.5146429729477793	
-0.42827820309855713	-0.4159423991755072	0.0	-0.3089816789830125	-0.9999808687373472	-0.9199681147352256	-0.9118353426585336	-0.2678203992593043	0.49566810886522733	0.9999808687373472	0.45015533676096775	-0.8506905910370326	-0.5803063823291399	-0.27605360508391047	-0.05772274717585741	0.11138075067394385	
-0.12811134310658406	-0.11460435555105414	0.3089816789830125	0.0	-0.9529610449648025	-0.7538335092616839	-0.7403630949418318	0.04297881546721696	0.7397683737403286	0.9529610449648025	0.7040336030403753	-0.6466431997668015	-0.300276687440619	0.03442959593040651	0.2535682419143515	0.412989801834343	
0.9062788211498263	0.9119464340600049	0.9999808687373472	0.9529610449648025	0.0	0.39767629227075835	0.416188527869903	0.9651070631461025	0.8654293773581158	0.0	0.8901486805873242	0.5309187471904793	0.8179722324234426	0.9628314215749475	0.9986706050543019	0.9930698327379963	
0.6634442231747404	0.6735640967110226	0.9199681147352256	0.7538335092616839	-0.39767629227075835	0.0	0.020265264829125662	0.7813768507540185	0.9933018915743893	0.39767629227075835	0.9979436007041032	0.15013171102638206	0.5217442636891951	0.7760090796099188	0.8958072836211451	0.9579043917032619	
0.6481449843929014	0.6584471313208148	0.9118353426585336	0.7403630949418318	-0.416188527869903	-0.020265264829125662	0.0	0.7685696556326868	0.9954395174056391	0.416188527869903	0.9990376269509531	0.13006530132523142	0.5043487806909137	0.7630679741549785	0.8866165702854462	0.9518897727277954	
-0.17061762721197976	-0.15719409655471692	0.2678203992593043	-0.04297881546721696	-0.9651070631461025	-0.7813768507540185	-0.7685696556326868	0.0	0.7101660205895508	0.9651070631461025	0.6728609427353868	-0.6788296139826104	-0.3409946621623897	-0.008555552006333456	0.2117597804025356	0.37346585314352726	
-0.8198737332473118	-0.8120070706127542	-0.49566810886522733	-0.7397683737403286	-0.8654293773581158	-0.9933018915743893	-0.9954395174056391	-0.7101660205895508	0.0	0.8654293773581158	-0.05164164827805606	-0.9993912395228834	-0.9076743056411887	-0.716163430563997	-0.5449745573857568	-0.39584844533949803	
-0.9062788211498263	-0.9119464340600049	-0.9999808687373472	-0.9529610449648025	-0.0	-0.39767629227075835	-0.416188527869903	-0.9651070631461025	-0.8654293773581158	0.0	-0.8901486805873242	-0.5309187471904793	-0.8179722324234426	-0.9628314215749475	-0.9986706050543019	-0.9930698327379963	
-0.7892126239805219	-0.7807830693246232	-0.45015533676096775	-0.7040336030403753	-0.8901486805873242	-0.9979436007041032	-0.9990376269509531	-0.6728609427353868	0.05164164827805606	0.8901486805873242	0.0	-0.9962560742705332	-0.8847904534729407	-0.679165448452508	-0.5009483135437258	-0.34789691243530174	
0.5435923385780207	0.5549632506586683	0.8506905910370326	0.6466431997668015	-0.5309187471904793	-0.15013171102638206	-0.13006530132523142	0.6788296139826104	0.9993912395228834	0.5309187471904793	0.9962560742705332	0.0	0.3877531625669507	0.6725224631239353	0.8189292658008341	0.9039465852014241	
0.17560306570451856	0.1889826186902836	0.5803063823291399	0.300276687440619	-0.8179722324234426	-0.5217442636891951	-0.5043487806909137	0.3409946621623897	0.9076743056411887	0.8179722324234426	0.8847904534729407	-0.3877531625669507	0.0	0.3329394049791592	0.5323295057240569	0.6674038915933009	
-0.16218127806196972	-0.14873915629363266	0.27605360508391047	-0.03442959593040651	-0.9628314215749475	-0.7760090796099188	-0.7630679741549785	0.008555552006333456	0.716163430563997	0.9628314215749475	0.679165448452508	-0.6725224631239353	-0.3329394049791592	0.0	0.22011355714630332	0.38138869038208656	
-0.3754031308918375	-0.3627563339878759	0.05772274717585741	-0.2535682419143515	-0.9986706050543019	-0.8958072836211451	-0.8866165702854462	-0.2117597804025356	0.5449745573857568	0.9986706050543019	0.5009483135437258	-0.8189292658008341	-0.5323295057240569	-0.22011355714630332	0.0	0.16855862528938903	
-0.5262622469972498	-0.5146429729477793	-0.11138075067394385	-0.412989801834343	-0.9930698327379963	-0.9579043917032619	-0.9518897727277954	-0.37346585314352726	0.39584844533949803	0.9930698327379963	0.34789691243530174	-0.9039465852014241	-0.6674038915933009	-0.38138869038208656	-0.16855862528938903	0.0	
