0.0	0.05304049923407922	0.9922808528879008	0.9731121044643094	-0.8228532079610212	-0.5024567964465729	-0.31232582188861185	0.045578911163508595	0.4789233929407277	0.8228532164286655	0.9740228093645524	0.4448751313495334	0.6799760631314248	0.5498280852351648	0.15381921112683078	0.29363324296135496	
-0.05304049923407922	0.0	0.9843064793911299	0.9595253903952119	-0.8518354038834356	-0.5476084577332733	-0.36227333069594786	-0.007470623882996852	0.43168728461050887	0.851835411688806	0.9846627547184228	0.3967462292290369	0.6401277891191508	0.504750572482669	0.10119342466462194	0.24251753749377608	
-0.9922808528879008	-0.9843064793911299	0.0	-0.10787750741087165	-0.6659103404339975	-0.9202384562090917	-0.9813738585995566	-0.9855973336403032	-0.8116886618914582	0.6659103293172577	0.3454913884915352	-0.833510020197415	-0.6432499075124588	-0.7606455231761823	-0.9613964644086423	-0.9121255524648135	
-0.9731121044643094	-0.9595253903952119	0.10787750741087165	0.0	-0.7425042654605981	-0.9570868617982021	-0.9963708451050417	-0.9616025073841683	-0.7439415946839881	0.7425042554791843	0.4447097852191735	-0.7690430258191556	-0.5568989331981733	-0.6861759757714364	-0.9261016182489883	-0.8625823939462411	
0.8228532079610212	0.8518354038834356	0.6659103404339975	0.7425042654605981	0.0	0.42591771087351693	0.6042096162922622	0.8478984488560962	0.9944973301318176	1.4901161193847656e-08	0.3671573044778066	0.9897433184328864	0.9897433158624325	0.9997530572102091	0.9004688193945568	0.9534385823717036	
0.5024567964465729	0.5476084577332733	0.9202384562090917	0.9570868617982021	-0.42591771087351693	0.0	0.2072837869850238	0.5413422461278443	0.8551633401557193	0.4259177243555199	0.7283610764405144	0.8346366618110942	0.9563274426556593	0.8950736664512441	0.6294695087450672	0.734183556119931	
0.31232582188861185	0.36227333069594786	0.9813738585995566	0.9963708451050417	-0.6042096162922622	-0.2072837869850238	0.0	0.3553000626522818	0.7291425854293766	0.6042096281658861	0.8545712017480716	0.7023369687420127	0.874968297884014	0.7832017976601329	0.4547332464838841	0.5775021757494302	
-0.045578911163508595	0.007470623882996852	0.9855973336403032	0.9616025073841683	-0.8478984488560962	-0.5413422461278443	-0.3553000626522818	0.0	0.43841391519495176	0.847898456756076	0.9833318886266808	0.4035926551751673	0.645849370675619	0.51118561701993	0.10862287626670858	0.24975837343210788	
-0.4789233929407277	-0.43168728461050887	0.8116886618914582	0.7439415946839881	-0.9944973301318176	-0.8551633401557193	-0.7291425854293766	-0.43841391519495176	0.0	0.9944973316928918	0.963504612641205	-0.03838363578043755	0.24575847843578313	0.0826361687333946	-0.3381925047393621	-0.2000436567233222	
-0.8228532164286655	-0.851835411688806	-0.6659103293172577	-0.7425042554791843	-1.4901161193847656e-08	-0.4259177243555199	-0.6042096281658861	-0.847898456756076	-0.9944973316928918	0.0	-0.3671572906173594	-0.9897433205616236	-0.9897433137336947	-0.999753057541345	-0.9004688258753782	-0.9534385868657038	
-0.9740228093645524	-0.9846627547184228	-0.3454913884915352	-0.4447097852191735	-0.3671573044778066	-0.7283610764405144	-0.8545712017480716	-0.9833318886266808	-0.963504612641205	0.3671572906173594	0.0	-0.9730695654676466	-0.8681674686394238	-0.9380881988250286	-0.9972633202841086	-0.9975793113835189	
-0.4448751313495334	-0.3967462292290369	0.833510020197415	0.7690430258191556	-0.9897433184328864	-0.8346366618110942	-0.7023369687420127	-0.4035926551751673	0.03838363578043755	0.9897433205616236	0.9730695654676466	0.0	0.2827838249650798	0.12082762762890306	-0.30182132784086935	-0.16228845313302695	
-0.6799760631314248	-0.6401277891191508	0.6432499075124588	0.5568989331981733	-0.9897433158624325	-0.9563274426556593	-0.874968297884014	-0.645849370675619	-0.24575847843578313	0.9897433137336947	0.8681674686394238	-0.2827838249650798	0.0	-0.1648161232141471	-0.5590981505200531	-0.43469949522230095	
-0.5498280852351648	-0.504750572482669	0.7606455231761823	0.6861759757714364	-0.9997530572102091	-0.8950736664512441	-0.7832017976601329	-0.51118561701993	-0.0826361687333946	0.999753057541345	0.9380881988250286	-0.12082762762890306	0.1648161232141471	0.0	-0.4148028067433085	-0.2803253065722115	
-0.15381921112683078	-0.10119342466462194	0.9613964644086423	0.9261016182489883	-0.9004688193945568	-0.6294695087450672	-0.4547332464838841	-0.10862287626670858	0.3381925047393621	0.9004688258753782	0.9972633202841086	0.30182132784086935	0.5590981505200531	0.4148028067433085	0.0	0.14310013971736857	
-0.29363324296135496	-0.24251753749377608	0.9121255524648135	0.8625823939462411	-0.9534385823717036	-0.734183556119931	-0.5775021757494302	-0.24975837343210788	0.2000436567233222	0.9534385868657038	0.9975793113835189	0.16228845313302695	0.43469949522230095	0.2803253065722115	-0.14310013971736857	0.0	
