0.0	0.9485586929215624	0.48211816185803363	0.9936560538835973	-0.14035964588908845	0.6606047375276733	0.7788269884032839	0.9989297935770207	0.9034069400993889	0.7899573218900582	-0.12420483904343255	-0.48211816185803374	0.6414758587599538	0.988667635743846	0.9999275993349862	0.9977153662213664	
-0.9485586929215624	0.0	0.9836774085255567	0.2079162580312833	-0.9836065688705099	-0.5029668193540103	-0.348395158574184	0.3601354491665762	0.6927468361794694	-0.33151844022703825	-0.9805370404499553	-0.983677408525557	-0.5245882576539055	0.17061494218945011	0.3279925390149424	0.25179553814238076	
-0.48211816185803363	-0.9836774085255567	0.0	-0.9247680870497718	-0.3543755180928911	-0.9407023533200078	-0.9847383763015817	-0.8528695545248701	-0.5847557673850999	-0.9877029637262273	-0.3695682976655396	-0.0	-0.9318546585310767	-0.9385538946099997	-0.8702413838742257	-0.9066754332603211	
-0.9936560538835973	-0.2079162580312833	0.9247680870497718	0.0	-0.9996045331950871	-0.6716785105366873	-0.5356713879017448	0.15830019342659413	0.5276627591402724	-0.5204319765991121	-0.9999300707640529	-0.924768087049772	-0.6901350048973276	-0.03798131348096595	0.12441040090143723	0.04507566649281941	
0.14035964588908845	0.9836065688705099	0.3543755180928911	0.9996045331950871	0.0	0.7594378811699498	0.8591560743426153	0.982549029006432	0.8342797403401883	0.8682003843935956	0.01629750096164495	-0.35437551809289114	0.7428015744180014	0.9999513315900407	0.9883399366494809	0.9973209486853469	
-0.6606047375276733	0.5029668193540103	0.9407023533200078	0.6716785105366873	-0.7594378811699498	0.0	0.1703348902963584	0.7804848876818088	0.9614750926192913	0.18799012729034564	-0.7487341926066617	-0.9407023533200081	-0.02520077678172522	0.6430556799526712	0.75862868026904	0.704389780769654	
-0.7788269884032839	0.348395158574184	0.9847383763015817	0.5356713879017448	-0.8591560743426153	-0.1703348902963584	0.0	0.6625900071545532	0.9006006087713386	0.01794490752292735	-0.8507023137812858	-0.9847383763015819	-0.1951132921001404	0.50321244525627	0.6365651176027971	0.5731900070588118	
-0.9989297935770207	-0.3601354491665762	0.8528695545248701	-0.15830019342659413	-0.982549029006432	-0.7804848876818088	-0.6625900071545532	0.0	0.3865407514043154	-0.6490428969746231	-0.985449930393526	-0.8528695545248703	-0.795991900226686	-0.19568838014745127	-0.03422862082214562	-0.11363198441876127	
-0.9034069400993889	-0.6927468361794694	0.5847557673850999	-0.5276627591402724	-0.8342797403401883	-0.9614750926192913	-0.9006006087713386	-0.3865407514043154	0.0	-0.8926558803865109	-0.8431544237058841	-0.5847557673851	-0.9680972312554477	-0.559545400613254	-0.41788235958289094	-0.48883672689292224	
-0.7899573218900582	0.33151844022703825	0.9877029637262273	0.5204319765991121	-0.8682003843935956	-0.18799012729034564	-0.01794490752292735	0.6490428969746231	0.8926558803865109	0.0	-0.8599980318388539	-0.9877029637262276	-0.2126818935689554	0.48762409618168623	0.6226230914321533	0.5583932495981836	
0.12420483904343255	0.9805370404499553	0.3695682976655396	0.9999300707640529	-0.01629750096164495	0.7487341926066617	0.8507023137812858	0.985449930393526	0.8431544237058841	0.8599980318388539	0.0	-0.36956829766553967	0.7317915542332779	0.9996577367156031	0.9906901865039002	0.9983806539187169	
0.48211816185803374	0.983677408525557	0.0	0.924768087049772	0.35437551809289114	0.9407023533200081	0.9847383763015819	0.8528695545248703	0.5847557673851	0.9877029637262276	0.36956829766553967	0.0	0.931854658531077	0.9385538946099999	0.8702413838742259	0.9066754332603213	
-0.6414758587599538	0.5245882576539055	0.9318546585310767	0.6901350048973276	-0.7428015744180014	0.02520077678172522	0.1951132921001404	0.795991900226686	0.9680972312554477	0.2126818935689554	-0.7317915542332779	-0.931854658531077	0.0	0.6621506962920904	0.7748066389893227	0.7220539222015643	
-0.988667635743846	-0.17061494218945011	0.9385538946099997	0.03798131348096595	-0.9999513315900407	-0.6430556799526712	-0.50321244525627	0.19568838014745127	0.559545400613254	-0.48762409618168623	-0.9996577367156031	-0.9385538946099999	-0.6621506962920904	0.0	0.16200686334130449	0.08298585047409579	
-0.9999275993349862	-0.3279925390149424	0.8702413838742257	-0.12441040090143723	-0.9883399366494809	-0.75862868026904	-0.6365651176027971	0.03422862082214562	0.41788235958289094	-0.6226230914321533	-0.9906901865039002	-0.8702413838742259	-0.7748066389893227	-0.16200686334130449	0.0	-0.07955848042545705	
-0.9977153662213664	-0.25179553814238076	0.9066754332603211	-0.04507566649281941	-0.9973209486853469	-0.704389780769654	-0.5731900070588118	0.11363198441876127	0.48883672689292224	-0.5583932495981836	-0.9983806539187169	-0.9066754332603213	-0.7220539222015643	-0.08298585047409579	0.07955848042545705	0.0	
