0.0	0.5487232694365459	0.7239886355240653	0.7344926875608617	0.5843901637722078	0.3577504332156579	0.7344926875608617	0.9972061441747074	0.920343929852698	0.38764690465487683	-0.15853435232486385	-0.48360156490410905	-0.9954449660546811	-0.9972061457488656	0.009669079875748249	0.3329015746879491	
-0.5487232694365459	0.0	0.22674159193349352	0.24166614205369047	0.043278525906470744	-0.21332643451850036	0.24166614205369047	0.7926794238935557	0.5548000828144359	-0.1817430836344865	-0.6743191806101491	-0.884583899481935	-0.8845101611360489	-0.7926794367407299	-0.5406142285171738	-0.23911789611173512	
-0.7239886355240653	-0.22674159193349352	0.0	0.015351087999978752	-0.18437781074849469	-0.4292925598587515	0.015351087999978752	0.6338036042353058	0.351704981205742	-0.3999750249909639	-0.8241915684016038	-0.9672928619368045	-0.7556933548825746	-0.6338036205354729	-0.7172849451359338	-0.45305400041173355	
-0.7344926875608617	-0.24166614205369047	-0.015351087999978752	0.0	-0.19944398501382182	-0.4431065470946844	0.0	0.6218549453629371	0.3372932173723544	-0.4139975658487382	-0.8327879413608501	-0.9710728720675637	-0.745550487178335	-0.621854961866219	-0.7278967543660728	-0.4666858499738829	
-0.5843901637722078	-0.043278525906470744	0.18437781074849469	0.19944398501382182	0.0	-0.2554088539767846	0.19944398501382182	0.7655524556751733	0.5182732325855121	-0.22413056610772158	-0.7056459692605125	-0.9039393710106778	-0.8634910774954953	-0.765552469233255	-0.5765166499854688	-0.2809168928671892	
-0.3577504332156579	0.21332643451850036	0.4292925598587515	0.4431065470946844	0.2554088539767846	0.0	0.4431065470946844	0.904484767021864	0.7195132429258575	0.03221417078980826	-0.5012682392738929	-0.7647302277789485	-0.9636708485880177	-0.9044847760098037	-0.34870455615282847	-0.02647568594044375	
-0.7344926875608617	-0.24166614205369047	-0.015351087999978752	0.0	-0.19944398501382182	-0.4431065470946844	0.0	0.6218549453629371	0.3372932173723544	-0.4139975658487382	-0.8327879413608501	-0.9710728720675637	-0.745550487178335	-0.621854961866219	-0.7278967543660728	-0.4666858499738829	
-0.9972061441747074	-0.7926794238935557	-0.6338036042353058	-0.6218549453629371	-0.7655524556751733	-0.904484767021864	-0.6218549453629371	0.0	-0.3212687606803989	-0.8902757946079908	-0.9964372597730919	-0.9089672655059037	-0.16943007566515206	-2.1073424255447027e-08	-0.9964372597730919	-0.915459743738355	
-0.920343929852698	-0.5548000828144359	-0.351704981205742	-0.3372932173723544	-0.5182732325855121	-0.7195132429258575	-0.3372932173723544	0.3212687606803989	0.0	-0.6967677514634889	-0.9707091397927746	-0.9947076504266162	-0.47707218314078803	-0.3212687806366798	-0.9165192328001711	-0.7376478235142907	
-0.38764690465487683	0.1817430836344865	0.3999750249909639	0.4139975658487382	0.22413056610772158	-0.03221417078980826	0.4139975658487382	0.8902757946079908	0.6967677514634889	0.0	-0.5288827380410805	-0.7850905441648417	-0.9545665237729657	-0.8902758042052867	-0.37871574886541426	-0.05866482312257559	
0.15853435232486385	0.6743191806101491	0.8241915684016038	0.8327879413608501	0.7056459692605125	0.5012682392738929	0.8327879413608501	0.9964372597730919	0.9707091397927746	0.5288827380410805	0.0	-0.3387224230483393	-0.9677416977000151	-0.9964372579958147	0.16807374086640528	0.47818332567926003	
0.48360156490410905	0.884583899481935	0.9672928619368045	0.9710728720675637	0.9039393710106778	0.7647302277789485	0.9710728720675637	0.9089672655059037	0.9947076504266162	0.7850905441648417	0.3387224230483393	0.0	-0.8251957168834728	-0.9089672567210774	0.4920421901889958	0.7474025336277118	
0.9954449660546811	0.8845101611360489	0.7556933548825746	0.745550487178335	0.8634910774954953	0.9636708485880177	0.745550487178335	0.16943007566515206	0.47707218314078803	0.9545665237729657	0.9677416977000151	0.8251957168834728	0.0	-0.1694300548964028	0.9963202623341847	0.9704045027914955	
0.9972061457488656	0.7926794367407299	0.6338036205354729	0.621854961866219	0.765552469233255	0.9044847760098037	0.621854961866219	2.1073424255447027e-08	0.3212687806366798	0.8902758042052867	0.9964372579958147	0.9089672567210774	0.1694300548964028	0.0	0.9964372615503678	0.9154597522185018	
-0.009669079875748249	0.5406142285171738	0.7172849451359338	0.7278967543660728	0.5765166499854688	0.34870455615282847	0.7278967543660728	0.9964372597730919	0.9165192328001711	0.37871574886541426	-0.16807374086640528	-0.4920421901889958	-0.9963202623341847	-0.9964372615503678	0.0	0.3237684418181888	
-0.3329015746879491	0.23911789611173512	0.45305400041173355	0.4666858499738829	0.2809168928671892	0.02647568594044375	0.4666858499738829	0.915459743738355	0.7376478235142907	0.05866482312257559	-0.47818332567926003	-0.7474025336277118	-0.9704045027914955	-0.9154597522185018	-0.3237684418181888	0.0	
