0.0	-0.22891811280809948	0.01966836195307131	0.7355969627737798	0.15769942903922635	-0.25271554958082854	-0.2989606561913629	-0.22891811280809948	-0.5559539677673472	-0.9234526966718068	-0.9044531216277775	-0.854123893070423	-0.967748522291102	-0.9979157604161102	-0.7355969627737798	-0.8393487856484871	
0.22891811280809948	0.0	0.2480199127066809	0.8711372693804237	0.37956552536360505	-0.024517287996286663	-0.07257331696589192	0.0	-0.3509112600323614	-0.8110923490220701	-0.7827856934356279	-0.7123898680256368	-0.8843819740375143	-0.9861888999415093	-0.8711372693804237	-0.9414987916528085	
-0.01966836195307131	-0.2480199127066809	0.0	0.7221309373105196	0.1382466686372384	-0.2716966031621013	-0.3176716629935487	-0.2480199127066809	-0.5721950232425255	-0.9308210552040623	-0.9126681561383047	-0.8641875874183269	-0.972516139153844	-0.9964535210898487	-0.7221309373105196	-0.8284948325315713	
-0.7355969627737798	-0.8711372693804237	-0.7221309373105196	0.0	-0.6195638951204926	-0.8829143693654739	-0.9044765204829562	-0.8711372693804237	-0.9880518475562547	-0.9078224067188291	-0.9264799602869312	-0.9611617446624703	-0.8408819588823936	-0.628539390428258	-0.0	-0.16872565092735425	
-0.15769942903922635	-0.37956552536360505	-0.1382466686372384	0.6195638951204926	0.0	-0.4021339635224252	-0.4457069238852682	-0.37956552536360505	-0.680079232671128	-0.9724088884500487	-0.9604061673653101	-0.925451053912473	-0.9953666013138336	-0.9752526381017086	-0.6195638951204926	-0.7431218037596178	
0.25271554958082854	0.024517287996286663	0.2716966031621013	0.8829143693654739	0.4021339635224252	0.0	-0.048098863997567354	0.024517287996286663	-0.3278475760267299	-0.7965079337409953	-0.7672934959312285	-0.6949698894135157	-0.8726723496394667	-0.981831795605838	-0.8829143693654739	-0.9494785099742346	
0.2989606561913629	0.07257331696589192	0.3176716629935487	0.9044765204829562	0.4457069238852682	0.048098863997567354	0.0	0.07257331696589192	-0.28202764845047046	-0.7665041157488219	-0.7355598009459288	-0.6595805658928148	-0.8481753263156062	-0.9715684842101555	-0.9044765204829562	-0.963474529754603	
0.22891811280809948	0.0	0.2480199127066809	0.8711372693804237	0.37956552536360505	-0.024517287996286663	-0.07257331696589192	0.0	-0.3509112600323614	-0.8110923490220701	-0.7827856934356279	-0.7123898680256368	-0.8843819740375143	-0.9861888999415093	-0.8711372693804237	-0.9414987916528085	
0.5559539677673472	0.3509112600323614	0.5721950232425255	0.9880518475562547	0.680079232671128	0.3278475760267299	0.28202764845047046	0.3509112600323614	0.0	-0.5542595941350205	-0.5146382965563104	-0.42082420217127126	-0.6643502878426133	-0.865356404378934	-0.9880518475562547	-0.9998905114200302	
0.9234526966718068	0.8110923490220701	0.9308210552040623	0.9078224067188291	0.9724088884500487	0.7965079337409953	0.7665041157488219	0.8110923490220701	0.5542595941350205	0.0	0.046870242597061185	0.15252183258074858	-0.13870242164615654	-0.4425030400353599	-0.9078224067188291	-0.8240510877473294	
0.9044531216277775	0.7827856934356279	0.9126681561383047	0.9264799602869312	0.9604061673653101	0.7672934959312285	0.7355598009459288	0.7827856934356279	0.5146382965563104	-0.046870242597061185	0.0	0.10603234347659207	-0.18496718550233965	-0.48404841014911004	-0.9264799602869312	-0.8496981629147767	
0.854123893070423	0.7123898680256368	0.8641875874183269	0.9611617446624703	0.925451053912473	0.6949698894135157	0.6595805658928148	0.7123898680256368	0.42082420217127126	-0.15252183258074858	-0.10603234347659207	0.0	-0.2881271898504425	-0.5741023462285602	-0.9611617446624703	-0.9008157549545176	
0.967748522291102	0.8843819740375143	0.972516139153844	0.8408819588823936	0.9953666013138336	0.8726723496394667	0.8481753263156062	0.8843819740375143	0.6643502878426133	0.13870242164615654	0.18496718550233965	0.2881271898504425	0.0	-0.3138420967088913	-0.8408819588823936	-0.7375088250207283	
0.9979157604161102	0.9861888999415093	0.9964535210898487	0.628539390428258	0.9752526381017086	0.981831795605838	0.9715684842101555	0.9861888999415093	0.865356404378934	0.4425030400353599	0.48404841014911004	0.5741023462285602	0.3138420967088913	0.0	-0.628539390428258	-0.48829699688657835	
0.7355969627737798	0.8711372693804237	0.7221309373105196	0.0	0.6195638951204926	0.8829143693654739	0.9044765204829562	0.8711372693804237	0.9880518475562547	0.9078224067188291	0.9264799602869312	0.9611617446624703	0.8408819588823936	0.628539390428258	0.0	0.16872565092735425	
0.8393487856484871	0.9414987916528085	0.8284948325315713	0.16872565092735425	0.7431218037596178	0.9494785099742346	0.963474529754603	0.9414987916528085	0.9998905114200302	0.8240510877473294	0.8496981629147767	0.9008157549545176	0.7375088250207283	0.48829699688657835	-0.16872565092735425	0.0	
