0.0	0.794592738614359	0.851835445972146	0.9913886490464462	0.9974457201342457	0.9712418286795638	0.987951805087729	0.7558351679162107	0.15384357757457984	0.9767710097565333	0.9988655652560163	0.903507926946885	0.9583148399443524	0.9583148399443523	0.9793068639973393	0.0	
-0.794592738614359	0.0	0.10097054743664863	0.49786060729528325	0.662348581474876	0.7788711770525866	0.7228004691142167	-0.06136920329187434	-0.6917282623217137	0.42276956304080193	0.5686162129438616	0.20801862785283165	0.3548074384397305	0.8088604722069614	0.7553895786659294	0.794592738614359	
-0.851835445972146	-0.10097054743664863	0.0	0.4077488279035061	0.5833168821774535	0.71156358452289	0.6493301540305924	-0.16183580226986016	-0.7611098034048202	0.3291056952734906	0.48265158207875325	0.10819372799740135	0.2585928219153045	0.7453559770740013	0.6853655237386073	0.851835445972146	
-0.9913886490464462	-0.49786060729528325	-0.4077488279035061	0.0	0.20143140710699436	0.3632313552798109	0.28280386168353044	-0.5501450818953979	-0.9594401853955631	-0.08452992190938699	0.08359482666233145	-0.306564214502076	-0.15776023997775498	0.40874760972511537	0.3288808607978673	0.9913886490464462	
-0.9974457201342457	-0.662348581474876	-0.5833168821774535	-0.20143140710699436	0.0	0.16811262940181787	0.08379859836085964	-0.707077692969371	-0.9965601642737255	-0.28350775250323695	-0.11884501033359737	-0.4920129327966463	-0.3534355403117517	0.21653349317685927	0.1319136017526165	0.9974457201342457	
-0.9712418286795638	-0.7788711770525866	-0.71156358452289	-0.3632313552798109	-0.16811262940181787	0.0	-0.08491536938108796	-0.8158928877867435	-0.9963088162304358	-0.44068777065939596	-0.284074768220802	-0.631367322708125	-0.5056678251751674	0.04932755472550157	-0.036607349519739124	0.9712418286795638	
-0.987951805087729	-0.7228004691142167	-0.6493301540305924	-0.28280386168353044	-0.08379859836085964	0.08491536938108796	0.0	-0.763847691548606	-0.999999568102889	-0.36287091124150916	-0.20163170059726265	-0.5632364264327256	-0.4305825487437014	0.13396138995142265	0.04838332294661604	0.987951805087729	
-0.7558351679162107	0.06136920329187434	0.16183580226986016	0.5501450818953979	0.707077692969371	0.8158928877867435	0.763847691548606	0.0	-0.6461061932333647	0.47758775520643537	0.6180269348825366	0.2676532842828887	0.4115151600949583	0.8434210086417073	0.7941795342295057	0.7558351679162107	
-0.15384357757457984	0.6917282623217137	0.7611098034048202	0.9594401853955631	0.9965601642737255	0.9963088162304358	0.999999568102889	0.6461061932333647	0.0	0.9321762701036167	0.9796483863811468	0.8268189051885516	0.9029509959059336	0.9908616194602777	0.9987834421204034	0.15384357757457984	
-0.9767710097565333	-0.42276956304080193	-0.3291056952734906	0.08452992190938699	0.28350775250323695	0.44068777065939596	0.36287091124150916	-0.47758775520643537	-0.9321762701036167	0.0	0.1675296884205838	-0.22500719880103068	-0.07372421541007354	0.4844306968148202	0.4075314193063998	0.9767710097565333	
-0.9988655652560163	-0.5686162129438616	-0.48265158207875325	-0.08359482666233145	0.11884501033359737	0.284074768220802	0.20163170059726265	-0.6180269348825366	-0.9796483863811468	-0.1675296884205838	0.0	-0.3850609206734678	-0.2397560577700919	0.331024315860066	0.24878515566512488	0.9988655652560163	
-0.903507926946885	-0.20801862785283165	-0.10819372799740135	0.306564214502076	0.4920129327966463	0.631367322708125	0.5632364264327256	-0.2676532842828887	-0.8268189051885516	0.22500719880103068	0.3850609206734678	0.0	0.15256116652309248	0.6688514562863337	0.6025557230702543	0.903507926946885	
-0.9583148399443524	-0.3548074384397305	-0.2585928219153045	0.15776023997775498	0.3534355403117517	0.5056678251751674	0.4305825487437014	-0.4115151600949583	-0.9029509959059336	0.07372421541007354	0.2397560577700919	-0.15256116652309248	0.0	0.5476085285396395	0.47374669440092443	0.9583148399443524	
-0.9583148399443523	-0.8088604722069614	-0.7453559770740013	-0.40874760972511537	-0.21653349317685927	-0.04932755472550157	-0.13396138995142265	-0.8434210086417073	-0.9908616194602777	-0.4844306968148202	-0.331024315860066	-0.6688514562863337	-0.5476085285396395	0.0	-0.08585727751867206	0.9583148399443523	
-0.9793068639973393	-0.7553895786659294	-0.6853655237386073	-0.3288808607978673	-0.1319136017526165	0.036607349519739124	-0.04838332294661604	-0.7941795342295057	-0.9987834421204034	-0.4075314193063998	-0.24878515566512488	-0.6025557230702543	-0.47374669440092443	0.08585727751867206	0.0	0.9793068639973393	
-0.0	-0.794592738614359	-0.851835445972146	-0.9913886490464462	-0.9974457201342457	-0.9712418286795638	-0.987951805087729	-0.7558351679162107	-0.15384357757457984	-0.9767710097565333	-0.9988655652560163	-0.903507926946885	-0.9583148399443524	-0.9583148399443523	-0.9793068639973393	0.0	
