0.0	0.2749061109644405	0.8929844439437964	0.9966066328374256	0.9359947426594494	0.9604481697016094	0.9653534521492254	0.6639117119860852	0.6394572376004161	0.33006541432040626	0.0	0.757150913010758	0.9472517892757293	0.9699178206264704	0.8783007259066582	0.8453893122570818	
-0.2749061109644405	0.0	0.7348469023286387	0.935580456653361	0.8031610783476675	0.8468931045324478	0.9998950184873965	0.8439097121494182	0.8261747869122484	0.5768481887447214	0.2749061109644405	0.9075583704576577	0.9988599457067651	0.8656268267376538	0.7130257677970824	0.6659760954974788	
-0.8929844439437964	-0.7348469023286387	0.0	0.3750571295298137	0.1069365522769577	0.18362634974249284	0.6675140922777091	0.9666019396135264	0.9743619795471643	0.9914981912580294	0.8929844439437964	0.9241173391059123	0.7125390899203898	0.21916640676003096	-0.031631341119045364	-0.09648903024789146	
-0.9966066328374256	-0.935580456653361	-0.3750571295298137	0.0	-0.27377612880371166	-0.19845776337455412	0.33952022253896696	0.799921082856617	0.8188525797610134	0.9679231176577843	0.9966066328374256	0.7133457093664944	0.3973727073852611	-0.162770919468484	-0.4041917593695549	-0.46275262590960925	
-0.9359947426594494	-0.8031610783476675	-0.1069365522769577	0.27377612880371166	0.0	0.07745519256600553	0.5840618105485826	0.9336533350395939	0.9447156036224974	0.9997274230196638	0.9359947426594494	0.8779569096975183	0.6334231301089814	0.11357301625240762	-0.1383330038045727	-0.20237333880395098	
-0.9604481697016094	-0.8468931045324478	-0.18362634974249284	0.19845776337455412	-0.07745519256600553	0.0	0.5194361007008479	0.9031057427460637	0.916480670045623	0.9985324177768679	0.9604481697016094	0.8382385086884512	0.5715849585788157	0.03627779352778565	-0.21462794929659337	-0.27761789995365027	
-0.9653534521492254	-0.9998950184873965	-0.6675140922777091	-0.33952022253896696	-0.5840618105485826	-0.5194361007008479	0.0	0.5486569209619511	0.5753257927121183	0.8251239887720538	0.9653534521492254	0.4330321336544715	0.06220506118087263	-0.48809446705876514	-0.690732677740395	-0.7362449618195984	
-0.6639117119860852	-0.8439097121494182	-0.9666019396135264	-0.799921082856617	-0.9336533350395939	-0.9031057427460637	-0.5486569209619511	0.0	0.03223989394898236	0.379878276949166	0.6639117119860852	-0.1325120691822117	-0.49558799458560776	-0.8869329222169837	-0.974224813164674	-0.986820265674704	
-0.6394572376004161	-0.8261747869122484	-0.9743619795471643	-0.8188525797610134	-0.9447156036224974	-0.916480670045623	-0.5753257927121183	-0.03223989394898236	0.0	0.34985772272875765	0.6394572376004161	-0.16439876699916078	-0.5233325771517013	-0.9013634090951312	-0.9809910238490551	-0.9915243412410584	
-0.33006541432040626	-0.5768481887447214	-0.9914981912580294	-0.9679231176577843	-0.9997274230196638	-0.9985324177768679	-0.8251239887720538	-0.379878276949166	-0.34985772272875765	0.0	0.33006541432040626	-0.49910677769311673	-0.7883831914132078	-0.9959104215075048	-0.9868861644856384	-0.9743167102837804	
-0.0	-0.2749061109644405	-0.8929844439437964	-0.9966066328374256	-0.9359947426594494	-0.9604481697016094	-0.9653534521492254	-0.6639117119860852	-0.6394572376004161	-0.33006541432040626	0.0	-0.757150913010758	-0.9472517892757293	-0.9699178206264704	-0.8783007259066582	-0.8453893122570818	
-0.757150913010758	-0.9075583704576577	-0.9241173391059123	-0.7133457093664944	-0.8779569096975183	-0.8382385086884512	-0.4330321336544715	0.1325120691822117	0.16439876699916078	0.49910677769311673	0.757150913010758	0.0	-0.3761232155359506	-0.8179043157162365	-0.9357415285727912	-0.9566747605662365	
-0.9472517892757293	-0.9988599457067651	-0.7125390899203898	-0.3973727073852611	-0.6334231301089814	-0.5715849585788157	-0.06220506118087263	0.49558799458560776	0.5233325771517013	0.7883831914132078	0.9472517892757293	0.3761232155359506	0.0	-0.5414412239017821	-0.7343761124101164	-0.77691424798834	
-0.9699178206264704	-0.8656268267376538	-0.21916640676003096	0.162770919468484	-0.11357301625240762	-0.03627779352778565	0.48809446705876514	0.8869329222169837	0.9013634090951312	0.9959104215075048	0.9699178206264704	0.8179043157162365	0.5414412239017821	0.0	-0.24991904070325827	-0.31228692694972243	
-0.8783007259066582	-0.7130257677970824	0.031631341119045364	0.4041917593695549	0.1383330038045727	0.21462794929659337	0.690732677740395	0.974224813164674	0.9809910238490551	0.9868861644856384	0.8783007259066582	0.9357415285727912	0.7343761124101164	0.24991904070325827	0.0	-0.06495699671785593	
-0.8453893122570818	-0.6659760954974788	0.09648903024789146	0.46275262590960925	0.20237333880395098	0.27761789995365027	0.7362449618195984	0.986820265674704	0.9915243412410584	0.9743167102837804	0.8453893122570818	0.9566747605662365	0.77691424798834	0.31228692694972243	0.06495699671785593	0.0	
