0.0	-0.26651703104585833	-0.6995765761612288	-0.6823898274518236	-0.36722891277536146	-0.5158006185138376	0.05234452606302255	0.9940974732880677	0.8314173152686686	0.3732512364327436	0.7977862810699353	0.3981103714146018	-0.4934985900331007	-0.669450105705597	-0.9940974732880677	-0.5645765607700102	
0.26651703104585833	0.0	-0.48383125829486656	-0.4628870570188596	-0.10605067489203282	-0.2688167704731406	0.3166028945138323	0.9870557723212151	0.9494349115892041	0.6070067431745664	0.9296243866397291	0.628196875816514	-0.24384656868382842	-0.4472521872848084	-0.9870557723212151	-0.3241779298828915	
0.6995765761612288	0.48383125829486656	0.0	0.023775540122766337	0.3882913542286782	0.23076403838492188	0.7360206973153928	0.7862374328936759	0.9828142610438451	0.9157279096039406	0.9918672148777983	0.9262206494963507	0.25582116042043657	0.041324687974437446	-0.7862374328936759	0.1739945149646176	
0.6823898274518236	0.4628870570188596	-0.023775540122766337	0.0	0.3662715608193243	0.2075649742756452	0.719717573713619	0.8007066697463071	0.9869253392350761	0.9059160663336322	0.9946129145270184	0.9169958803096658	0.23276445715706479	0.01755777604130704	-0.8007066697463071	0.1505324477116829	
0.36722891277536146	0.10605067489203282	-0.3882913542286782	-0.3662715608193243	0.0	-0.16515374826436965	0.4154127185924932	0.964481366007979	0.9773768749806073	0.6878617854023246	0.9634625534452828	0.707167498472213	-0.13962204075463017	-0.3498774490712995	-0.964481366007979	-0.2220262742931333	
0.5158006185138376	0.2688167704731406	-0.23076403838492188	-0.2075649742756452	0.16515374826436965	0.0	0.559937508607543	0.90761143712616	0.9988862474779802	0.7982914291955563	0.9944674115918594	0.8142278634409048	0.025831318280617854	-0.19035758887678816	-0.90761143712616	-0.05794574902212046	
-0.05234452606302255	-0.3166028945138323	-0.7360206973153928	-0.719717573713619	-0.4154127185924932	-0.559937508607543	0.0	0.9870557609006979	0.8011923562641441	0.32417793792725996	0.7651319581891747	0.34954699825889657	-0.5383485190799597	-0.7074168456891919	-0.9870557609006979	-0.6070067364167873	
-0.9940974732880677	-0.9870557723212151	-0.7862374328936759	-0.8007066697463071	-0.964481366007979	-0.90761143712616	-0.9870557609006979	0.0	-0.4621677869335366	-0.8817600934900449	-0.5128291408636171	-0.8687316752042399	-0.9181528593716357	-0.8111013430063755	-0.0	-0.8817601310909204	
-0.8314173152686686	-0.9494349115892041	-0.9828142610438451	-0.9869253392350761	-0.9773768749806073	-0.9988862474779802	-0.8011923562641441	0.4621677869335366	0.0	-0.5639345504761831	-0.058006291203627436	-0.5414808730926167	-0.9973341278860043	-0.9896031337607849	-0.4621677869335366	-0.999941924467737	
-0.3732512364327436	-0.6070067431745664	-0.9157279096039406	-0.9059160663336322	-0.6878617854023246	-0.7982914291955563	-0.32417793792725996	0.8817600934900449	0.5639345504761831	0.0	0.5150822818023965	0.026941690467272406	-0.782467588723174	-0.898341451356343	-0.8817600934900449	-0.8318491520136954	
-0.7977862810699353	-0.9296243866397291	-0.9918672148777983	-0.9946129145270184	-0.9634625534452828	-0.9944674115918594	-0.7651319581891747	0.5128291408636171	0.058006291203627436	-0.5150822818023965	0.0	-0.4918024900016291	-0.9914221085544488	-0.9962796135997716	-0.5128291408636171	-0.9988833842478121	
-0.3981103714146018	-0.628196875816514	-0.9262206494963507	-0.9169958803096658	-0.707167498472213	-0.8142278634409048	-0.34954699825889657	0.8687316752042399	0.5414808730926167	-0.026941690467272406	0.4918024900016291	0.0	-0.7989599149298431	-0.9098507872902828	-0.8687316752042399	-0.8464998828762985	
0.4934985900331007	0.24384656868382842	-0.25582116042043657	-0.23276445715706479	0.13962204075463017	-0.025831318280617854	0.5383485190799597	0.9181528593716357	0.9973341278860043	0.782467588723174	0.9914221085544488	0.7989599149298431	0.0	-0.2156530575453081	-0.9181528593716357	-0.0837143282229249	
0.669450105705597	0.4472521872848084	-0.041324687974437446	-0.01755777604130704	0.3498774490712995	0.19035758887678816	0.7074168456891919	0.8111013430063755	0.9896031337607849	0.898341451356343	0.9962796135997716	0.9098507872902828	0.2156530575453081	0.0	-0.8111013430063755	0.13315153679800706	
0.9940974732880677	0.9870557723212151	0.7862374328936759	0.8007066697463071	0.964481366007979	0.90761143712616	0.9870557609006979	0.0	0.4621677869335366	0.8817600934900449	0.5128291408636171	0.8687316752042399	0.9181528593716357	0.8111013430063755	0.0	0.8817601310909204	
0.5645765607700102	0.3241779298828915	-0.1739945149646176	-0.1505324477116829	0.2220262742931333	0.05794574902212046	0.6070067364167873	0.8817601310909204	0.999941924467737	0.8318491520136954	0.9988833842478121	0.8464998828762985	0.0837143282229249	-0.13315153679800706	-0.8817601310909204	0.0	
