0.0	-0.15589715558613576	-0.15589715558613576	-0.8087806572365653	-0.06451755175614382	0.5336034240946753	0.1634754025070883	0.522758171813372	0.7124191394827796	0.7761481107060775	0.8881154594726348	0.9030264346412095	0.8087806572365653	0.9998901208008564	0.6235857886905164	0.3232319441866146	
0.15589715558613576	0.0	0.0	-0.7072071931942272	0.09184364064692518	0.6589268637945488	0.31527657165320777	0.6492659270282874	0.8131100839549756	0.8649594258933772	0.9489102474556366	0.9589564713961745	0.7072071931942272	0.9853537615332971	0.7378347568051323	0.46680844234779784	
0.15589715558613576	0.0	0.0	-0.7072071931942272	0.09184364064692518	0.6589268637945488	0.31527657165320777	0.6492659270282874	0.8131100839549756	0.8649594258933772	0.9489102474556366	0.9589564713961745	0.7072071931942272	0.9853537615332971	0.7378347568051323	0.46680844234779784	
0.8087806572365653	0.7072071931942272	0.7072071931942272	0.0	0.7691521778175961	0.9978316894422801	0.8940420480771959	0.9969096818440428	0.9865463389442272	0.96643794118691	0.8940420480771959	0.8785192677783243	0.0	0.5760565463273792	0.9990055534987466	0.9554611964963091	
0.06451755175614382	-0.09184364064692518	-0.09184364064692518	-0.7691521778175961	0.0	0.5870564400280673	0.2267844369493559	0.5766690315151223	0.756210329293141	0.815212645911942	0.9159187194794236	0.9288608158924686	0.7691521778175961	0.9968505240829466	0.672723506752711	0.383612748686865	
-0.5336034240946753	-0.6589268637945488	-0.6589268637945488	-0.9978316894422801	-0.5870564400280673	0.0	-0.3881682360522579	-0.012772004254051408	0.22805922397135253	0.31995150187579985	0.5058551382827028	0.5344928808590107	0.9978316894422801	0.8535519448025087	0.1102411095109164	-0.2315909603112543	
-0.1634754025070883	-0.31527657165320777	-0.31527657165320777	-0.8940420480771959	-0.2267844369493559	0.3881682360522579	0.0	0.37636604232662113	0.5881157053471027	0.6626273888700348	0.8010313734033292	0.8206518123863134	0.8940420480771959	0.9888623429841875	0.48739924376353744	0.1641836318899455	
-0.522758171813372	-0.6492659270282874	-0.6492659270282874	-0.9969096818440428	-0.5766690315151223	0.012772004254051408	-0.37636604232662113	0.0	0.240476049205065	0.33202603499375805	0.5168312444498264	0.545243837599993	0.9969096818440428	0.8601366377434012	0.12292627492751543	-0.21914729549012396	
-0.7124191394827796	-0.8131100839549756	-0.8131100839549756	-0.9865463389442272	-0.756210329293141	-0.22805922397135253	-0.5881157053471027	-0.240476049205065	0.0	0.09544885869976008	0.2957963774348094	0.32765803673016836	0.9865463389442272	0.7122378902616631	-0.11933321976515499	-0.4473469401285785	
-0.7761481107060775	-0.8649594258933772	-0.8649594258933772	-0.96643794118691	-0.815212645911942	-0.31995150187579985	-0.6626273888700348	-0.33202603499375805	-0.09544885869976008	0.0	0.2032682510531478	0.23598232316669748	0.96643794118691	0.641986853941507	-0.21355519028805547	-0.5306701934669124	
-0.8881154594726348	-0.9489102474556366	-0.9489102474556366	-0.8940420480771959	-0.9159187194794236	-0.5058551382827028	-0.8010313734033292	-0.5168312444498264	-0.2957963774348094	-0.2032682510531478	0.0	0.03352832401880018	0.8940420480771959	0.4727352016992664	-0.4076758729803654	-0.6918772168241212	
-0.9030264346412095	-0.9589564713961745	-0.9589564713961745	-0.8785192677783243	-0.9288608158924686	-0.5344928808590107	-0.8206518123863134	-0.545243837599993	-0.32765803673016836	-0.23598232316669748	-0.03352832401880018	0.0	0.8785192677783243	0.44292410358452255	-0.43806227252755564	-0.715696179924081	
-0.8087806572365653	-0.7072071931942272	-0.7072071931942272	-0.0	-0.7691521778175961	-0.9978316894422801	-0.8940420480771959	-0.9969096818440428	-0.9865463389442272	-0.96643794118691	-0.8940420480771959	-0.8785192677783243	0.0	-0.5760565463273792	-0.9990055534987466	-0.9554611964963091	
-0.9998901208008564	-0.9853537615332971	-0.9853537615332971	-0.5760565463273792	-0.9968505240829466	-0.8535519448025087	-0.9888623429841875	-0.8601366377434012	-0.7122378902616631	-0.641986853941507	-0.4727352016992664	-0.44292410358452255	0.5760565463273792	0.0	-0.7909129651818464	-0.9510073304453728	
-0.6235857886905164	-0.7378347568051323	-0.7378347568051323	-0.9990055534987466	-0.672723506752711	-0.1102411095109164	-0.48739924376353744	-0.12292627492751543	0.11933321976515499	0.21355519028805547	0.4076758729803654	0.43806227252755564	0.9990055534987466	0.7909129651818464	0.0	-0.33742339660070275	
-0.3232319441866146	-0.46680844234779784	-0.46680844234779784	-0.9554611964963091	-0.383612748686865	0.2315909603112543	-0.1641836318899455	0.21914729549012396	0.4473469401285785	0.5306701934669124	0.6918772168241212	0.715696179924081	0.9554611964963091	0.9510073304453728	0.33742339660070275	0.0	
