0.0	0.38769119946518066	0.6963019887189128	0.8210511535781617	0.999550202951164	0.9742346097759194	0.9951052811304276	0.9613396812458705	0.9341547705060731	0.4970653813152171	0.6847413402527053	0.6847413402527053	0.9932191684666408	0.5169077059405662	0.9164215847557564	-0.5169077059405662	
-0.38769119946518066	0.0	0.36357878305798996	0.5355208627486299	0.9097478875833439	0.9854777483508866	0.9555892265770555	0.9929093239011997	0.7227392475183172	0.12178482667487894	0.3486432597506327	0.3486432597506327	0.870467008290106	0.8083596122363496	0.6895880625361013	-0.8083596122363496	
-0.6963019887189128	-0.36357878305798996	0.0	0.19182138410317773	0.6965440983320914	0.8562976993999835	0.7830446297330947	0.8817379035397181	0.4220006049905053	-0.2474221998375569	-0.015982895895788995	-0.015982895895788995	0.6319320447397383	0.9670731020932652	0.3790906138439093	-0.9670731020932652	
-0.8210511535781617	-0.5355208627486299	-0.19182138410317773	0.0	0.5459746463490083	0.7413237230012032	0.649197089071079	0.7748741542411305	0.24025957875097947	-0.4286847615936209	-0.20748297303947083	-0.20748297303947083	0.4715308357908935	0.997932715572747	0.1945470947836156	-0.997932715572747	
-0.999550202951164	-0.9097478875833439	-0.6965440983320914	-0.5459746463490083	0.0	0.25465268556508946	0.1286190607380142	0.3040718286014615	-0.32869244332058345	-0.8524158734553918	-0.7079230768539421	-0.7079230768539421	-0.08641817422567699	0.871158079882384	-0.372550919922653	-0.871158079882384	
-0.9742346097759194	-0.9854777483508866	-0.8562976993999835	-0.7413237230012032	-0.25465268556508946	0.0	-0.12815873723381244	0.05145271098940468	-0.5583597238535115	-0.9574627440125956	-0.8644432077466891	-0.8644432077466891	-0.3372692075432711	0.7174031022985384	-0.5965895619847212	-0.7174031022985384	
-0.9951052811304276	-0.9555892265770555	-0.7830446297330947	-0.649197089071079	-0.1286190607380142	0.12815873723381244	0.0	0.17901739712919373	-0.4474349503025948	-0.9125860983988813	-0.7928854179643167	-0.7928854179643167	-0.21383828194093663	0.8007700063497384	-0.4888165396132992	-0.8007700063497384	
-0.9613396812458705	-0.9929093239011997	-0.8817379035397181	-0.7748741542411305	-0.3040718286014615	-0.05145271098940468	-0.17901739712919373	0.0	-0.600305253485715	-0.9710415551333236	-0.8891650403100797	-0.8891650403100797	-0.385260477847606	0.6806078948878962	-0.6370925319935573	-0.6806078948878962	
-0.9341547705060731	-0.7227392475183172	-0.4220006049905053	-0.24025957875097947	0.32869244332058345	0.5583597238535115	0.4474349503025948	0.600305253485715	0.0	-0.6331915276493638	-0.4364367231742621	-0.4364367231742621	0.24584626644991367	0.9841427975498531	-0.046820428987865564	-0.9841427975498531	
-0.4970653813152171	-0.12178482667487894	0.2474221998375569	0.4286847615936209	0.8524158734553918	0.9574627440125956	0.9125860983988813	0.9710415551333236	0.6331915276493638	0.0	0.23190464352854953	0.23190464352854953	0.8040419579969258	0.8740359956291305	0.5962583357920472	-0.8740359956291305	
-0.6847413402527053	-0.3486432597506327	0.015982895895788995	0.20748297303947083	0.7079230768539421	0.8644432077466891	0.7928854179643167	0.8891650403100797	0.4364367231742621	-0.23190464352854953	0.0	0.0	0.6442384498432224	0.9628819462874127	0.3938321162790842	-0.9628819462874127	
-0.6847413402527053	-0.3486432597506327	0.015982895895788995	0.20748297303947083	0.7079230768539421	0.8644432077466891	0.7928854179643167	0.8891650403100797	0.4364367231742621	-0.23190464352854953	0.0	0.0	0.6442384498432224	0.9628819462874127	0.3938321162790842	-0.9628819462874127	
-0.9932191684666408	-0.870467008290106	-0.6319320447397383	-0.4715308357908935	0.08641817422567699	0.3372692075432711	0.21383828194093663	0.385260477847606	-0.24584626644991367	-0.8040419579969258	-0.6442384498432224	-0.6442384498432224	0.0	0.9103305879062491	-0.2909601077192466	-0.9103305879062491	
-0.5169077059405662	-0.8083596122363496	-0.9670731020932652	-0.997932715572747	-0.871158079882384	-0.7174031022985384	-0.8007700063497384	-0.6806078948878962	-0.9841427975498531	-0.8740359956291305	-0.9628819462874127	-0.9628819462874127	-0.9103305879062491	0.0	-0.9913684240933287	-0.0	
-0.9164215847557564	-0.6895880625361013	-0.3790906138439093	-0.1945470947836156	0.372550919922653	0.5965895619847212	0.4888165396132992	0.6370925319935573	0.046820428987865564	-0.5962583357920472	-0.3938321162790842	-0.3938321162790842	0.2909601077192466	0.9913684240933287	0.0	-0.9913684240933287	
0.5169077059405662	0.8083596122363496	0.9670731020932652	0.997932715572747	0.871158079882384	0.7174031022985384	0.8007700063497384	0.6806078948878962	0.9841427975498531	0.8740359956291305	0.9628819462874127	0.9628819462874127	0.9103305879062491	0.0	0.9913684240933287	0.0	
