0.0	0.3841030625709511	0.4617189343400745	0.1943088317317166	-0.5373278709235882	-0.34035418221170677	-0.23426888191259487	0.5602118904212695	0.6326066176769726	0.9377063328880276	0.9288812218400485	0.4617189343400745	0.8884769565126945	0.9460070832485001	0.9930989454419319	0.5373278709235882	
-0.3841030625709511	0.0	0.08559106655776028	-0.19737876897946882	-0.8200518913436557	-0.6754167654454264	-0.5897123503791963	0.1990666412682166	0.28660194542337813	0.7323265894460771	0.7153637241203228	0.08559106655776028	0.6440490370732989	0.7489336385591315	0.9619659683335973	0.8200518913436557	
-0.4617189343400745	-0.08559106655776028	0.0	-0.2805617177399098	-0.8660254296976593	-0.7360561767501244	-0.6566728024291099	0.11445809355243652	0.203549717044401	0.6713556658259086	0.6529316382039807	0.0	0.5762097892657068	0.689468822476788	0.9350550381677867	0.8660254296976593	
-0.1943088317317166	0.19737876897946882	0.2805617177399098	0.0	-0.6909615270734861	-0.5165752410292866	-0.4187053867927525	0.3885788850564686	0.47006239269245276	0.8523255282052256	0.8392094544480775	0.2805617177399098	0.7823704968747559	0.8649921499365376	0.9969593271024042	0.6909615270734861	
0.5373278709235882	0.8200518913436557	0.8660254296976593	0.6909615270734861	0.0	0.21820227402631695	0.3247988733965558	0.9175630191792711	0.949669699908295	0.9775198410780734	0.9824080377289169	0.8660254296976593	0.9959090359292476	0.9720099024293208	0.7745357218557777	0.0	
0.34035418221170677	0.6754167654454264	0.7360561767501244	0.5165752410292866	-0.21820227402631695	0.0	0.1106003529448199	0.8086978974309753	0.858433521849328	0.9999716176779169	0.999484129237822	0.7360561767501244	0.9916282527763602	0.9998523458859234	0.893891693369555	0.21820227402631695	
0.23426888191259487	0.5897123503791963	0.6566728024291099	0.4187053867927525	-0.3247988733965558	-0.1106003529448199	0.0	0.7386787005435264	0.7964373312199348	0.9930034706713771	0.9898001494681373	0.6566728024291099	0.9712632437079277	0.9956187587939934	0.9379878906058794	0.3247988733965558	
-0.5602118904212695	-0.1990666412682166	-0.11445809355243652	-0.3885788850564686	-0.9175630191792711	-0.8086978974309753	-0.7386787005435264	0.0	0.09015013519358783	0.5821146319396769	0.5619481339583411	-0.11445809355243652	0.4788761739478835	0.6020339312872695	0.8883342398810739	0.9175630191792711	
-0.6326066176769726	-0.28660194542337813	-0.203549717044401	-0.47006239269245276	-0.949669699908295	-0.858433521849328	-0.7964373312199348	-0.09015013519358783	0.0	0.5064426881702686	0.4850902761118714	-0.203549717044401	0.3977850573176491	0.5276003376636731	0.8433203984841265	0.949669699908295	
-0.9377063328880276	-0.7323265894460771	-0.6713556658259086	-0.8523255282052256	-0.9775198410780734	-0.9999716176779169	-0.9930034706713771	-0.5821146319396769	-0.5064426881702686	0.0	-0.024585387842078865	-0.6713556658259086	-0.12165078377023507	0.024716478069767345	0.45500500740972116	0.9775198410780734	
-0.9288812218400485	-0.7153637241203228	-0.6529316382039807	-0.8392094544480775	-0.9824080377289169	-0.999484129237822	-0.9898001494681373	-0.5619481339583411	-0.4850902761118714	0.024585387842078865	0.0	-0.6529316382039807	-0.09721122157822305	0.04928688414602528	0.4767604891698173	0.9824080377289169	
-0.4617189343400745	-0.08559106655776028	0.0	-0.2805617177399098	-0.8660254296976593	-0.7360561767501244	-0.6566728024291099	0.11445809355243652	0.203549717044401	0.6713556658259086	0.6529316382039807	0.0	0.5762097892657068	0.689468822476788	0.9350550381677867	0.8660254296976593	
-0.8884769565126945	-0.6440490370732989	-0.5762097892657068	-0.7823704968747559	-0.9959090359292476	-0.9916282527763602	-0.9712632437079277	-0.4788761739478835	-0.3977850573176491	0.12165078377023507	0.09721122157822305	-0.5762097892657068	0.0	0.14614652747245344	0.5599543384106903	0.9959090359292476	
-0.9460070832485001	-0.7489336385591315	-0.689468822476788	-0.8649921499365376	-0.9720099024293208	-0.9998523458859234	-0.9956187587939934	-0.6020339312872695	-0.5276003376636731	-0.024716478069767345	-0.04928688414602528	-0.689468822476788	-0.14614652747245344	0.0	0.43285625507818326	0.9720099024293208	
-0.9930989454419319	-0.9619659683335973	-0.9350550381677867	-0.9969593271024042	-0.7745357218557777	-0.893891693369555	-0.9379878906058794	-0.8883342398810739	-0.8433203984841265	-0.45500500740972116	-0.4767604891698173	-0.9350550381677867	-0.5599543384106903	-0.43285625507818326	0.0	0.7745357218557777	
-0.5373278709235882	-0.8200518913436557	-0.8660254296976593	-0.6909615270734861	-0.0	-0.21820227402631695	-0.3247988733965558	-0.9175630191792711	-0.949669699908295	-0.9775198410780734	-0.9824080377289169	-0.8660254296976593	-0.9959090359292476	-0.9720099024293208	-0.7745357218557777	0.0	
