0.0	0.553435654303764	0.2802866889160601	-0.18223595356542127	-0.9496360761542462	-0.9988222101746463	-0.9772450300388791	-0.7580693537897281	-0.9976190138262686	-0.264357504133555	0.7580693537897281	0.34908402542794803	-0.264357504133555	-0.9196366030777279	-0.9999585591337864	-0.9027135435794054	
-0.553435654303764	0.0	-0.29780340258051163	-0.6959511353244142	-0.9643660298462835	-0.8050582543414693	-0.9313306971387928	-0.2704535373671925	-0.7927406118648288	-0.7539282792033298	0.2704535373671925	-0.22787053757264347	-0.7539282792033298	-0.9833310052910504	-0.8278190268698655	-0.9899741447126393	
-0.2802866889160601	0.29780340258051163	0.0	-0.45052450898815133	-0.9994004032799442	-0.9451862401510489	-0.9975260686482228	-0.544887480775425	-0.9383005486313314	-0.5240765083189833	0.544887480775425	0.0724372052458731	-0.5240765083189833	-0.9928624887872948	-0.957324869282484	-0.9871206087268464	
0.18223595356542127	0.6959511353244142	0.45052450898815133	0.0	-0.8766297193479047	-0.9909388530317622	-0.9222261820300497	-0.8642248930439062	-0.9934817890475258	-0.08417792726297674	0.8642248930439062	0.5140103032972919	-0.08417792726297674	-0.8326602577817317	-0.9848731293812271	-0.8091918722211359	
0.9496360761542462	0.9643660298462835	0.9994004032799442	0.8766297193479047	0.0	-0.3590622434147032	-0.10479390064900179	-0.856872688572092	-0.37810141427663985	0.8330148093241285	0.856872688572092	0.9992830323736369	0.8330148093241285	0.08481617916913003	-0.3219873021450218	0.1257036579192662	
0.9988222101746463	0.8050582543414693	0.9451862401510489	0.9909388530317622	0.3590622434147032	0.0	0.2592796583610181	-0.6146242802462685	-0.02048023404827992	0.9761154980642094	0.6146242802462685	0.9190501662589579	0.9761154980642094	0.4369284990140272	0.03942488678322703	0.4735350381479989	
0.9772450300388791	0.9313306971387928	0.9975260686482228	0.9222261820300497	0.10479390064900179	-0.2592796583610181	0.0	-0.7981305162778238	-0.279005133424414	0.8864054952436897	0.7981305162778238	0.9898133863206268	0.8864054952436897	0.18876546592667143	-0.22100143215681273	0.22897418686983456	
0.7580693537897281	0.2704535373671925	0.544887480775425	0.8642248930439062	0.856872688572092	0.6146242802462685	0.7981305162778238	0.0	0.5983401494826818	0.9035079279921755	0.0	0.4827167866820292	0.9035079279921755	0.897510168499261	0.6452455718000139	0.9148795982389277	
0.9976190138262686	0.7927406118648288	0.9383005486313314	0.9934817890475258	0.37810141427663985	0.02048023404827992	0.279005133424414	-0.5983401494826818	0.0	0.9803601423172312	0.5983401494826818	0.9107853116499924	0.9803601423172312	0.45525875029336127	0.05988092915162346	0.4914741957276012	
0.264357504133555	0.7539282792033298	0.5240765083189833	0.08417792726297674	-0.8330148093241285	-0.9761154980642094	-0.8864054952436897	-0.9035079279921755	-0.9803601423172312	0.0	0.9035079279921755	0.5843924269270558	0.0	-0.7830885270666555	-0.9667914594658809	-0.756861563244116	
-0.7580693537897281	-0.2704535373671925	-0.544887480775425	-0.8642248930439062	-0.856872688572092	-0.6146242802462685	-0.7981305162778238	-0.0	-0.5983401494826818	-0.9035079279921755	0.0	-0.4827167866820292	-0.9035079279921755	-0.897510168499261	-0.6452455718000139	-0.9148795982389277	
-0.34908402542794803	0.22787053757264347	-0.0724372052458731	-0.5140103032972919	-0.9992830323736369	-0.9190501662589579	-0.9898133863206268	-0.4827167866820292	-0.9107853116499924	-0.5843924269270558	0.4827167866820292	0.0	-0.5843924269270558	-0.9988934187215999	-0.9338745861900755	-0.9961157646211911	
0.264357504133555	0.7539282792033298	0.5240765083189833	0.08417792726297674	-0.8330148093241285	-0.9761154980642094	-0.8864054952436897	-0.9035079279921755	-0.9803601423172312	0.0	0.9035079279921755	0.5843924269270558	0.0	-0.7830885270666555	-0.9667914594658809	-0.756861563244116	
0.9196366030777279	0.9833310052910504	0.9928624887872948	0.8326602577817317	-0.08481617916913003	-0.4369284990140272	-0.18876546592667143	-0.897510168499261	-0.45525875029336127	0.7830885270666555	0.897510168499261	0.9988934187215999	0.7830885270666555	0.0	-0.4011262657950392	0.04110729603994839	
0.9999585591337864	0.8278190268698655	0.957324869282484	0.9848731293812271	0.3219873021450218	-0.03942488678322703	0.22100143215681273	-0.6452455718000139	-0.05988092915162346	0.9667914594658809	0.6452455718000139	0.9338745861900755	0.9667914594658809	0.4011262657950392	0.0	0.4384424282234967	
0.9027135435794054	0.9899741447126393	0.9871206087268464	0.8091918722211359	-0.1257036579192662	-0.4735350381479989	-0.22897418686983456	-0.9148795982389277	-0.4914741957276012	0.756861563244116	0.9148795982389277	0.9961157646211911	0.756861563244116	-0.04110729603994839	-0.4384424282234967	0.0	
