0.0	-0.07697184705150151	-0.9311228704642877	-0.46636994522590125	-0.11196603119823345	-0.5889622624341324	-0.3439886770731093	0.9911612279847726	0.9311228704642877	0.1711125105966712	0.4821370333492105	0.2180082789721562	-0.17447377099242417	0.6224342470616401	-0.5316460282195343	-0.5542066280364849	
0.07697184705150151	0.0	-0.9002884108251515	-0.39689784089995633	-0.0351460070906352	-0.5250093591943379	-0.2706936069546231	0.9984320181175692	0.9002884108251515	0.24644149279380365	0.5481413745730673	0.2924819435779128	-0.0981649146912395	0.6808313673862088	-0.46487618901507854	-0.4884926857755869	
0.9311228704642877	0.9002884108251515	0.0	0.6535740257153245	0.8844333596505326	0.5376989030998618	0.7488453675992583	0.485007457781121	0.0	0.9797958971132712	0.9915909450338704	0.9882353451876447	0.853209574499498	0.955769164838612	0.5947357130512904	0.5729249632538057	
0.46636994522590125	0.39689784089995633	-0.6535740257153245	0.0	0.3643934205733753	-0.14408821125816967	0.13362029066339753	0.9386410356247483	0.6535740257153245	0.6108560634823508	0.8350782493042153	0.6480002064944497	0.3048789656457923	0.9156137140358755	-0.07528885308598515	-0.10204890916846665	
0.11196603119823345	0.0351460070906352	-0.8844333596505326	-0.3643934205733753	0.0	-0.49477236026062454	-0.23669251883411224	0.999782568445591	0.8844333596505326	0.2803512607086681	0.5771983440129069	0.32591035374540345	-0.06312800971516841	0.7061530902909166	-0.43347156243687235	-0.4575236085142624	
0.5889622624341324	0.5250093591943379	-0.5376989030998618	0.14408821125816967	0.49477236026062454	0.0	0.27502205744973907	0.879150776638685	0.5376989030998618	0.7185623280935916	0.9056314983988807	0.7509815936971204	0.43892583783446	0.9639911230377074	0.06917605285101147	0.04235196860474394	
0.3439886770731093	0.2706936069546231	-0.7488453675992583	-0.13362029066339753	0.23669251883411224	-0.27502205744973907	0.0	0.9763089241270821	0.7488453675992583	0.49958552206573914	0.7540810816958778	0.5404187511618758	0.17488621833737655	0.8536797863755545	-0.2078547530441313	-0.23405650622395413	
-0.9911612279847726	-0.9984320181175692	-0.485007457781121	-0.9386410356247483	-0.999782568445591	-0.879150776638685	-0.9763089241270821	0.0	0.485007457781121	-0.9538428159919837	-0.8043905542971481	-0.9383991574376555	-0.9991048004694986	-0.6931803607898837	-0.9100101556285438	-0.8985445255511902	
-0.9311228704642877	-0.9002884108251515	-0.0	-0.6535740257153245	-0.8844333596505326	-0.5376989030998618	-0.7488453675992583	-0.485007457781121	0.0	-0.9797958971132712	-0.9915909450338704	-0.9882353451876447	-0.853209574499498	-0.955769164838612	-0.5947357130512904	-0.5729249632538057	
-0.1711125105966712	-0.24644149279380365	-0.9797958971132712	-0.6108560634823508	-0.2803512607086681	-0.7185623280935916	-0.49958552206573914	0.9538428159919837	0.9797958971132712	0.0	0.3251152781601235	0.047796255155913986	-0.34038850014708166	0.4793292854302009	-0.6687316335139423	-0.6884633913345377	
-0.4821370333492105	-0.5481413745730673	-0.9915909450338704	-0.8350782493042153	-0.5771983440129069	-0.9056314983988807	-0.7540810816958778	0.8043905542971481	0.9915909450338704	-0.3251152781601235	0.0	-0.27954401128457645	-0.6275976705898602	0.16795683848402954	-0.8741268480036819	-0.8868589123386802	
-0.2180082789721562	-0.2924819435779128	-0.9882353451876447	-0.6480002064944497	-0.32591035374540345	-0.7509815936971204	-0.5404187511618758	0.9383991574376555	0.9882353451876447	-0.047796255155913986	0.27954401128457645	0.0	-0.38494156852077527	0.4368337898065313	-0.70350404467472	-0.7223417928148299	
0.17447377099242417	0.0981649146912395	-0.853209574499498	-0.3048789656457923	0.06312800971516841	-0.43892583783446	-0.17488621833737655	0.9991048004694986	0.853209574499498	0.34038850014708166	0.6275976705898602	0.38494156852077527	0.0	0.7494429914809123	-0.3757180819188437	-0.40047778256298916	
-0.6224342470616401	-0.6808313673862088	-0.955769164838612	-0.9156137140358755	-0.7061530902909166	-0.9639911230377074	-0.8536797863755545	0.6931803607898837	0.955769164838612	-0.4793292854302009	-0.16795683848402954	-0.4368337898065313	-0.7494429914809123	0.0	-0.9432855576804179	-0.9518633386270668	
0.5316460282195343	0.46487618901507854	-0.5947357130512904	0.07528885308598515	0.43347156243687235	-0.06917605285101147	0.2078547530441313	0.9100101556285438	0.5947357130512904	0.6687316335139423	0.8741268480036819	0.70350404467472	0.3757180819188437	0.9432855576804179	0.0	-0.02686347174444248	
0.5542066280364849	0.4884926857755869	-0.5729249632538057	0.10204890916846665	0.4575236085142624	-0.04235196860474394	0.23405650622395413	0.8985445255511902	0.5729249632538057	0.6884633913345377	0.8868589123386802	0.7223417928148299	0.40047778256298916	0.9518633386270668	0.02686347174444248	0.0	
