0.0	0.36787876020561633	0.9214489965469501	0.884235913839623	1.4901161193847656e-08	0.43210520157239807	0.9431391285302116	0.9986526280697445	0.999778681193637	0.9910838274791235	0.8505175745005187	0.9141706297122059	0.8434760096221733	0.49627994957555155	0.9450975974199008	0.9983453070794052	
-0.36787876020561633	0.0	0.7139105870797811	0.9940420658498573	0.3678787740618152	0.7335648933455516	0.9992825810954463	0.9477113706394364	0.9374073221866143	0.970598945562042	0.9843585721506268	0.999175424227937	0.9819384858672295	0.7808562671444068	0.99903990061777	0.9494894102208732	
-0.9214489965469501	-0.7139105870797811	0.0	0.7738790996724418	0.9214490023360415	0.9988566791275747	0.672696957367181	0.4357930515156675	0.4077986210999808	0.5078091141015053	0.8150585194145421	0.7286452224924608	0.8226617353145391	0.992771948687863	0.6682884686668675	0.4408430100828117	
-0.884235913839623	-0.9940420658498573	-0.7738790996724418	0.0	0.8842359068801768	0.5956138279636094	-0.14656573649133836	-0.4205252064914197	-0.4483347866578355	-0.34506088262870793	0.06783472571078164	-0.06854776545405494	0.081044742210238	0.5358776585245146	-0.15244100706621572	-0.4154210889142016	
-1.4901161193847656e-08	-0.3678787740618152	-0.9214490023360415	-0.8842359068801768	0.0	-0.4321051881341851	-0.943139123577092	-0.998652627296472	-0.9997786808801494	-0.9910838254936954	-0.8505175666633031	-0.9141706236723245	-0.8434760016177635	-0.4962799366389214	-0.9450975925503771	-0.9983453062225367	
-0.43210520157239807	-0.7335648933455516	-0.9988566791275747	-0.5956138279636094	0.4321051881341851	0.0	-0.7069137477599801	-0.8781846920873077	-0.8925330767847495	-0.8362087797926767	-0.5397522120530793	-0.6492752728066425	-0.5285536505613624	-0.07241922189672062	-0.7111040617592114	-0.8754834215907829	
-0.9431391285302116	-0.9992825810954463	-0.672696957367181	0.14656573649133836	0.943139123577092	0.7069137477599801	0.0	-0.28300763962030173	-0.31248310198230655	-0.20377083334103657	0.21333030681522513	0.07841347627287731	0.226253137846937	0.6538354924587537	-0.005942026389587851	-0.27761445189543643	
-0.9986526280697445	-0.9477113706394364	-0.4357930515156675	0.4205252064914197	0.998652627296472	0.8781846920873077	0.28300763962030173	0.0	-0.030872503784338867	0.08162954341711086	0.48110170497330884	0.35734398678408114	0.4926722168801499	0.8412391406408011	0.27730354098888904	0.0056184148729852695	
-0.999778681193637	-0.9374073221866143	-0.4077986210999808	0.4483347866578355	0.9997786808801494	0.8925330767847495	0.31248310198230655	0.030872503784338867	0.0	0.11236010733314529	0.5079372155021387	0.38600773204780947	0.519303089958947	0.8575297747675715	0.3068331159808581	0.03648775325753511	
-0.9910838274791235	-0.970598945562042	-0.5078091141015053	0.34506088262870793	0.9910838254936954	0.8362087797926767	0.20377083334103657	-0.08162954341711086	-0.11236010733314529	0.0	0.40793439725321773	0.2799116601537187	0.4199927913474304	0.794297615952618	0.19794988152875645	-0.07602859026123818	
-0.8505175745005187	-0.9843585721506268	-0.8150585194145421	-0.06783472571078164	0.8505175666633031	0.5397522120530793	-0.21333030681522513	-0.48110170497330884	-0.5079372155021387	-0.40793439725321773	0.0	-0.13606503790188168	0.01324648052742533	0.4773707395226073	-0.21913178241527026	-0.4761686450641215	
-0.9141706297122059	-0.999175424227937	-0.7286452224924608	0.06854776545405494	0.9141706236723245	0.6492752728066425	-0.07841347627287731	-0.35734398678408114	-0.38600773204780947	-0.2799116601537187	0.13606503790188168	0.0	0.14917638678813494	0.5924917659702014	-0.08433582239465626	-0.3520908997517349	
-0.8434760096221733	-0.9819384858672295	-0.8226617353145391	-0.081044742210238	0.8434760016177635	0.5285536505613624	-0.226253137846937	-0.4926722168801499	-0.519303089958947	-0.4199927913474304	-0.01324648052742533	-0.14917638678813494	0.0	0.46568914702005254	-0.23203708453604122	-0.4877752121223251	
-0.49627994957555155	-0.7808562671444068	-0.992771948687863	-0.5358776585245146	0.4962799366389214	0.07241922189672062	-0.6538354924587537	-0.8412391406408011	-0.8575297747675715	-0.794297615952618	-0.4773707395226073	-0.5924917659702014	-0.46568914702005254	0.0	-0.658319905097372	-0.8381881927836239	
-0.9450975974199008	-0.99903990061777	-0.6682884686668675	0.15244100706621572	0.9450975925503771	0.7111040617592114	0.005942026389587851	-0.27730354098888904	-0.3068331159808581	-0.19794988152875645	0.21913178241527026	0.08433582239465626	0.23203708453604122	0.658319905097372	0.0	-0.2719010902818439	
-0.9983453070794052	-0.9494894102208732	-0.4408430100828117	0.4154210889142016	0.9983453062225367	0.8754834215907829	0.27761445189543643	-0.0056184148729852695	-0.03648775325753511	0.07602859026123818	0.4761686450641215	0.3520908997517349	0.4877752121223251	0.8381881927836239	0.2719010902818439	0.0	
