0.0	0.4988876877284561	0.8166432213061966	0.8783080326845492	0.9984732123941005	0.7883413089381129	0.8541662435745437	0.9663734031712992	0.8166432213061966	0.9663734031712992	0.9940886413525633	0.7912995487803554	0.7635790133170268	0.0	0.3437868233342883	0.9996933792718148	
-0.4988876877284561	0.0	0.419827988277483	0.5226844785871103	0.837785838052651	0.9901638558193717	0.9996990045314558	0.7092381937880714	0.419827988277483	0.7092381937880714	0.9157084588624651	0.9908271634785867	0.9839074278299343	0.4988876877284562	0.7664279186757241	0.8540475436880334	
-0.8166432213061966	-0.419827988277483	0.0	0.11647599910673251	0.5311518643608786	0.9574156003019076	0.9176304225649837	0.34774151725435	0.0	0.34774151725435	0.6623953232016878	0.9560119453400844	0.968012444799393	0.8166432213061968	0.9652810558670721	0.5567443008599882	
-0.8783080326845492	-0.5226844785871103	-0.11647599910673251	0.0	0.42884919008874023	0.9172707875647987	0.8650929636334596	0.23616783342593164	-0.11647599910673251	0.23616783342593164	0.5706282172197228	0.9153392153333091	0.9321995917816424	0.8783080326845494	0.9891359780672342	0.45620008435227527	
-0.9984732123941005	-0.837785838052651	-0.5311518643608786	-0.42884919008874023	0.0	0.6578452621883306	0.5663885905040061	-0.2033696485985795	-0.5311518643608786	-0.2033696485985795	0.16331728171857765	0.6542050109639301	0.6869071636802447	0.9984732123941007	0.9566041132485498	0.03049712251635831	
-0.7883413089381129	-0.9901638558193717	-0.9574156003019076	-0.9172707875647987	-0.6578452621883306	0.0	-0.11557815694871809	-0.797266115779717	-0.9574156003019076	-0.797266115779717	-0.5260098485841797	-0.004823188464111283	0.03926039860760111	0.7883413089381132	0.5287793395826369	-0.6345702657283998	
-0.8541662435745437	-0.9996990045314558	-0.9176304225649837	-0.8650929636334596	-0.5663885905040061	0.11557815694871809	0.0	-0.7221569387869298	-0.9176304225649837	-0.7221569387869298	-0.42418800035687404	0.11078594725371671	0.15448633842091009	0.854166243574544	0.6233337058757845	-0.5409912902391564	
-0.9663734031712992	-0.7092381937880714	-0.34774151725435	-0.23616783342593164	0.2033696485985795	0.797266115779717	0.7221569387869298	0.0	-0.34774151725435	0.0	0.3605434082058152	0.7943454307470732	0.8203501094235226	0.9663734031712994	0.9958730645139291	0.23313484671637053	
-0.8166432213061966	-0.419827988277483	0.0	0.11647599910673251	0.5311518643608786	0.9574156003019076	0.9176304225649837	0.34774151725435	0.0	0.34774151725435	0.6623953232016878	0.9560119453400844	0.968012444799393	0.8166432213061968	0.9652810558670721	0.5567443008599882	
-0.9663734031712992	-0.7092381937880714	-0.34774151725435	-0.23616783342593164	0.2033696485985795	0.797266115779717	0.7221569387869298	0.0	-0.34774151725435	0.0	0.3605434082058152	0.7943454307470732	0.8203501094235226	0.9663734031712994	0.9958730645139291	0.23313484671637053	
-0.9940886413525633	-0.9157084588624651	-0.6623953232016878	-0.5706282172197228	-0.16331728171857765	0.5260098485841797	0.42418800035687404	-0.3605434082058152	-0.6623953232016878	-0.3605434082058152	0.0	0.521901712248987	0.5589944260073417	0.9940886413525635	0.8961712168806009	-0.1331536595243245	
-0.7912995487803554	-0.9908271634785867	-0.9560119453400844	-0.9153392153333091	-0.6542050109639301	0.004823188464111283	-0.11078594725371671	-0.7943454307470732	-0.9560119453400844	-0.7943454307470732	-0.521901712248987	0.0	0.04407941179488256	0.7912995487803556	0.5328669152481414	-0.6308352102411536	
-0.7635790133170268	-0.9839074278299343	-0.968012444799393	-0.9321995917816424	-0.6869071636802447	-0.03926039860760111	-0.15448633842091009	-0.8203501094235226	-0.968012444799393	-0.8203501094235226	-0.5589944260073417	-0.04407941179488256	0.0	0.763579013317027	0.49504902792228406	-0.6644240153371508	
-0.0	-0.4988876877284562	-0.8166432213061968	-0.8783080326845494	-0.9984732123941007	-0.7883413089381132	-0.854166243574544	-0.9663734031712994	-0.8166432213061968	-0.9663734031712994	-0.9940886413525635	-0.7912995487803556	-0.763579013317027	0.0	-0.34378682333428834	-0.999693379271815	
-0.3437868233342883	-0.7664279186757241	-0.9652810558670721	-0.9891359780672342	-0.9566041132485498	-0.5287793395826369	-0.6233337058757845	-0.9958730645139291	-0.9652810558670721	-0.9958730645139291	-0.8961712168806009	-0.5328669152481414	-0.49504902792228406	0.34378682333428834	0.0	-0.9472725737530399	
-0.9996933792718148	-0.8540475436880334	-0.5567443008599882	-0.45620008435227527	-0.03049712251635831	0.6345702657283998	0.5409912902391564	-0.23313484671637053	-0.5567443008599882	-0.23313484671637053	0.1331536595243245	0.6308352102411536	0.6644240153371508	0.999693379271815	0.9472725737530399	0.0	
