0.0	-0.34561751804425556	0.7732803990737499	0.7420646787979824	0.11245348368244984	0.6234486870940169	0.49181998498183055	0.4788901864025791	0.6386039221693528	0.6183036162305633	0.9840565424625773	0.9873198743195499	0.9998195854268183	0.34561751804425556	0.9960107151647404	0.031105480003308428	
0.34561751804425556	0.0	0.9447710605218983	0.9280124939683395	0.4489488538258024	0.8552549455755853	0.7624399154673471	0.7527877203483868	0.8652152405899555	0.8518353515554449	0.861944410211681	0.8716122570573789	0.9447710605218983	0.0	0.9654727614029557	0.3746388958717477	
-0.7732803990737499	-0.9447710605218983	0.0	-0.0478350698512186	-0.6970727443891301	-0.20929381342419384	-0.3614474000394916	-0.37519625816860447	-0.19015089888554998	-0.2157072876025401	0.7614875172337325	0.7487773542983118	0.6192616293053483	0.9447710605218983	0.5625320687591944	-0.7531833428193102	
-0.7420646787979824	-0.9280124939683395	0.0478350698512186	0.0	-0.6619770041114987	-0.16227856685304193	-0.31643257189751056	-0.3304262536494101	-0.1429709101806369	-0.1687514161406637	0.7916215179696892	0.7796263073320893	0.6561120938247249	0.9280124939683395	0.6014369711257452	-0.720854716121319	
-0.11245348368244984	-0.4489488538258024	0.6970727443891301	0.6619770041114987	0.0	0.5315707851357135	0.3907874656285965	0.3771325001258372	0.548016292805073	0.5260000941083883	0.9978151776591345	0.9989085424905015	0.9913417057408428	0.4489488538258024	0.9796583676287945	-0.08149089064672771	
-0.6234486870940169	-0.8552549455755853	0.20929381342419384	0.16227856685304193	-0.5315707851357135	0.0	-0.15829837013806863	-0.1728827749860441	0.019535632736356112	-0.006563341788606791	0.8802826763360807	0.8709184932600604	0.769881021478624	0.8552549455755853	0.7231125490496993	-0.5988267415651072	
-0.49181998498183055	-0.7624399154673471	0.3614474000394916	0.31643257189751056	-0.3907874656285965	0.15829837013806863	0.0	-0.01478817424026263	0.17755747495142032	0.15181437381966245	0.9442880731612268	0.9377295345833432	0.8611978729624477	0.7624399154673471	0.8233365255078631	-0.46449855176728083	
-0.4788901864025791	-0.7527877203483868	0.37519625816860447	0.3304262536494101	-0.3771325001258372	0.1728827749860441	0.01478817424026263	0.0	0.1920912554045615	0.1664145376083378	0.9490518995550025	0.9427639057027382	0.8686200829484235	0.7527877203483868	0.8316395727364506	-0.45135173754609836	
-0.6386039221693528	-0.8652152405899555	0.19015089888554998	0.1429709101806369	-0.548016292805073	-0.019535632736356112	-0.17755747495142032	-0.1920912554045615	0.0	-0.026097301208254597	0.8708460114837399	0.8611519413573212	0.7572667028895148	0.8652152405899555	0.709480699240577	-0.6143581324745713	
-0.6183036162305633	-0.8518353515554449	0.2157072876025401	0.1687514161406637	-0.5260000941083883	0.006563341788606791	-0.15181437381966245	-0.1664145376083378	0.026097301208254597	0.0	0.8833776907579907	0.8741251411640711	0.7740530813578222	0.8518353515554449	0.7276304724970268	-0.5935574034703291	
-0.9840565424625773	-0.861944410211681	-0.7614875172337325	-0.7916215179696892	-0.9978151776591345	-0.8802826763360807	-0.9442880731612268	-0.9490518995550025	-0.8708460114837399	-0.8833776907579907	0.0	-0.019388187627670694	-0.19651561859887673	0.861944410211681	-0.26495740001546103	-0.989112658010503	
-0.9873198743195499	-0.8716122570573789	-0.7487773542983118	-0.7796263073320893	-0.9989085424905015	-0.8709184932600604	-0.9377295345833432	-0.9427639057027382	-0.8611519413573212	-0.8741251411640711	0.019388187627670694	0.0	-0.17746854840654425	0.8716122570573789	-0.24621234025048835	-0.9917799071483415	
-0.9998195854268183	-0.9447710605218983	-0.6192616293053483	-0.6561120938247249	-0.9913417057408428	-0.769881021478624	-0.8611978729624477	-0.8686200829484235	-0.7572667028895148	-0.7740530813578222	0.19651561859887673	0.17746854840654425	0.0	0.9447710605218983	-0.07029874100974043	-0.9987449426110493	
-0.34561751804425556	-0.0	-0.9447710605218983	-0.9280124939683395	-0.4489488538258024	-0.8552549455755853	-0.7624399154673471	-0.7527877203483868	-0.8652152405899555	-0.8518353515554449	-0.861944410211681	-0.8716122570573789	-0.9447710605218983	0.0	-0.9654727614029557	-0.3746388958717477	
-0.9960107151647404	-0.9654727614029557	-0.5625320687591944	-0.6014369711257452	-0.9796583676287945	-0.7231125490496993	-0.8233365255078631	-0.8316395727364506	-0.709480699240577	-0.7276304724970268	0.26495740001546103	0.24621234025048835	0.07029874100974043	0.9654727614029557	0.0	-0.9927530956004802	
-0.031105480003308428	-0.3746388958717477	0.7531833428193102	0.720854716121319	0.08149089064672771	0.5988267415651072	0.46449855176728083	0.45135173754609836	0.6143581324745713	0.5935574034703291	0.989112658010503	0.9917799071483415	0.9987449426110493	0.3746388958717477	0.9927530956004802	0.0	
