0.0	0.5893740513533291	0.9868609147082301	0.946349762987955	0.7111336628184328	0.946349762987955	0.9268038175531125	0.9787116425503138	0.8931385036680053	0.9213870113828312	2.1073424255447017e-08	0.843507202572973	0.8378820178855783	0.9157508751665261	0.9813675734552185	0.462799617501292	
-0.5893740513533291	0.0	0.702019344482112	0.5740656192795499	0.1601331826916933	0.5740656192795499	0.5273910112610933	0.6696990379663199	0.456441433129094	0.9734100326639279	0.5893740683777113	0.9979992937697026	0.9986022358872539	0.9765777801309037	0.6795656936758055	-0.14858081704995713	
-0.9868609147082301	-0.702019344482112	0.0	-0.16599461393693496	-0.578919970910198	-0.16599461393693496	-0.22086590405741402	-0.04441101621867377	-0.29956577874920554	0.5324102897897496	0.9868609181131067	0.6663478339599953	0.6740577228939318	0.5444277900487839	-0.03105362122029154	-0.8000401172127081	
-0.946349762987955	-0.5740656192795499	0.16599461393693496	0.0	-0.4355390035584018	0.0	-0.05590651452961798	0.1220359473084747	-0.13703838159404075	0.6655361692889223	0.9463497697977081	0.7808757603978466	0.787322972066643	0.6761123205083768	0.13529175430324863	-0.6893529993220437	
-0.7111336628184328	-0.1601331826916933	0.578919970910198	0.4355390035584018	0.0	0.4355390035584018	0.3845324646031299	0.5421367277067658	0.30807219389691487	0.9241669294368953	0.7111336776342476	0.9749960979411805	0.9772519678097127	0.9295204469224888	0.5533201320838477	-0.3050191910205078	
-0.946349762987955	-0.5740656192795499	0.16599461393693496	0.0	-0.4355390035584018	0.0	-0.05590651452961798	0.1220359473084747	-0.13703838159404075	0.6655361692889223	0.9463497697977081	0.7808757603978466	0.787322972066643	0.6761123205083768	0.13529175430324863	-0.6893529993220437	
-0.9268038175531125	-0.5273910112610933	0.22086590405741402	0.05590651452961798	-0.3845324646031299	0.05590651452961798	0.0	0.17733373544564007	-0.08144497678852541	0.7062219751033314	0.9268038254671492	0.8145785137769497	0.8205602513322938	0.7162467259565342	0.19047265812890882	-0.6477747465563881	
-0.9787116425503138	-0.6696990379663199	0.04441101621867377	-0.1220359473084747	-0.5421367277067658	-0.1220359473084747	-0.17733373544564007	0.0	-0.2568987412725048	0.5694783067816291	0.9787116468754264	0.6988050543502957	0.706198130502456	0.581142930143837	0.013366615693208794	-0.7726065188527327	
-0.8931385036680053	-0.456441433129094	0.29956577874920554	0.13703838159404075	-0.30807219389691487	0.13703838159404075	0.08144497678852541	0.2568987412725048	0.0	0.7615380606868607	0.8931385131464465	0.8591147817577183	0.8643849122866516	0.7707033833069018	0.2697938003450914	-0.5835753516597568	
-0.9213870113828312	-0.9734100326639279	-0.5324102897897496	-0.6655361692889223	-0.9241669294368953	-0.6655361692889223	-0.7062219751033314	-0.5694783067816291	-0.7615380606868607	0.0	0.9213870031927218	0.16706743843528438	0.17730059042454482	0.014260880489265826	-0.5584399880557344	-0.9966407995236339	
-2.1073424255447017e-08	-0.5893740683777113	-0.9868609181131067	-0.9463497697977081	-0.7111336776342476	-0.9463497697977081	-0.9268038254671492	-0.9787116468754264	-0.8931385131464465	-0.9213870031927218	0.0	-0.8435071912540602	-0.8378820063826204	-0.9157508667003492	-0.9813675775042608	-0.4627996361821012	
-0.843507202572973	-0.9979992937697026	-0.6663478339599953	-0.7808757603978466	-0.9749960979411805	-0.7808757603978466	-0.8145785137769497	-0.6988050543502957	-0.8591147817577183	-0.16706743843528438	0.8435071912540602	0.0	0.010388167497660361	-0.1529899985671102	-0.6891813222300254	-0.9963158021983676	
-0.8378820178855783	-0.9986022358872539	-0.6740577228939318	-0.787322972066643	-0.9772519678097127	-0.787322972066643	-0.8205602513322938	-0.706198130502456	-0.8643849122866516	-0.17730059042454482	0.8378820063826204	-0.010388167497660361	0.0	-0.16324761871985122	-0.6966712861448647	-0.9953711505730484	
-0.9157508751665261	-0.9765777801309037	-0.5444277900487839	-0.6761123205083768	-0.9295204469224888	-0.6761123205083768	-0.7162467259565342	-0.581142930143837	-0.7707033833069018	-0.014260880489265826	0.9157508667003492	0.1529899985671102	0.16324761871985122	0.0	-0.5702132404521312	-0.997707372764499	
-0.9813675734552185	-0.6795656936758055	0.03105362122029154	-0.13529175430324863	-0.5533201320838477	-0.13529175430324863	-0.19047265812890882	-0.013366615693208794	-0.2697938003450914	0.5584399880557344	0.9813675775042608	0.6891813222300254	0.6966712861448647	0.5702132404521312	0.0	-0.7810237623008529	
-0.462799617501292	0.14858081704995713	0.8000401172127081	0.6893529993220437	0.3050191910205078	0.6893529993220437	0.6477747465563881	0.7726065188527327	0.5835753516597568	0.9966407995236339	0.4627996361821012	0.9963158021983676	0.9953711505730484	0.997707372764499	0.7810237623008529	0.0	
