0.0	-0.034301852908171226	0.3088358576756891	0.7933312635203477	0.4641566346912178	-0.7598655627591758	0.4012761528501195	0.5725556232539123	0.26169601403387366	0.2092071536387473	0.5986638176406589	0.8336794977828909	0.9588874142040185	0.8867335517773808	0.7598655627591758	0.9756328132752861	
0.034301852908171226	0.0	0.34127913232816937	0.8137470344362012	0.494266460794724	-0.7371194387875062	0.43245903563827615	0.6003416034999807	0.2946484560223607	0.24262683808528235	0.6257873126752042	0.8521320422316716	0.9680575383004064	0.870354634694131	0.7371194387875062	0.9825848302448721	
-0.3088358576756891	-0.34127913232816937	0.0	0.5665333008075639	0.16791417149782792	-0.9234878926788098	0.09877950607499358	0.29136246153086376	-0.0491699392967993	-0.10302159985326159	0.3220207035938534	0.6223712049820083	0.8243690122288098	0.9861548050959428	0.9234878926788098	0.8601777658097113	
-0.7933312635203477	-0.8137470344362012	-0.5665333008075639	0.0	-0.42012164481966374	-0.978327690244935	-0.4823644319228767	-0.30185898130776057	-0.6063659774409765	-0.6484126448013612	-0.2709979911338032	0.06941984293494266	0.35862434835198476	0.9065765667087295	0.978327690244935	0.41989112500364434	
-0.4641566346912178	-0.494266460794724	-0.16791417149782792	0.42012164481966374	0.0	-0.97479236475053	-0.0697159643102177	0.1265967520697311	-0.21618287278955187	-0.2685795800634248	0.15847870614674392	0.4821043870643395	0.7176160255873401	0.999997760157085	0.97479236475053	0.7623293592237694	
0.7598655627591758	0.7371194387875062	0.9234878926788098	0.978327690244935	0.97479236475053	0.0	0.9568659741427772	0.9951949474884552	0.9035079223546656	0.8790521976276283	0.9978321382071573	0.9615932518112759	0.8389935547352351	0.225176647815368	0.0	0.8009614898077231	
-0.4012761528501195	-0.43245903563827615	-0.09877950607499358	0.4823644319228767	0.0697159643102177	-0.9568659741427772	0.0	0.19544377533372082	-0.14758949115558673	-0.2007716688729987	0.22692803028821545	0.5420104874603344	0.7644228956319565	0.9977122033621942	0.9568659741427772	0.805593945916428	
-0.5725556232539123	-0.6003416034999807	-0.29136246153086376	0.30185898130776057	-0.1265967520697311	-0.9951949474884552	-0.19544377533372082	0.0	-0.33804662725010715	-0.3883639305012341	0.03220675599152914	0.3673123432481994	0.6236753649788138	0.9916840971565499	0.9951949474884552	0.6742637993961154	
-0.26169601403387366	-0.2946484560223607	0.0491699392967993	0.6063659774409765	0.21618287278955187	-0.9035079223546656	0.14758949115558673	0.33804662725010715	0.0	-0.05398867580210526	0.3681819818308845	0.660104805920239	0.8512046577773118	0.9768082595644652	0.9035079223546656	0.8842137079964196	
-0.2092071536387473	-0.24262683808528235	0.10302159985326159	0.6484126448013612	0.2685795800634248	-0.8790521976276283	0.2007716688729987	0.3883639305012341	0.05398867580210526	0.0	0.41784117961693795	0.6996969378937199	0.8782983042457191	0.9638237969165648	0.8790521976276283	0.9081412936054374	
-0.5986638176406589	-0.6257873126752042	-0.3220207035938534	0.2709979911338032	-0.15847870614674392	-0.9978321382071573	-0.22692803028821545	-0.03220675599152914	-0.3681819818308845	-0.41784117961693795	0.0	0.33716636371180714	0.5981763309695878	0.987024759540361	0.9978321382071573	0.650129624390767	
-0.8336794977828909	-0.8521320422316716	-0.6223712049820083	-0.06941984293494266	-0.4821043870643395	-0.9615932518112759	-0.5420104874603344	-0.3673123432481994	-0.660104805920239	-0.6996969378937199	-0.33716636371180714	0.0	0.2929570075294303	0.8750914338927164	0.9615932518112759	0.35587447329881194	
-0.9588874142040185	-0.9680575383004064	-0.8243690122288098	-0.35862434835198476	-0.7176160255873401	-0.8389935547352351	-0.7644228956319565	-0.6236753649788138	-0.8512046577773118	-0.8782983042457191	-0.5981763309695878	-0.2929570075294303	0.0	0.6949185579992541	0.8389935547352351	0.0664824842226136	
-0.8867335517773808	-0.870354634694131	-0.9861548050959428	-0.9065765667087295	-0.999997760157085	-0.225176647815368	-0.9977122033621942	-0.9916840971565499	-0.9768082595644652	-0.9638237969165648	-0.987024759540361	-0.8750914338927164	-0.6949185579992541	0.0	0.225176647815368	-0.6455743283336144	
-0.7598655627591758	-0.7371194387875062	-0.9234878926788098	-0.978327690244935	-0.97479236475053	-0.0	-0.9568659741427772	-0.9951949474884552	-0.9035079223546656	-0.8790521976276283	-0.9978321382071573	-0.9615932518112759	-0.8389935547352351	-0.225176647815368	0.0	-0.8009614898077231	
-0.9756328132752861	-0.9825848302448721	-0.8601777658097113	-0.41989112500364434	-0.7623293592237694	-0.8009614898077231	-0.805593945916428	-0.6742637993961154	-0.8842137079964196	-0.9081412936054374	-0.650129624390767	-0.35587447329881194	-0.0664824842226136	0.6455743283336144	0.8009614898077231	0.0	
