0.0	-0.3850340594635033	-0.5595042218097159	-0.8674951561373614	-0.8988230104574855	-0.9816354277214985	-0.4586263352496578	0.06982244506469254	0.5341480279814256	0.051211050279719006	-0.22905448384784452	0.27951777495884433	0.8988230104574855	0.6345121347288781	-0.19639960351112917	-0.666829568040904	
0.3850340594635033	0.0	-0.19724095169061717	-0.6090798201589913	-0.9982908358721079	-0.8325020269096712	-0.08111481425950388	0.4485336583714872	0.8184707928289374	0.431791637647365	0.16340246670738845	0.627654416361231	0.9982908358721079	0.8831905404549589	0.19627745446515088	-0.32848725415792024	
0.5595042218097159	0.19724095169061717	0.0	-0.4406809123612294	-0.9902065074751493	-0.7068717326548376	0.11706967915598604	0.6160094779645342	0.9157163891534474	0.6012151969987639	0.35478236535852675	0.7688746919085405	0.9902065074751493	0.9583491373410871	0.3858258911809139	-0.1357383992705208	
0.8674951561373614	0.6090798201589913	0.4406809123612294	0.0	-0.827348903665906	-0.32282117123239074	0.5427398750752482	0.9001108478602585	0.9990821693379714	0.8918315883629833	0.7304894340779017	0.9719621436604096	0.827348903665906	0.9861334849460066	0.7529016435514169	0.31475483419066497	
0.8988230104574855	0.9982908358721079	0.9902065074751493	0.827348903665906	0.0	0.6017277379193015	0.9997417022283004	0.8660253758520037	0.5257334920735827	0.8751972174110609	0.9753238186411116	0.7404804635549038	0.0	0.41659777125513503	0.9674017342267914	0.9620913658932265	
0.9816354277214985	0.8325020269096712	0.7068717326548376	0.32282117123239074	-0.6017277379193015	0.0	0.7848193448661906	0.9925594714279109	0.9317633129176557	0.9901167348200122	0.9118413390813639	0.9958305968822219	0.6017277379193015	0.8797623933594377	0.9250505564872435	0.6043159950192356	
0.4586263352496578	0.08111481425950388	-0.11706967915598604	-0.5427398750752482	-0.9997417022283004	-0.7848193448661906	0.0	0.5195532924832905	0.8623781039264081	0.5035321857093085	0.2428886071006216	0.6887333882890803	0.9997417022283004	0.9183242319777273	0.27516767514166335	-0.2507911874882845	
-0.06982244506469254	-0.4485336583714872	-0.6160094779645342	-0.9001108478602585	-0.8660253758520037	-0.9925594714279109	-0.5195532924832905	0.0	0.473817140715478	-0.018644761395968656	-0.29646157932321354	0.21179623509094947	0.8660253758520037	0.5789968980642988	-0.264382856387374	-0.7172345293051895	
-0.5341480279814256	-0.8184707928289374	-0.9157163891534474	-0.9990821693379714	-0.5257334920735827	-0.9317633129176557	-0.8623781039264081	-0.473817140715478	0.0	-0.4901537881794975	-0.7135875479116258	-0.27655536245601087	0.5257334920735827	0.1235609247700078	-0.6897793790161878	-0.9617842814392167	
-0.051211050279719006	-0.431791637647365	-0.6012151969987639	-0.8918315883629833	-0.8751972174110609	-0.9901167348200122	-0.5035321857093085	0.018644761395968656	0.4901537881794975	0.0	-0.27860346375327083	0.22998120231194213	0.8751972174110609	0.5940978803449966	-0.2463555591807194	-0.7041175897656836	
0.22905448384784452	-0.16340246670738845	-0.35478236535852675	-0.7304894340779017	-0.9753238186411116	-0.9118413390813639	-0.2428886071006216	0.29646157932321354	0.7135875479116258	0.27860346375327083	0.0	0.49201089523155417	0.9753238186411116	0.7946819088680706	0.033415359065480044	-0.47840722194734686	
-0.27951777495884433	-0.627654416361231	-0.7688746919085405	-0.9719621436604096	-0.7404804635549038	-0.9958305968822219	-0.6887333882890803	-0.21179623509094947	0.27655536245601087	-0.22998120231194213	-0.49201089523155417	0.0	0.7404804635549038	0.3931779154177741	-0.4626450868015349	-0.8485495995128516	
-0.8988230104574855	-0.9982908358721079	-0.9902065074751493	-0.827348903665906	-0.0	-0.6017277379193015	-0.9997417022283004	-0.8660253758520037	-0.5257334920735827	-0.8751972174110609	-0.9753238186411116	-0.7404804635549038	0.0	-0.41659777125513503	-0.9674017342267914	-0.9620913658932265	
-0.6345121347288781	-0.8831905404549589	-0.9583491373410871	-0.9861334849460066	-0.41659777125513503	-0.8797623933594377	-0.9183242319777273	-0.5789968980642988	-0.1235609247700078	-0.5940978803449966	-0.7946819088680706	-0.3931779154177741	0.41659777125513503	0.0	-0.7739541250381607	-0.9882461262066379	
0.19639960351112917	-0.19627745446515088	-0.3858258911809139	-0.7529016435514169	-0.9674017342267914	-0.9250505564872435	-0.27516767514166335	0.264382856387374	0.6897793790161878	0.2463555591807194	-0.033415359065480044	0.4626450868015349	0.9674017342267914	0.7739541250381607	0.0	-0.5074833559516864	
0.666829568040904	0.32848725415792024	0.1357383992705208	-0.31475483419066497	-0.9620913658932265	-0.6043159950192356	0.2507911874882845	0.7172345293051895	0.9617842814392167	0.7041175897656836	0.47840722194734686	0.8485495995128516	0.9620913658932265	0.9882461262066379	0.5074833559516864	0.0	
