0.0	-0.8786625496330851	-0.2620798256128987	0.06538547930435262	-0.9973677841897269	-0.6545822287754819	0.8660251648067928	0.1334652636954592	0.23416132739746603	-0.9785500867658403	-0.8660251648067928	-0.15940761891257282	0.119615343076383	0.7091396277763578	0.07877395630321632	-0.8909014857745781	
0.8786625496330851	0.0	0.7228216911198231	0.9080001423217319	-0.5398972138256481	0.35173490061519397	0.8528095684566097	0.9345236864410025	0.9660325188007999	-0.286189767266529	-0.8528095684566097	0.791318856917905	0.9294635722162846	0.958090889429853	0.9135422081879659	-0.026269429144805456	
0.2620798256128987	-0.7228216911198231	0.0	0.3246190039631557	-0.9815090405809318	-0.4335721515892085	0.9667943142846139	0.38853527161962853	0.4807699166243099	-0.8903552258891957	-0.9667943142846139	0.1048928549236103	0.37563250604473797	0.8691366196628851	0.3372859205698133	-0.7407253287963027	
-0.06538547930435262	-0.9080001423217319	-0.3246190039631557	0.0	-0.9904924845763987	-0.7026122966228685	0.8314791734494404	0.06837915112731086	0.17009262475130293	-0.9899260681029609	-0.8314791734494404	-0.2236158847147658	0.0544433439116041	0.6615209117164833	0.01342309216702664	-0.9186928895505522	
0.9973677841897269	0.5398972138256481	0.9815090405809318	0.9904924845763987	0.0	0.8014637476907425	0.4358899969108907	0.9787674400893929	0.9526599999436783	0.2764201245389989	-0.4358899969108907	0.9961727224982422	0.9815338475605055	0.6517934313148512	0.9885566748882241	0.5175991031080773	
0.6545822287754819	-0.35173490061519397	0.4335721515892085	0.7026122966228685	-0.8014637476907425	0.0	0.9819984517096677	0.7496245163181046	0.8134071842992978	-0.6049250118234688	-0.9819984517096677	0.5257012925277833	0.7403106320482322	0.9976280730716637	0.7121005039634518	-0.37620432004658805	
-0.8660251648067928	-0.8528095684566097	-0.9667943142846139	-0.8314791734494404	-0.4358899969108907	-0.9819984517096677	0.0	-0.7915445763794963	-0.7248669594511437	-0.6676844678197836	-0.0	-0.9346550464834508	-0.7999996523059854	-0.25603658716634986	-0.8239469839993718	-0.8387967886238316	
-0.1334652636954592	-0.9345236864410025	-0.38853527161962853	-0.06837915112731086	-0.9787674400893929	-0.7496245163181046	0.7915445763794963	0.0	0.10231177154278476	-0.9972905321415224	-0.7915445763794963	-0.28974010066208866	-0.01396182117884287	0.6086932078445	-0.054981316425615545	-0.9435504959214287	
-0.23416132739746603	-0.9660325188007999	-0.4807699166243099	-0.17009262475130293	-0.9526599999436783	-0.8134071842992978	0.7248669594511437	-0.10231177154278476	0.0	-0.9995835485047196	-0.7248669594511437	-0.3861428004259137	-0.11619035398867017	0.5243242773443864	-0.15684980853793823	-0.9724876999304107	
0.9785500867658403	0.286189767266529	0.8903552258891957	0.9899260681029609	-0.2764201245389989	0.6049250118234688	0.6676844678197836	0.9972905321415224	0.9995835485047196	0.0	-0.6676844678197836	0.9331978081869614	0.9961662442616965	0.8360336038620377	0.9917373936437752	0.26092034626720867	
0.8660251648067928	0.8528095684566097	0.9667943142846139	0.8314791734494404	0.4358899969108907	0.9819984517096677	0.0	0.7915445763794963	0.7248669594511437	0.6676844678197836	0.0	0.9346550464834508	0.7999996523059854	0.25603658716634986	0.8239469839993718	0.8387967886238316	
0.15940761891257282	-0.791318856917905	-0.1048928549236103	0.2236158847147658	-0.9961727224982422	-0.5257012925277833	0.9346550464834508	0.28974010066208866	0.3861428004259137	-0.9331978081869614	-0.9346550464834508	0.0	0.27634892549752466	0.8124649756964417	0.23667892221761438	-0.8071069977841983	
-0.119615343076383	-0.9294635722162846	-0.37563250604473797	-0.0544433439116041	-0.9815338475605055	-0.7403106320482322	0.7999996523059854	0.01396182117884287	0.11619035398867017	-0.9961662442616965	-0.7999996523059854	-0.27634892549752466	0.0	0.6197112661999904	-0.04103525504645611	-0.9388339710458018	
-0.7091396277763578	-0.958090889429853	-0.8691366196628851	-0.6615209117164833	-0.6517934313148512	-0.9976280730716637	0.25603658716634986	-0.6086932078445	-0.5243242773443864	-0.8360336038620377	-0.25603658716634986	-0.8124649756964417	-0.6197112661999904	0.0	-0.6513949773470551	-0.9502349952699743	
-0.07877395630321632	-0.9135422081879659	-0.3372859205698133	-0.01342309216702664	-0.9885566748882241	-0.7121005039634518	0.8239469839993718	0.054981316425615545	0.15684980853793823	-0.9917373936437752	-0.8239469839993718	-0.23667892221761438	0.04103525504645611	0.6513949773470551	0.0	-0.9239118750058045	
0.8909014857745781	0.026269429144805456	0.7407253287963027	0.9186928895505522	-0.5175991031080773	0.37620432004658805	0.8387967886238316	0.9435504959214287	0.9724876999304107	-0.26092034626720867	-0.8387967886238316	0.8071069977841983	0.9388339710458018	0.9502349952699743	0.9239118750058045	0.0	
