0.0	-0.8186140475169196	-0.7730988896196962	-0.8117535491527599	-0.007369031201331033	0.7730988896196964	0.5031722367709967	-0.3703585502300038	-0.8082888719428675	-0.9746046628532721	-0.9974349364476753	-0.5417755613813944	-0.40876630167855266	-0.560945698221629	-0.4873055021246001	-0.714472566175316	
0.8186140475169196	0.0	-0.9632597437428769	0.011844938591125509	0.8143594618450092	0.9632597437428772	0.996428881168515	0.5476882679359709	0.017752720348509027	-0.3764440840244384	-0.5142752381941852	0.3768985464186364	0.5123267036511036	0.35551596440530864	0.4349586212420812	0.16240129561097	
0.7730988896196962	0.9632597437428769	0.0	0.9663733807296049	0.7777519683928196	0.0	0.3489464939335905	0.9530360202747995	0.9678758169987193	0.7912995585554871	0.6879961410194473	0.993447936331818	0.9648348096597609	0.9958116518023791	0.9841851635182833	0.9940886364989624	
0.8117535491527599	-0.011844938591125509	-0.9663733807296049	0.0	0.807427993352509	0.9663733807296051	0.9953588354411013	0.5377393930356187	0.005908403004610402	-0.3873912921583046	-0.5243976776583523	0.36590067734565507	0.5021184397211531	0.3444199124035394	0.4242623270801966	0.15070220795993744	
0.007369031201331033	-0.8143594618450092	-0.7777519683928196	-0.807427993352509	0.0	0.7777519683928198	0.5095267894957489	-0.3635034832624592	-0.8039281422261988	-0.9729280353414633	-0.9968803868228244	-0.5355670096169138	-0.4020299370492279	-0.5548299959809535	-0.4808574003916597	-0.7092973252050847	
-0.7730988896196964	-0.9632597437428772	-0.0	-0.9663733807296051	-0.7777519683928198	0.0	-0.34894649393359056	-0.9530360202747997	-0.9678758169987195	-0.7912995585554873	-0.6879961410194474	-0.9934479363318183	-0.9648348096597611	-0.9958116518023793	-0.9841851635182836	-0.9940886364989626	
-0.5031722367709967	-0.996428881168515	-0.3489464939335905	-0.9953588354411013	-0.5095267894957489	0.34894649393359056	0.0	-0.7874498228105815	-0.9947728783883234	-0.9549164522424852	-0.897986002163794	-0.8911228720318681	-0.8124648289288521	-0.9013139460908608	-0.8605085397192918	-0.9694885218670084	
0.3703585502300038	-0.5476882679359709	-0.9530360202747995	-0.5377393930356187	0.3635034832624592	0.9530360202747997	0.7874498228105815	0.0	-0.532748566700332	-0.8223641250286121	-0.8999963372158151	-0.19195434046636553	-0.04169477991748505	-0.21445393129628354	-0.1292438877172403	-0.4045392756975984	
0.8082888719428675	-0.017752720348509027	-0.9678758169987193	-0.005908403004610402	0.8039281422261988	0.9678758169987195	0.9947728783883234	0.532748566700332	0.0	-0.3928315779958808	-0.529419372847689	0.36039561229575395	0.4970000951643278	0.33886699911521645	0.4189046303838211	0.14485865314326665	
0.9746046628532721	0.3764440840244384	-0.7912995585554871	0.3873912921583046	0.9729280353414633	0.7912995585554873	0.9549164522424852	0.8223641250286121	0.3928315779958808	0.0	-0.15359688059398002	0.6978566852671324	0.7979262660827373	0.6812150461798129	0.7419320199065771	0.5219016604787623	
0.9974349364476753	0.5142752381941852	-0.6879961410194473	0.5243976776583523	0.9968803868228244	0.6879961410194474	0.897986002163794	0.8999963372158151	0.529419372847689	0.15359688059398002	0.0	0.7995874680588964	0.8810390469670905	0.7855771934042985	0.8361108387897324	0.6467275717117803	
0.5417755613813944	-0.3768985464186364	-0.993447936331818	-0.36590067734565507	0.5355670096169138	0.9934479363318183	0.8911228720318681	0.19195434046636553	-0.36039561229575395	-0.6978566852671324	-0.7995874680588964	0.0	0.15086799808567297	-0.022977564507767986	0.06350393808440707	-0.22147020210403034	
0.40876630167855266	-0.5123267036511036	-0.9648348096597609	-0.5021184397211531	0.4020299370492279	0.9648348096597611	0.8124648289288521	0.04169477991748505	-0.4970000951643278	-0.7979262660827373	-0.8810390469670905	-0.15086799808567297	0.0	-0.17354272745554808	-0.08778641754828795	-0.3660567499323904	
0.560945698221629	-0.35551596440530864	-0.9958116518023791	-0.3444199124035394	0.5548299959809535	0.9958116518023793	0.9013139460908608	0.21445393129628354	-0.33886699911521645	-0.6812150461798129	-0.7855771934042985	0.022977564507767986	0.17354272745554808	0.0	0.08641835814679653	-0.19900476389393174	
0.4873055021246001	-0.4349586212420812	-0.9841851635182833	-0.4242623270801966	0.4808574003916597	0.9841851635182836	0.8605085397192918	0.1292438877172403	-0.4189046303838211	-0.7419320199065771	-0.8361108387897324	-0.06350393808440707	0.08778641754828795	-0.08641835814679653	0.0	-0.2829501376113757	
0.714472566175316	-0.16240129561097	-0.9940886364989624	-0.15070220795993744	0.7092973252050847	0.9940886364989626	0.9694885218670084	0.4045392756975984	-0.14485865314326665	-0.5219016604787623	-0.6467275717117803	0.22147020210403034	0.3660567499323904	0.19900476389393174	0.2829501376113757	0.0	
