0.0	0.014449174530544978	-0.5470353758096478	-0.7211128177267749	-0.4438815605931291	-0.33430943425134757	-0.37103926879900107	-0.34351049638872017	-0.28348415428389684	-0.8006012348523677	-0.5381440331153324	0.4310945749809624	0.9919676859227167	0.5979237495347319	-0.09089856495780635	-0.991967689692458	
-0.014449174530544978	0.0	-0.5590738092933228	-0.7310481805446684	-0.4567829169537566	-0.34789235180371625	-0.3844182858986816	-0.35704456115133615	-0.2973109849171167	-0.8091755657512358	-0.5502663822498153	0.4180119832799124	0.9900364313222921	0.5862795504279702	-0.1052784328291626	-0.9900364355187999	
0.5470353758096478	0.5590738092933228	0.0	-0.22465461612880955	0.11861298233589457	0.23570720344279125	0.1973859533491062	0.22619174092062688	0.2872870244526442	-0.34240865294282596	0.010584872295556491	0.8544670706087605	0.8995809112545042	0.9390054838614683	0.4686786835316168	-0.899580898238216	
0.7211128177267749	0.7310481805446684	0.22465461612880955	0.0	0.33864973218364974	0.4480069371937373	0.41257519253845854	0.43924212760206094	0.495127722147324	-0.12258166183562291	0.23495633728920962	0.9493348943205715	0.7784673986842618	0.992262262927385	0.6551513926805436	-0.7784673799777896	
0.4438815605931291	0.4567829169537566	-0.11861298233589457	-0.33864973218364974	0.0	0.1187722863288076	0.07971314599397727	0.10905608878489428	0.17164614194948793	-0.4514344012779597	-0.10809618842899432	0.7868149100001621	0.945035087740756	0.8915853714247268	0.3605910774803131	-0.945035077996322	
0.33430943425134757	0.34789235180371625	-0.23570720344279125	-0.4480069371937373	-0.1187722863288076	0.0	-0.03924543635042449	-0.009779743238012645	0.0534216006463234	-0.554219954677074	-0.225407364640338	0.7079405039876256	0.977180523047698	0.8314879568259871	0.24725687766309956	-0.977180516717371	
0.37103926879900107	0.3844182858986816	-0.1973859533491062	-0.41257519253845854	-0.07971314599397727	0.03924543635042449	0.0	0.029471350587864376	0.09256984040695504	-0.5211262503640366	-0.18699827152371282	0.7351130631406811	0.9680915610456807	0.8526498981383984	0.285093255452012	-0.9680915535773152	
0.34351049638872017	0.35704456115133615	-0.22619174092062688	-0.43924212760206094	-0.10905608878489428	0.009779743238012645	-0.029471350587864376	0.0	0.06318482409610626	-0.5460530829336826	-0.21586852734189124	0.7148138078095316	0.9750564712442309	0.8368812584386416	0.25672113501601423	-0.9750564646293985	
0.28348415428389684	0.2973109849171167	-0.2872870244526442	-0.495127722147324	-0.17164614194948793	-0.0534216006463234	-0.09256984040695504	-0.06318482409610626	0.0	-0.5978951058672398	-0.2771322681012369	0.6691994133598862	0.9871324644765491	0.800622646507255	0.1951409482798284	-0.9871324597110187	
0.8006012348523677	0.8091755657512358	0.34240865294282596	0.12258166183562291	0.4514344012779597	0.554219954677074	0.5211262503640366	0.5460530829336826	0.5978951058672398	0.0	0.35233449941614986	0.980698694971686	0.6956538573709787	0.9999987358446033	0.7428206765688778	-0.6956538359616714	
0.5381440331153324	0.5502663822498153	-0.010584872295556491	-0.23495633728920962	0.10809618842899432	0.225407364640338	0.18699827152371282	0.21586852734189124	0.2771322681012369	-0.35233449941614986	0.0	0.8489203022341947	0.9041535023961285	0.9353127189930932	0.4593020824605505	-0.9041534896643456	
-0.4310945749809624	-0.4180119832799124	-0.8544670706087605	-0.9493348943205715	-0.7868149100001621	-0.7079405039876256	-0.7351130631406811	-0.7148138078095316	-0.6691994133598862	-0.980698694971686	-0.8489203022341947	0.0	0.8405293194250092	0.19396549004760844	-0.5113282993585934	-0.8405293355708955	
-0.9919676859227167	-0.9900364313222921	-0.8995809112545042	-0.7784673986842618	-0.945035087740756	-0.977180523047698	-0.9680915610456807	-0.9750564712442309	-0.9871324644765491	-0.6956538573709787	-0.9041535023961285	-0.8405293194250092	0.0	-0.71948236408863	-0.9993589943456666	-2.9802322387695312e-08	
-0.5979237495347319	-0.5862795504279702	-0.9390054838614683	-0.992262262927385	-0.8915853714247268	-0.8314879568259871	-0.8526498981383984	-0.8368812584386416	-0.800622646507255	-0.9999987358446033	-0.9353127189930932	-0.19396549004760844	0.71948236408863	0.0	-0.6683084548483724	-0.7194823847866618	
0.09089856495780635	0.1052784328291626	-0.4686786835316168	-0.6551513926805436	-0.3605910774803131	-0.24725687766309956	-0.285093255452012	-0.25672113501601423	-0.1951409482798284	-0.7428206765688778	-0.4593020824605505	0.5113282993585934	0.9993589943456666	0.6683084548483724	0.0	-0.9993589954125728	
0.991967689692458	0.9900364355187999	0.899580898238216	0.7784673799777896	0.945035077996322	0.977180516717371	0.9680915535773152	0.9750564646293985	0.9871324597110187	0.6956538359616714	0.9041534896643456	0.8405293355708955	2.9802322387695312e-08	0.7194823847866618	0.9993589954125728	0.0	
