0.0	-0.3884963996105634	-0.4678985807645385	0.8161871656050719	0.587088834714156	0.4266046627767987	0.7191011778623412	0.2500774388395357	-0.13946600805054338	0.9161150434949707	0.6949055067617111	0.9037603052273567	0.8598275232771753	0.7033037031997303	-0.6949055067617111	0.2938607475113027	
0.3884963996105634	0.0	-0.08779907043488755	0.9765442631601738	0.8554697304749431	0.7444659547703913	0.9325841946487747	0.6065861687189942	0.25618858278680545	0.9999086509753586	0.36095267364379063	0.9990617279114593	0.9906485563881027	0.924237383830572	-0.36095267364379063	0.642121657206849	
0.4678985807645385	0.08779907043488755	0.0	0.9916776596426167	0.8976330776172315	0.8002109444031476	0.9606740410690475	0.6740454764848929	0.34006817126377986	0.9972339250598947	0.27767872828543794	0.9990060404165305	0.9988020395590139	0.954191465303414	-0.27767872828543794	0.7069489238298639	
-0.8161871656050719	-0.9765442631601738	-0.9916776596426167	0.0	-0.321509237143473	-0.49170396851281895	-0.15168511395305279	-0.6457618596953312	-0.88879218355403	0.20209783795906996	0.9884288421529638	0.17282163088359764	0.08006508643468721	-0.17385873872608876	-0.9884288421529638	-0.6103619710681075	
-0.587088834714156	-0.8554697304749431	-0.8976330776172315	0.321509237143473	0.0	-0.18563949127400767	0.1741573995762783	-0.3659912624352951	-0.6942520062558064	0.5062427472123445	0.9847178568501223	0.4803174476437945	0.39629122217359347	0.15198488533005874	-0.9847178568501223	-0.32328093935884517	
-0.4266046627767987	-0.7444659547703913	-0.8002109444031476	0.49170396851281895	0.18563949127400767	0.0	0.3539326985334284	-0.1868700681705205	-0.548573780920566	0.657537027200572	0.9352709531223338	0.6347919497658197	0.5598430897793583	0.33282595558414946	-0.9352709531223338	-0.1419904306041455	
-0.7191011778623412	-0.9325841946487747	-0.9606740410690475	0.15168511395305279	-0.1741573995762783	-0.3539326985334284	0.0	-0.522472181735292	-0.8089889809805728	0.34831447989712633	0.999999999999986	0.32022461786615364	0.23033679250485747	-0.022471955219412473	-0.999999999999986	-0.4831461801442773	
-0.2500774388395357	-0.6065861687189942	-0.6740454764848929	0.6457618596953312	0.3659912624352951	0.1868700681705205	0.522472181735292	0.0	-0.3826679894130062	0.7867463382837625	0.8526564187808462	0.7680012044604791	0.7048215365874864	0.5031793888892128	-0.8526564187808462	0.045487488506478324	
0.13946600805054338	-0.25618858278680545	-0.34006817126377986	0.88879218355403	0.6942520062558064	0.548573780920566	0.8089889809805728	0.3826679894130062	0.0	0.9630758045748772	0.5878239429380034	0.9546246069070967	0.9226335032429074	0.7955751397315511	-0.5878239429380034	0.42429714360356324	
-0.9161150434949707	-0.9999086509753586	-0.9972339250598947	-0.20209783795906996	-0.5062427472123445	-0.657537027200572	-0.34831447989712633	-0.7867463382837625	-0.9630758045748772	0.0	0.9373776793599436	-0.02980138484271211	-0.12303606030858288	-0.3692912318853443	-0.9373776793599436	-0.757853629010755	
-0.6949055067617111	-0.36095267364379063	-0.27767872828543794	-0.9884288421529638	-0.9847178568501223	-0.9352709531223338	-0.999999999999986	-0.8526564187808462	-0.5878239429380034	-0.9373776793599436	0.0	-0.9473415923147038	-0.9731109325058919	-0.9997474774919877	-0.0	-0.8755397822265399	
-0.9037603052273567	-0.9990617279114593	-0.9990060404165305	-0.17282163088359764	-0.4803174476437945	-0.6347919497658197	-0.32022461786615364	-0.7680012044604791	-0.9546246069070967	0.02980138484271211	0.9473415923147038	0.0	-0.09340645272286377	-0.3414323717825105	-0.9473415923147038	-0.7380738638087658	
-0.8598275232771753	-0.9906485563881027	-0.9988020395590139	-0.08006508643468721	-0.39629122217359347	-0.5598430897793583	-0.23033679250485747	-0.7048215365874864	-0.9226335032429074	0.12303606030858288	0.9731109325058919	0.09340645272286377	0.0	-0.2521463325791233	-0.9731109325058919	-0.6718238550453293	
-0.7033037031997303	-0.924237383830572	-0.954191465303414	0.17385873872608876	-0.15198488533005874	-0.33282595558414946	0.022471955219412473	-0.5031793888892128	-0.7955751397315511	0.3692912318853443	0.9997474774919877	0.3414323717825105	0.2521463325791233	0.0	-0.9997474774919877	-0.4633490840801282	
0.6949055067617111	0.36095267364379063	0.27767872828543794	0.9884288421529638	0.9847178568501223	0.9352709531223338	0.999999999999986	0.8526564187808462	0.5878239429380034	0.9373776793599436	0.0	0.9473415923147038	0.9731109325058919	0.9997474774919877	0.0	0.8755397822265399	
-0.2938607475113027	-0.642121657206849	-0.7069489238298639	0.6103619710681075	0.32328093935884517	0.1419904306041455	0.4831461801442773	-0.045487488506478324	-0.42429714360356324	0.757853629010755	0.8755397822265399	0.7380738638087658	0.6718238550453293	0.4633490840801282	-0.8755397822265399	0.0	
