0.0	0.7619510903163922	0.9840640964104889	0.9940089774437353	0.9574063929368004	0.9991680304142256	0.9809763574361113	0.9975366848299552	0.7359844596071834	0.8152429882361317	0.9063572060733207	0.9828626668810673	0.7728538668559976	2.1073424255447027e-08	0.8636579825537469	0.9889198688798453	
-0.7619510903163922	0.0	0.7727995750705166	0.5604744977721523	0.400040802088121	0.6781703519272568	0.4873987373767901	0.6994876119972723	0.9924886712981505	0.9692399309249806	0.9089219410379155	0.7769933721241247	0.9840488807310462	0.7619511039642705	0.9434177434817745	0.7535705652672153	
-0.9840640964104889	-0.7727995750705166	0.0	-0.28430549929860943	-0.4543827912280015	-0.13753315150840584	-0.3654650772622632	-0.10834721854539842	0.5353414347190556	0.42492856307628724	0.25461606048627405	0.006634847567188101	0.4870470525717491	0.9840640926633372	0.3424747476178073	-0.029759281594434417	
-0.9940089774437353	-0.5604744977721523	0.28430549929860943	0.0	-0.18237091644296421	0.14974611817680894	-0.08574501899585187	0.17875569078855846	0.753384483873835	0.6647543322395391	0.5190444299343887	0.29066029371325375	0.7152539654302976	0.9940089797470283	0.5954547978840425	0.255648351503432	
-0.9574063929368004	-0.400040802088121	0.4543827912280015	0.18237091644296421	0.0	0.32754943630831523	0.0973922068735725	0.3551914807054143	0.8606735965168573	0.7898486594416428	0.6662209947406453	0.46028315543712583	0.8307115989786127	0.9574063990216218	0.7319836585800514	0.4276717801308553	
-0.9991680304142256	-0.6781703519272568	0.13753315150840584	-0.14974611817680894	-0.32754943630831523	0.0	-0.23397281973780115	0.029405896588035767	0.6464195893729705	0.5453892432521491	0.3851968504838105	0.14410192198777605	0.6025368412120148	0.99916802955479	0.4684363802026308	0.10799575329160288	
-0.9809763574361113	-0.4873987373767901	0.3654650772622632	0.08574501899585187	-0.0973922068735725	0.23397281973780115	0.0	0.26246132009940204	0.806994087993048	0.7263629658552336	0.5904231685971304	0.37163291539897425	0.7725439272379204	0.9809763615270373	0.6621483947345834	0.3376025259327762	
-0.9975366848299552	-0.6994876119972723	0.10834721854539842	-0.17875569078855846	-0.3551914807054143	-0.029405896588035767	-0.26246132009940204	0.0	0.6237038739362882	0.5205058717039485	0.35789349947145377	0.11494062269701913	0.5788076925803545	0.9975366833517237	0.4422537781312687	0.07871513891760408	
-0.7359844596071834	-0.9924886712981505	-0.5353414347190556	-0.753384483873835	-0.8606735965168573	-0.6464195893729705	-0.806994087993048	-0.6237038739362882	0.0	-0.12569560514483613	-0.3026399443585794	-0.5297256219590276	-0.056176865228816875	0.7359844453405083	-0.21370133530871915	-0.5602400821469684	
-0.8152429882361317	-0.9692399309249806	-0.42492856307628724	-0.6647543322395391	-0.7898486594416428	-0.5453892432521491	-0.7263629658552336	-0.5205058717039485	0.12569560514483613	0.0	-0.18043855868181669	-0.41891316763372155	0.06976579238034081	0.8152429760321106	-0.08921452290842558	-0.45167926170339723	
-0.9063572060733207	-0.9089219410379155	-0.25461606048627405	-0.5190444299343887	-0.6662209947406453	-0.3851968504838105	-0.5904231685971304	-0.35789349947145377	0.3026399443585794	0.18043855868181669	0.0	-0.24819427842908565	0.24861957648606592	0.9063571971695408	0.09196886931075582	-0.283281771470286	
-0.9828626668810673	-0.7769933721241247	-0.006634847567188101	-0.29066029371325375	-0.46028315543712583	-0.14410192198777605	-0.37163291539897425	-0.11494062269701913	0.5297256219590276	0.41891316763372155	0.24819427842908565	0.0	0.48124161740719273	0.9828626629964072	0.3362335908052569	-0.036390535524236794	
-0.7728538668559976	-0.9840488807310462	-0.4870470525717491	-0.7152539654302976	-0.8307115989786127	-0.6025368412120148	-0.7725439272379204	-0.5788076925803545	0.056176865228816875	-0.06976579238034081	-0.24861957648606592	-0.48124161740719273	0.0	0.7728538534831391	-0.15848473936280588	-0.5128223710868692	
-2.1073424255447027e-08	-0.7619511039642705	-0.9840640926633372	-0.9940089797470283	-0.9574063990216218	-0.99916802955479	-0.9809763615270373	-0.9975366833517237	-0.7359844453405083	-0.8152429760321106	-0.9063571971695408	-0.9828626629964072	-0.7728538534831391	0.0	-0.8636579719310922	-0.9889198657514893	
-0.8636579825537469	-0.9434177434817745	-0.3424747476178073	-0.5954547978840425	-0.7319836585800514	-0.4684363802026308	-0.6621483947345834	-0.4422537781312687	0.21370133530871915	0.08921452290842558	-0.09196886931075582	-0.3362335908052569	0.15848473936280588	0.8636579719310922	0.0	-0.370282713231884	
-0.9889198688798453	-0.7535705652672153	0.029759281594434417	-0.255648351503432	-0.4276717801308553	-0.10799575329160288	-0.3376025259327762	-0.07871513891760408	0.5602400821469684	0.45167926170339723	0.283281771470286	0.036390535524236794	0.5128223710868692	0.9889198657514893	0.370282713231884	0.0	
