0.0	0.1174679482941351	-0.16432537272909992	-0.20557411177475512	-0.05636836515578423	-0.20557411177475512	-0.8801341919575291	-0.7020995322071638	-0.686152427837518	-0.9992638580423837	-0.9992638580423837	-0.6649304888759355	0.7448169401200081	0.9992638580423837	0.4313478881716416	0.3507620152048155	
-0.1174679482941351	0.0	-0.27905880599620775	-0.3191098703170373	-0.1732592875289788	-0.3191098703170373	-0.9298057054211497	-0.7808851065919562	-0.766854945961268	-0.9968520858873534	-0.9968520858873534	-0.748064385258699	0.6612776264556034	0.9968520858873534	0.3223836255792476	0.23832899646749847	
0.16432537272909992	0.27905880599620775	0.0	-0.041963938808815826	0.10846199759736898	-0.041963938808815826	-0.7901604562183816	-0.5755427070166721	-0.5572852286104508	-0.979375993212912	-0.979375993212912	-0.533156067443799	0.8443412436433853	0.979375993212912	0.5737362249516748	0.4998787229021279	
0.20557411177475512	0.3191098703170373	0.041963938808815826	0.0	0.1500828328209699	0.0	-0.7637447247947236	-0.5407188038005041	-0.5219507855484209	-0.9700346322554438	-0.9700346322554438	-0.4971842223626773	0.8660820075085863	0.9700346322554438	0.6076009857436568	0.5357831675716677	
0.05636836515578423	0.1732592875289788	-0.10846199759736898	-0.1500828328209699	0.0	-0.1500828328209699	-0.8519753426760137	-0.6608445028526083	-0.6440558660180563	-0.9955125922644301	-0.9955125922644301	-0.6217714482230995	0.7812455652797747	0.9955125922644301	0.48151679395319474	0.4029912979154935	
0.20557411177475512	0.3191098703170373	0.041963938808815826	0.0	0.1500828328209699	0.0	-0.7637447247947236	-0.5407188038005041	-0.5219507855484209	-0.9700346322554438	-0.9700346322554438	-0.4971842223626773	0.8660820075085863	0.9700346322554438	0.6076009857436568	0.5357831675716677	
0.8801341919575291	0.9298057054211497	0.7901604562183816	0.7637447247947236	0.8519753426760137	0.7637447247947236	0.0	0.2934207329128955	0.3145267841730243	-0.4406106692671261	-0.4406106692671261	0.34171773296014596	0.9408693401290065	0.4406106692671261	0.9988160800258455	0.9907300327156345	
0.7020995322071638	0.7808851065919562	0.5755427070166721	0.5407188038005041	0.6608445028526083	0.5407188038005041	-0.2934207329128955	0.0	0.0221531670359168	-0.6846197817152578	-0.6846197817152578	0.050918904737047965	0.9988575197530944	0.6846197817152578	0.940577838697169	0.9072615828236889	
0.686152427837518	0.766854945961268	0.5572852286104508	0.5219507855484209	0.6440558660180563	0.5219507855484209	-0.3145267841730243	-0.0221531670359168	0.0	-0.7005992198618138	-0.7005992198618138	0.02878197889875206	0.9996710354179679	0.7005992198618138	0.9328242782765975	0.8977220441515621	
0.9992638580423837	0.9968520858873534	0.979375993212912	0.9700346322554438	0.9955125922644301	0.9700346322554438	0.4406106692671261	0.6846197817152578	0.7005992198618138	0.0	0.0	0.7208464955871308	0.6953512792204593	0.0	0.9180694663276069	0.9492316468683644	
0.9992638580423837	0.9968520858873534	0.979375993212912	0.9700346322554438	0.9955125922644301	0.9700346322554438	0.4406106692671261	0.6846197817152578	0.7005992198618138	0.0	0.0	0.7208464955871308	0.6953512792204593	0.0	0.9180694663276069	0.9492316468683644	
0.6649304888759355	0.748064385258699	0.533156067443799	0.4971842223626773	0.6217714482230995	0.4971842223626773	-0.34171773296014596	-0.050918904737047965	-0.02878197889875206	-0.7208464955871308	-0.7208464955871308	0.0	0.9999950855118602	0.7208464955871308	0.9220667646679179	0.8846698750678387	
-0.7448169401200081	-0.6612776264556034	-0.8443412436433853	-0.8660820075085863	-0.7812455652797747	-0.8660820075085863	-0.9408693401290065	-0.9988575197530944	-0.9996710354179679	-0.6953512792204593	-0.6953512792204593	-0.9999950855118602	0.0	0.6953512792204593	-0.38413816511940857	-0.46344215392538923	
-0.9992638580423837	-0.9968520858873534	-0.979375993212912	-0.9700346322554438	-0.9955125922644301	-0.9700346322554438	-0.4406106692671261	-0.6846197817152578	-0.7005992198618138	-0.0	-0.0	-0.7208464955871308	-0.6953512792204593	0.0	-0.9180694663276069	-0.9492316468683644	
-0.4313478881716416	-0.3223836255792476	-0.5737362249516748	-0.6076009857436568	-0.48151679395319474	-0.6076009857436568	-0.9988160800258455	-0.940577838697169	-0.9328242782765975	-0.9180694663276069	-0.9180694663276069	-0.9220667646679179	0.38413816511940857	0.9180694663276069	0.0	-0.0874895749022171	
-0.3507620152048155	-0.23832899646749847	-0.4998787229021279	-0.5357831675716677	-0.4029912979154935	-0.5357831675716677	-0.9907300327156345	-0.9072615828236889	-0.8977220441515621	-0.9492316468683644	-0.9492316468683644	-0.8846698750678387	0.46344215392538923	0.9492316468683644	0.0874895749022171	0.0	
