0.0	-0.2415905750263074	-0.3636255135579223	0.8691204427112067	0.15607849311353772	-0.8201382471228486	-0.8914996298336313	-0.6722811629970465	-0.7234158147633631	-0.9702581800680177	-0.99611756585238	-0.9389035064297587	-0.806296837950071	-0.8961567267060411	-0.993197421282129	-0.8691204427112067	
0.2415905750263074	0.0	-0.12780175418318185	0.9628664143909346	0.3900849779508988	-0.6576145661895718	-0.7556461656329627	-0.47351851922611876	-0.535189812329532	-0.8830350389308605	-0.9878787677080556	-0.8279408026760509	-0.6395094212575372	-0.7624081781828651	-0.9356457610243242	-0.9628664143909346	
0.3636255135579223	0.12780175418318185	0.0	0.9894743502290704	0.5045633308136082	-0.5559419181986218	-0.6657420658171437	-0.3570698185889851	-0.4228429036089537	-0.8158156504082907	-0.9599395668764822	-0.7494782626286522	-0.5360134245031237	-0.6734561711221434	-0.8828667991185841	-0.9894743502290704	
-0.8691204427112067	-0.9628664143909346	-0.9894743502290704	0.0	-0.7812725710982346	-0.902921442147613	-0.8346663439947923	-0.9759169114527767	-0.9578535297717089	-0.6902802847019557	-0.4161690372140217	-0.7635164398053615	-0.9128892298318309	-0.8289010480024726	-0.5924385988747115	-0.0	
-0.15607849311353772	-0.3900849779508988	-0.5045633308136082	0.7812725710982346	0.0	-0.8993898850630381	-0.9512808956344638	-0.7795863960414522	-0.8223086628754234	-0.9961496325323238	-0.9701697561826408	-0.9811160915899653	-0.8887375570361773	-0.9544319241938466	-0.9991996322153569	-0.7812725710982346	
0.8201382471228486	0.6576145661895718	0.5559419181986218	0.902921442147613	0.8993898850630381	0.0	-0.1385450545513528	0.22248896513266117	0.15232027422563493	-0.35661530583350726	-0.6421431794648699	-0.25493253015702466	0.02378573559514785	-0.14882364418580613	-0.4727741677212648	-0.902921442147613	
0.8914996298336313	0.7556461656329627	0.6657420658171437	0.8346663439947923	0.9512808956344638	0.1385450545513528	0.0	0.3554157625030815	0.28777971571987787	-0.22374025513490398	-0.5297439130740424	-0.11850662871989281	0.16206220639391994	-0.010386225912485836	-0.3461311621577056	-0.8346663439947923	
0.6722811629970465	0.47351851922611876	0.3570698185889851	0.9759169114527767	0.7795863960414522	-0.22248896513266117	-0.3554157625030815	0.0	-0.0713903845946261	-0.5555374262101487	-0.7966046360722446	-0.46368037181390664	-0.19923646732710684	-0.3651046837123546	-0.6569778151846056	-0.9759169114527767	
0.7234158147633631	0.535189812329532	0.4228429036089537	0.9578535297717089	0.8223086628754234	-0.15232027422563493	-0.28777971571987787	0.0713903845946261	0.0	-0.4947594451395924	-0.7514165255929242	-0.3992452061987227	-0.12876899539680692	-0.29771104692690425	-0.6014795859619825	-0.9578535297717089	
0.9702581800680177	0.8830350389308605	0.8158156504082907	0.6902802847019557	0.9961496325323238	0.35661530583350726	0.22374025513490398	0.5555374262101487	0.4947594451395924	0.0	-0.3265472659001403	0.10666127162120725	0.37873626681594624	0.21360526426464532	-0.1274463199094925	-0.6902802847019557	
0.99611756585238	0.9878787677080556	0.9599395668764822	0.4161690372140217	0.9701697561826408	0.6421431794648699	0.5297439130740424	0.7966046360722446	0.7514165255929242	0.3265472659001403	0.0	0.42549864325574427	0.6601952854366424	0.5209061827038646	0.20342460234638293	-0.4161690372140217	
0.9389035064297587	0.8279408026760509	0.7494782626286522	0.7635164398053615	0.9811160915899653	0.25493253015702466	0.11850662871989281	0.46368037181390664	0.3992452061987227	-0.10666127162120725	-0.42549864325574427	0.0	0.27786023186817765	0.10818719978244046	-0.23251079063680996	-0.7635164398053615	
0.806296837950071	0.6395094212575372	0.5360134245031237	0.9128892298318309	0.8887375570361773	-0.02378573559514785	-0.16206220639391994	0.19923646732710684	0.12876899539680692	-0.37873626681594624	-0.6601952854366424	-0.27786023186817765	0.0	-0.17230239068621067	-0.49360001094290346	-0.9128892298318309	
0.8961567267060411	0.7624081781828651	0.6734561711221434	0.8289010480024726	0.9544319241938466	0.14882364418580613	0.010386225912485836	0.3651046837123546	0.29771104692690425	-0.21360526426464532	-0.5209061827038646	-0.10818719978244046	0.17230239068621067	0.0	-0.3363682793149718	-0.8289010480024726	
0.993197421282129	0.9356457610243242	0.8828667991185841	0.5924385988747115	0.9991996322153569	0.4727741677212648	0.3461311621577056	0.6569778151846056	0.6014795859619825	0.1274463199094925	-0.20342460234638293	0.23251079063680996	0.49360001094290346	0.3363682793149718	0.0	-0.5924385988747115	
0.8691204427112067	0.9628664143909346	0.9894743502290704	0.0	0.7812725710982346	0.902921442147613	0.8346663439947923	0.9759169114527767	0.9578535297717089	0.6902802847019557	0.4161690372140217	0.7635164398053615	0.9128892298318309	0.8289010480024726	0.5924385988747115	0.0	
