0.0	0.7582586820984911	0.9999940954461518	0.7514127474242118	0.16490231039026765	-0.5021860287170558	0.13055551111525016	0.8676928421354276	0.7171756702145552	-0.12717642509406862	-0.32665102070180596	0.2473172786782923	-0.0756117108118281	-0.9473589959246242	-0.8815444413897787	-0.9999940954461518	
-0.7582586820984911	0.0	0.654555666276816	-0.010437292032328127	-0.6403693588284491	-0.98311358136494	-0.6666525838641069	0.18876471346780443	-0.0608593240328667	-0.83501486159235	-0.9296257956461615	-0.5734635932669563	-0.8053833861393938	-0.8604084809184694	-0.9327009748213362	-0.654555666276816	
-0.9999940954461518	-0.654555666276816	0.0	-0.6624107495266128	-0.986870756705661	-0.8630287807387856	-0.9918837922972684	-0.5000795592102912	-0.699352840738909	-0.9914372222675536	-0.9440169259178262	-0.9697787189356757	-0.9968716149337447	-0.31691585930073285	-0.46906889014097275	-0.0	
-0.7514127474242118	0.010437292032328127	0.6624107495266128	0.0	-0.6323179371798335	-0.9811500441786256	-0.6588366416593818	0.19900408543125025	-0.050438064043741626	-0.829226494363857	-0.9257289653921139	-0.5648818030238427	-0.7991527676789784	-0.8656805105578682	-0.9364143867432475	-0.6624107495266128	
-0.16490231039026765	0.6403693588284491	0.986870756705661	0.6323179371798335	0.0	-0.6379119126293716	-0.03472271796423665	0.7738409861993244	0.5924382952235006	-0.28899868983485943	-0.47803573469777233	0.08415193551545891	-0.23900682995842776	-0.9871868754761216	-0.9473265672011731	-0.986870756705661	
0.5021860287170558	0.98311358136494	0.8630287807387856	0.9811500441786256	0.6379119126293716	0.0	0.610786952603553	0.9999827679384021	0.9701541983311583	0.3881312980273095	0.19216401358776264	0.7004553889465441	0.43536248547406853	-0.6584512502159238	-0.52524148260168	-0.8630287807387856	
-0.13055551111525016	0.6666525838641069	0.9918837922972684	0.6588366416593818	0.03472271796423665	-0.610786952603553	0.0	0.7953670206428969	0.6200542170866913	-0.25558333721051585	-0.4472491062425612	0.11870074483166497	-0.20514632496360283	-0.9810509382042771	-0.9356346968103382	-0.9918837922972684	
-0.8676928421354276	-0.18876471346780443	0.5000795592102912	-0.19900408543125025	-0.7738409861993244	-0.9999827679384021	-0.7953670206428969	0.0	-0.24818002639131892	-0.9238667668122429	-0.9824740289925475	-0.7177959754342103	-0.9027955664249454	-0.7487449127749904	-0.8478550803241915	-0.5000795592102912	
-0.7171756702145552	0.0608593240328667	0.699352840738909	0.050438064043741626	-0.5924382952235006	-0.9701541983311583	-0.6200542170866913	0.24818002639131892	0.0	-0.7999805720483107	-0.9054756372267314	-0.5225427466868117	-0.7678158669174869	-0.8898278028312487	-0.95292103156073	-0.699352840738909	
0.12717642509406862	0.83501486159235	0.9914372222675536	0.829226494363857	0.28899868983485943	-0.3881312980273095	0.25558333721051585	0.9238667668122429	0.7999805720483107	0.0	-0.2037984860880736	0.36853472243123486	0.05181460966900109	-0.8989480532553933	-0.8143462760573512	-0.9914372222675536	
0.32665102070180596	0.9296257956461615	0.9440169259178262	0.9257289653921139	0.47803573469777233	-0.19216401358776264	0.4472491062425612	0.9824740289925475	0.9054756372267314	0.2037984860880736	0.0	0.5502541545447578	0.2542518969668124	-0.790806707516976	-0.6789750509214638	-0.9440169259178262	
-0.2473172786782923	0.5734635932669563	0.9697787189356757	0.5648818030238427	-0.08415193551545891	-0.7004553889465441	-0.11870074483166497	0.7177959754342103	0.5225427466868117	-0.36853472243123486	-0.5502541545447578	0.0	-0.3198720917466679	-0.9971132488410905	-0.9709176133134876	-0.9697787189356757	
0.0756117108118281	0.8053833861393938	0.9968716149337447	0.7991527676789784	0.23900682995842776	-0.43536248547406853	0.20514632496360283	0.9027955664249454	0.7678158669174869	-0.05181460966900109	-0.2542518969668124	0.3198720917466679	0.0	-0.92043817666104	-0.8433245091069057	-0.9968716149337447	
0.9473589959246242	0.8604084809184694	0.31691585930073285	0.8656805105578682	0.9871868754761216	0.6584512502159238	0.9810509382042771	0.7487449127749904	0.8898278028312487	0.8989480532553933	0.790806707516976	0.9971132488410905	0.92043817666104	0.0	0.1650021928929366	-0.31691585930073285	
0.8815444413897787	0.9327009748213362	0.46906889014097275	0.9364143867432475	0.9473265672011731	0.52524148260168	0.9356346968103382	0.8478550803241915	0.95292103156073	0.8143462760573512	0.6789750509214638	0.9709176133134876	0.8433245091069057	-0.1650021928929366	0.0	-0.46906889014097275	
0.9999940954461518	0.654555666276816	0.0	0.6624107495266128	0.986870756705661	0.8630287807387856	0.9918837922972684	0.5000795592102912	0.699352840738909	0.9914372222675536	0.9440169259178262	0.9697787189356757	0.9968716149337447	0.31691585930073285	0.46906889014097275	0.0	
