0.0	0.4485693023863453	0.9686754552476626	0.9368334558965572	0.5964501129510464	0.05683624122918096	0.6875497324455029	0.8053169032171561	0.5238565622155221	0.8574590455108455	0.9541773175375153	0.9894809843395783	0.7361497174397684	-0.17317415100679828	-0.23547161322152727	-0.9368334485255837	
-0.4485693023863453	0.0	0.7543585201749348	0.9941917410893433	0.17303190903647744	-0.3970469166387949	0.28877333614883544	0.45381853807174083	0.08610153763563687	0.5355400222695362	0.7185634397330622	0.9492380805083767	0.35433227051339355	-0.5965660272374452	-0.6464083796755504	-0.9941917433573347	
-0.9686754552476626	-0.7543585201749348	0.0	0.5714631754758528	-0.6293909543156386	-0.9529954530582893	-0.5326520441452655	-0.3742895189730971	-0.6950346651710515	-0.2855011725625957	-0.05291717914725763	0.385849450166244	-0.4728095232961192	-0.9970443125603797	-0.9999121905555866	-0.5714631927692884	
-0.9368334558965572	-0.9941917410893433	-0.5714631754758528	0.0	-0.9605732997163534	-0.9551990169924092	-0.9207579317469311	-0.8370769528117856	-0.9812331433902534	-0.78196811433484	-0.6140878045802819	-0.21057132233879988	-0.8915537501910632	-0.862106925750231	-0.8281285882692203	-2.1073424255447027e-08	
-0.5964501129510464	-0.17303190903647744	0.6293909543156386	0.9605732997163534	0.0	-0.5498663423605803	0.11875722640239306	0.29278552154699966	-0.0875865311433304	0.381334902538218	0.5873877694633716	0.880491318866292	0.1871820728212267	-0.7264367370895084	-0.7686799932051283	-0.9605733055753307	
-0.05683624122918096	0.3970469166387949	0.9529954530582893	0.9551990169924092	0.5498663423605803	0.0	0.6451674039164822	0.7703200629319586	0.47459627624847245	0.8268277612503153	0.9356271252209094	0.996103603290285	0.6964919093528972	-0.22887173238521868	-0.2903290525957717	-0.9551990107554282	
-0.6875497324455029	-0.28877333614883544	0.5326520441452655	0.9207579317469311	-0.11875722640239306	-0.6451674039164822	0.0	0.17716050832770214	-0.20526754167097158	0.26885274850628404	0.4871201223719398	0.8179620438248977	0.06919922476427526	-0.8029099030544143	-0.8392013969201699	-0.9207579399683976	
-0.8053169032171561	-0.45381853807174083	0.3742895189730971	0.8370769528117856	-0.29278552154699966	-0.7703200629319586	-0.17716050832770214	0.0	-0.3754086485123147	0.0939623410888819	0.32469437380126986	0.7031079834713845	-0.10863120037742102	-0.8958149018222542	-0.9222704475395225	-0.8370769643407429	
-0.5238565622155221	-0.08610153763563687	0.6950346651710515	0.9812331433902534	0.0875865311433304	-0.47459627624847245	0.20526754167097158	0.3754086485123147	0.0	0.46083762668813133	0.6560146614799933	0.9186289859206862	0.27250117620907455	-0.6634525945032826	-0.7097026076074018	-0.9812331474537378	
-0.8574590455108455	-0.5355400222695362	0.2855011725625957	0.78196811433484	-0.381334902538218	-0.8268277612503153	-0.26885274850628404	-0.0939623410888819	-0.46083762668813133	0.0	0.23438647881174002	0.633182227530435	-0.20155687231006875	-0.933611028183627	-0.9545107901510803	-0.7819681274702932	
-0.9541773175375153	-0.7185634397330622	0.05291717914725763	0.6140878045802819	-0.5873877694633716	-0.9356271252209094	-0.4871201223719398	-0.32469437380126986	-0.6560146614799933	-0.23438647881174002	0.0	0.4341282042049231	-0.4255183239494121	-0.9915818037856885	-0.9978099683048205	-0.6140878212122227	
-0.9894809843395783	-0.9492380805083767	-0.385849450166244	0.21057132233879988	-0.880491318866292	-0.996103603290285	-0.8179620438248977	-0.7031079834713845	-0.9186289859206862	-0.633182227530435	-0.4341282042049231	0.0	-0.7761928849927424	-0.9494792418770361	-0.9275939647330804	-0.21057134293972615	
-0.7361497174397684	-0.35433227051339355	0.4728095232961192	0.8915537501910632	-0.1871820728212267	-0.6964919093528972	-0.06919922476427526	0.10863120037742102	-0.27250117620907455	0.20155687231006875	0.4255183239494121	0.7761928849927424	0.0	-0.8422349016187223	-0.8748216888828392	-0.8915537597355304	
0.17317415100679828	0.5965660272374452	0.9970443125603797	0.862106925750231	0.7264367370895084	0.22887173238521868	0.8029099030544143	0.8958149018222542	0.6634525945032826	0.933611028183627	0.9915818037856885	0.9494792418770361	0.8422349016187223	0.0	-0.06360921784208529	-0.86210691507177	
0.23547161322152727	0.6464083796755504	0.9999121905555866	0.8281285882692203	0.7686799932051283	0.2903290525957717	0.8392013969201699	0.9222704475395225	0.7097026076074018	0.9545107901510803	0.9978099683048205	0.9275939647330804	0.8748216888828392	0.06360921784208529	0.0	-0.8281285764567611	
0.9368334485255837	0.9941917433573347	0.5714631927692884	2.1073424255447027e-08	0.9605733055753307	0.9551990107554282	0.9207579399683976	0.8370769643407429	0.9812331474537378	0.7819681274702932	0.6140878212122227	0.21057134293972615	0.8915537597355304	0.86210691507177	0.8281285764567611	0.0	
