0.0	0.1861246578789939	0.708833561373371	0.38221512868153795	-0.5641958148234996	-0.8407106444646693	0.035943005238415315	0.10061529046862655	0.1343996276755855	0.36986154606363497	0.6093710145857661	0.8407106444646693	0.9885969550862069	0.8066200290055776	0.97478750144722	0.9979864921814394	
-0.1861246578789939	0.0	0.5651596769207667	0.20354351417024752	-0.7080092860754399	-0.9268038254671492	-0.15068944971286474	-0.08632299802844884	-0.05238484125243381	0.19047265812890882	0.4511474598688249	0.9268038254671492	0.9993500646933009	0.6825124999038767	0.9162232323652765	0.9923531089436581	
-0.708833561373371	-0.5651596769207667	0.0	-0.3854089265419972	-0.983212119199966	-0.9768394051745956	-0.683022217357775	-0.6342649304006778	-0.6076002235870861	-0.3976765900684343	-0.13218810084152288	0.9768394051745956	0.8040725574963014	0.14999974380743558	0.5294257544868235	0.7489145524745123	
-0.38221512868153795	-0.20354351417024752	0.3854089265419972	0.0	-0.8369308147069934	-0.9838419397275487	-0.34875418307670336	-0.2872996313880626	-0.25455225492650646	-0.01333185690415567	0.2600508027115009	0.9838419397275487	0.9710922630998653	0.519460069264299	0.815489515335392	0.9464554322184596	
0.5641958148234996	0.7080092860754399	0.983212119199966	0.8369308147069934	0.0	-0.38862182215268004	0.5935072741201691	0.6444048604328951	0.6700428307317137	0.8295597927761773	0.9504642226432091	0.38862182215268004	0.7312663560777258	0.9994579814397234	0.930716498310411	0.7881934324069493	
0.8407106444646693	0.9268038254671492	0.9768394051745956	0.9838419397275487	0.38862182215268004	0.0	0.8596299972242178	0.8909260132488124	0.9058583888988025	0.9813675775042608	0.996552084101381	0.0	0.4087110421146601	0.9336914673841546	0.7154246123052893	0.4870707513708196	
-0.035943005238415315	0.15068944971286474	0.683022217357775	0.34875418307670336	-0.5935072741201691	-0.8596299972242178	0.0	0.06478966795965901	0.0986958822212633	0.3362283821408901	0.5804785867894172	0.8596299972242178	0.9933706681692875	0.7848539807795194	0.9661374837149812	0.9996213851566795	
-0.10061529046862655	0.08632299802844884	0.6342649304006778	0.2872996313880626	-0.6444048604328951	-0.8909260132488124	-0.06478966795965901	0.0	0.03401517482016464	0.2745043022125445	0.526502327667277	0.8909260132488124	0.9987314532212442	0.7430560473602978	0.9473900354393733	0.9993038236864334	
-0.1343996276755855	0.05238484125243381	0.6076002235870861	0.25455225492650646	-0.6700428307317137	-0.9058583888988025	-0.0986958822212633	-0.03401517482016464	0.0	0.2416369395830789	0.4972788428507946	0.9058583888988025	0.9998662900870032	0.7198621051521963	0.9359541707205716	0.9974565135288722	
-0.36986154606363497	-0.19047265812890882	0.3976765900684343	0.01333185690415567	-0.8295597927761773	-0.9813675775042608	-0.3362283821408901	-0.2745043022125445	-0.2416369395830789	0.0	0.2729008646878319	0.9813675775042608	0.9741883326964949	0.5308059046197157	0.8231331436491173	0.950675301106259	
-0.6093710145857661	-0.4511474598688249	0.13218810084152288	-0.2600508027115009	-0.9504642226432091	-0.996552084101381	-0.5804785867894172	-0.526502327667277	-0.4972788428507946	-0.2729008646878319	0.0	0.996552084101381	0.8756064864509496	0.2793759728628489	0.6369224629052563	0.8299392012513939	
-0.8407106444646693	-0.9268038254671492	-0.9768394051745956	-0.9838419397275487	-0.38862182215268004	-0.0	-0.8596299972242178	-0.8909260132488124	-0.9058583888988025	-0.9813675775042608	-0.996552084101381	0.0	-0.4087110421146601	-0.9336914673841546	-0.7154246123052893	-0.4870707513708196	
-0.9885969550862069	-0.9993500646933009	-0.8040725574963014	-0.9710922630998653	-0.7312663560777258	-0.4087110421146601	-0.9933706681692875	-0.9987314532212442	-0.9998662900870032	-0.9741883326964949	-0.8756064864509496	0.4087110421146601	0.0	-0.7057957846820828	-0.3673798824785545	-0.08757895830829732	
-0.8066200290055776	-0.6825124999038767	-0.14999974380743558	-0.519460069264299	-0.9994579814397234	-0.9336914673841546	-0.7848539807795194	-0.7430560473602978	-0.7198621051521963	-0.5308059046197157	-0.2793759728628489	0.9336914673841546	0.7057957846820828	0.0	0.3961826263031091	0.641041542966455	
-0.97478750144722	-0.9162232323652765	-0.5294257544868235	-0.815489515335392	-0.930716498310411	-0.7154246123052893	-0.9661374837149812	-0.9473900354393733	-0.9359541707205716	-0.8231331436491173	-0.6369224629052563	0.7154246123052893	0.3673798824785545	-0.3961826263031091	0.0	0.2845136077114254	
-0.9979864921814394	-0.9923531089436581	-0.7489145524745123	-0.9464554322184596	-0.7881934324069493	-0.4870707513708196	-0.9996213851566795	-0.9993038236864334	-0.9974565135288722	-0.950675301106259	-0.8299392012513939	0.4870707513708196	0.08757895830829732	-0.641041542966455	-0.2845136077114254	0.0	
