0.0	0.9186991953086546	0.20687589953847224	-0.3179588026700624	-0.6233734710148175	-0.9492723483692783	-0.7053746664095235	-0.5451733699281512	-0.8031325361699542	-0.9183607742531328	-0.7206489907855828	-0.5134397677869794	-0.469274037854255	-0.8031325361699542	-0.9186991953086548	-0.606935180881771	
-0.9186991953086546	0.0	-0.81711786908825	-0.9966032281898206	-0.9645594823651821	-0.6638123136794246	-0.9297991726671357	-0.9854875247116801	-0.8645649442798456	-0.726283793266427	-0.9215603000345277	-0.9911464522425245	-0.9966032199119204	-0.8645649442798456	-0.0	-0.9698512925735725	
-0.20687589953847224	0.81711786908825	0.0	-0.507220438408865	-0.7716494326701362	-0.993790103075372	-0.836756240221542	-0.7068086309358991	-0.9090152700388349	-0.9803639935284447	-0.8484864118097015	-0.6798581364071608	-0.6418046216248486	-0.9090152700388349	-0.8171178690882502	-0.7582203661476855	
0.3179588026700624	0.9966032281898206	0.507220438408865	0.0	-0.34240351691903675	-0.8000256472566839	-0.4433886957148556	-0.25032906109452313	-0.5720136105278405	-0.7448716516269539	-0.4628097022318146	-0.21394597038455757	-0.16414649676517346	-0.5720136105278405	-0.9966032281898208	-0.3227398111679254	
0.6233734710148175	0.9645594823651821	0.7716494326701362	0.34240351691903675	0.0	-0.546236092780438	-0.10968082480948652	0.09630424830666875	-0.2565826271852471	-0.47139210102637724	-0.13130802242253348	0.13346175571095711	0.18353481339914474	-0.2565826271852471	-0.9645594823651823	0.020849569496815323	
0.9492723483692783	0.6638123136794246	0.993790103075372	0.8000256472566839	0.546236092780438	0.0	0.45106848568661434	0.6243646056863649	0.31302773466723727	0.08688581863876677	0.43151886741379203	0.6531411839398027	0.6906917926789615	0.31302773466723727	-0.6638123136794247	0.5635816054261097	
0.7053746664095235	0.9297991726671357	0.836756240221542	0.4433886957148556	0.10968082480948652	-0.45106848568661434	0.0	0.20489425334878783	-0.14902566499595116	-0.37181800252018354	-0.021784656288941107	0.24135617832594047	0.290245221720685	-0.14902566499595116	-0.929799172667136	0.13038076394443462	
0.5451733699281512	0.9854875247116801	0.7068086309358991	0.25032906109452313	-0.09630424830666875	-0.6243646056863649	-0.20489425334878783	0.0	-0.3484702202043372	-0.5541340470432514	-0.22616810465761308	0.03739871090767097	0.08801338492194634	-0.3484702202043372	-0.9854875247116803	-0.07553065456075819	
0.8031325361699542	0.8645649442798456	0.9090152700388349	0.5720136105278405	0.2565826271852471	-0.31302773466723727	0.14902566499595116	0.3484702202043372	0.0	-0.2293246666935127	0.1274489049672805	0.38328099281646033	0.42961460202537627	0.0	-0.8645649442798459	0.2766784261592795	
0.9183607742531328	0.726283793266427	0.9803639935284447	0.7448716516269539	0.47139210102637724	-0.08688581863876677	0.37181800252018354	0.5541340470432514	0.2293246666935127	0.0	0.35150694554683765	0.5848781014083771	0.6252483721554252	0.2293246666935127	-0.7262837932664271	0.4896773620983404	
0.7206489907855828	0.9215603000345277	0.8484864118097015	0.4628097022318146	0.13130802242253348	-0.43151886741379203	0.021784656288941107	0.22616810465761308	-0.1274489049672805	-0.35150694554683765	0.0	0.26243952896557826	0.31102321954664097	-0.1274489049672805	-0.9215603000345279	0.151948525179042	
0.5134397677869794	0.9911464522425245	0.6798581364071608	0.21394597038455757	-0.13346175571095711	-0.6531411839398027	-0.24135617832594047	-0.03739871090767097	-0.38328099281646033	-0.5848781014083771	-0.26243952896557826	0.0	0.05069823539239646	-0.38328099281646033	-0.9911464522425247	-0.11276969584201982	
0.469274037854255	0.9966032199119204	0.6418046216248486	0.16414649676517346	-0.18353481339914474	-0.6906917926789615	-0.290245221720685	-0.08801338492194634	-0.42961460202537627	-0.6252483721554252	-0.31102321954664097	-0.05069823539239646	0.0	-0.42961460202537627	-0.9966032199119206	-0.16299951510256572	
0.8031325361699542	0.8645649442798456	0.9090152700388349	0.5720136105278405	0.2565826271852471	-0.31302773466723727	0.14902566499595116	0.3484702202043372	0.0	-0.2293246666935127	0.1274489049672805	0.38328099281646033	0.42961460202537627	0.0	-0.8645649442798459	0.2766784261592795	
0.9186991953086548	0.0	0.8171178690882502	0.9966032281898208	0.9645594823651823	0.6638123136794247	0.929799172667136	0.9854875247116803	0.8645649442798459	0.7262837932664271	0.9215603000345279	0.9911464522425247	0.9966032199119206	0.8645649442798459	0.0	0.9698512925735727	
0.606935180881771	0.9698512925735725	0.7582203661476855	0.3227398111679254	-0.020849569496815323	-0.5635816054261097	-0.13038076394443462	0.07553065456075819	-0.2766784261592795	-0.4896773620983404	-0.151948525179042	0.11276969584201982	0.16299951510256572	-0.2766784261592795	-0.9698512925735727	0.0	
