0.0	0.8523807299974352	0.9380645760464079	0.9294266268228767	0.7123893398024306	-0.70178439818642	0.07295538275223656	0.26605498904158004	0.48044839554329033	0.8451877745673444	0.7216423600366857	0.8451877745673444	0.7017844131989043	0.9791527481803444	0.8617598561816964	0.9703669785888673	
-0.8523807299974352	0.0	0.19521809015161673	0.17148290786059067	-0.22566371482165548	-0.9742052792245287	-0.8119593586632469	-0.6825331748193131	-0.49632061766147695	-0.01360446883132524	-0.21271181290562022	-0.01360446883132524	0.9742052744690235	0.6851603160426336	0.018206177460292572	0.30146012000828665	
-0.9380645760464079	-0.19521809015161673	0.0	-0.024142790936901026	-0.4115044028915234	-0.9114078075511081	-0.9102886711679399	-0.8120771807131038	-0.6562478342110779	-0.20854274058689798	-0.39936972753157496	-0.20854274058689798	0.9114077988793031	0.5297823801427809	-0.17732984549388212	0.10952367654350914	
-0.9294266268228767	-0.17148290786059067	0.024142790936901026	0.0	-0.3893805304376329	-0.9210770135698081	-0.9000288509811714	-0.7977519500478816	-0.637839719161774	-0.18486998509119204	-0.3771194511749308	-0.18486998509119204	0.9210770053642289	0.5501042719210204	-0.15351799413824976	0.13348930504441286	
-0.7123893398024306	0.22566371482165548	0.4115044028915234	0.3893805304376329	0.0	-0.9999999999999961	-0.6592920147058005	-0.500000041800701	-0.2876106167117701	0.2123892856683293	0.013274429343992996	0.2123892856683293	0.9999999999999982	0.8318584956029912	0.24336286576073238	0.5088495994030737	
0.70178439818642	0.9742052792245287	0.9114078075511081	0.9210770135698081	0.9999999999999961	0.0	0.7518869283897602	0.866025336146901	0.9577474015734216	0.9771851551518318	0.9999118920361619	0.9771851551518318	2.1073424255447027e-08	0.5549878589943293	0.9699353363211534	0.86085548230474	
-0.07295538275223656	0.8119593586632469	0.9102886711679399	0.9000288509811714	0.6592920147058005	-0.7518869283897602	0.0	0.19502009303027834	0.41518455079089056	0.8039430973047099	0.6692147957343944	0.8039430973047099	0.7518869422833022	0.9913625928074938	0.8224519796384911	0.9501525076067663	
-0.26605498904158004	0.6825331748193131	0.8120771807131038	0.7977519500478816	0.500000041800701	-0.866025336146901	-0.19502009303027834	0.0	0.22979565980399627	0.672527120937858	0.5114519799498908	0.672527120937858	0.8660253466836157	0.9979044859772859	0.6957261163306677	0.8711044225079988	
-0.48044839554329033	0.49632061766147695	0.6562478342110779	0.637839719161774	0.2876106167117701	-0.9577474015734216	-0.41518455079089056	-0.22979565980399627	0.0	0.4844641115856845	0.30029882613753384	0.4844641115856845	0.9577474076343642	0.9563307130334481	0.5120438525716698	0.7349405577853478	
-0.8451877745673444	0.01360446883132524	0.20854274058689798	0.18486998509119204	-0.2123892856683293	-0.9771851551518318	-0.8039430973047099	-0.672527120937858	-0.4844641115856845	0.0	-0.19939899718276696	0.0	0.9771851506760643	0.6950062981637799	0.03180670651087528	0.3144037937912725	
-0.7216423600366857	0.21271181290562022	0.39936972753157496	0.3771194511749308	-0.013274429343992996	-0.9999118920361619	-0.6692147957343944	-0.5114519799498908	-0.30029882613753384	0.19939899718276696	0.0	0.19939899718276696	0.9999118917564263	0.8244180551237512	0.23046608546392003	0.4973774004257291	
-0.8451877745673444	0.01360446883132524	0.20854274058689798	0.18486998509119204	-0.2123892856683293	-0.9771851551518318	-0.8039430973047099	-0.672527120937858	-0.4844641115856845	0.0	-0.19939899718276696	0.0	0.9771851506760643	0.6950062981637799	0.03180670651087528	0.3144037937912725	
-0.7017844131989043	-0.9742052744690235	-0.9114077988793031	-0.9210770053642289	-0.9999999999999982	-2.1073424255447027e-08	-0.7518869422833022	-0.8660253466836157	-0.9577474076343642	-0.9771851506760643	-0.9999118917564263	-0.9771851506760643	0.0	-0.5549878414642234	-0.9699353311926665	-0.8608554715815382	
-0.9791527481803444	-0.6851603160426336	-0.5297823801427809	-0.5501042719210204	-0.8318584956029912	-0.5549878589943293	-0.9913625928074938	-0.9979044859772859	-0.9563307130334481	-0.6950062981637799	-0.8244180551237512	-0.6950062981637799	0.5549878414642234	0.0	-0.6717855138770255	-0.43370459671877604	
-0.8617598561816964	-0.018206177460292572	0.17732984549388212	0.15351799413824976	-0.24336286576073238	-0.9699353363211534	-0.8224519796384911	-0.6957261163306677	-0.5120438525716698	-0.03180670651087528	-0.23046608546392003	-0.03180670651087528	0.9699353311926665	0.6717855138770255	0.0	0.28405095015438664	
-0.9703669785888673	-0.30146012000828665	-0.10952367654350914	-0.13348930504441286	-0.5088495994030737	-0.86085548230474	-0.9501525076067663	-0.8711044225079988	-0.7349405577853478	-0.3144037937912725	-0.4973774004257291	-0.3144037937912725	0.8608554715815382	0.43370459671877604	-0.28405095015438664	0.0	
