0.0	-0.5777138238171196	-0.49986478301885523	0.12250835245150626	0.5620348996212053	0.5952766889069766	0.9669282909361011	0.9156418552437396	0.15945651887779083	0.8515936133650197	0.9156418552437396	0.9291598729399189	0.5777138238171196	0.8282195670809709	0.919117370814659	-0.14890163429898617	
0.5777138238171196	0.0	0.09235061577770426	0.6733583268327662	0.9365899354395034	0.9500933494008703	0.9365899354395034	0.9796210250048817	0.7004766394094251	0.9979433113622607	0.9796210250048817	0.9719850600532249	0.0	0.3522724462642508	0.9778297050497546	0.44973409874480913	
0.49986478301885523	-0.09235061577770426	0.0	0.6022044503355006	0.9002252888608793	0.9172229447850945	0.9649496428069091	0.9939837279195051	0.631574831748885	0.9995985686654455	0.9939837279195051	0.989537663796628	0.09235061577770426	0.4371977379139664	0.9929893744284082	0.36532807657766536	
-0.12250835245150626	-0.6733583268327662	-0.6022044503355006	0.0	0.45647304745936	0.4923547483342876	0.9283993287452114	0.8594970197250391	0.03731455755528923	0.7809597782184461	0.8594970197250391	0.8768722994046498	0.6733583268327662	0.8906351271538642	0.8639277930605616	-0.2689226610265433	
-0.5620348996212053	-0.9365899354395034	-0.9002252888608793	-0.45647304745936	0.0	0.04075466848822862	0.6564133652296764	0.53140452759909	-0.42295499419045857	0.409744459582172	0.53140452759909	0.5607486724292063	0.9365899354395034	0.9999980579823123	0.5387817393943625	-0.6789278963547161	
-0.5952766889069766	-0.9500933494008703	-0.9172229447850945	-0.4923547483342876	-0.04075466848822862	0.0	0.6251226265415378	0.4964390068712914	-0.45953346711669646	0.3722276142276353	0.4964390068712914	0.5265384954526129	0.9500933494008703	0.9990869238826935	0.5040005279241674	-0.7082861111893564	
-0.9669282909361011	-0.9365899354395034	-0.9649496428069091	-0.9283993287452114	-0.6564133652296764	-0.6251226265415378	0.0	-0.15516737472596412	-0.9138872696091015	-0.28966870143194234	-0.15516737472596412	-0.12047152872863326	0.9365899354395034	0.753106293315316	-0.14653470809880056	-0.9941261085553257	
-0.9156418552437396	-0.9796210250048817	-0.9939837279195051	-0.8594970197250391	-0.53140452759909	-0.4964390068712914	0.15516737472596412	0.0	-0.8398254485088484	-0.13764541084746912	0.0	0.03502485596204408	0.9796210250048817	0.8460692558034415	0.008732516767071735	-0.9652920064701034	
-0.15945651887779083	-0.7004766394094251	-0.631574831748885	-0.03731455755528923	0.42295499419045857	0.45953346711669646	0.9138872696091015	0.8398254485088484	0.0	0.7571099183247472	0.8398254485088484	0.8583236383671954	0.7004766394094251	0.9069824876304424	0.8445339304586151	-0.304675330494657	
-0.8515936133650197	-0.9979433113622607	-0.9995985686654455	-0.7809597782184461	-0.409744459582172	-0.3722276142276353	0.28966870143194234	0.13764541084746912	-0.7571099183247472	0.0	0.13764541084746912	0.17225243166512852	0.9979433113622607	0.9113910559138179	0.14628955946385175	-0.9201546757022271	
-0.9156418552437396	-0.9796210250048817	-0.9939837279195051	-0.8594970197250391	-0.53140452759909	-0.4964390068712914	0.15516737472596412	0.0	-0.8398254485088484	-0.13764541084746912	0.0	0.03502485596204408	0.9796210250048817	0.8460692558034415	0.008732516767071735	-0.9652920064701034	
-0.9291598729399189	-0.9719850600532249	-0.989537663796628	-0.8768722994046498	-0.5607486724292063	-0.5265384954526129	0.12047152872863326	-0.03502485596204408	-0.8583236383671954	-0.17225243166512852	-0.03502485596204408	0.0	0.9719850600532249	0.8268793380761265	-0.02629636163677615	-0.9738472904894463	
-0.5777138238171196	-0.0	-0.09235061577770426	-0.6733583268327662	-0.9365899354395034	-0.9500933494008703	-0.9365899354395034	-0.9796210250048817	-0.7004766394094251	-0.9979433113622607	-0.9796210250048817	-0.9719850600532249	0.0	-0.3522724462642508	-0.9778297050497546	-0.44973409874480913	
-0.8282195670809709	-0.3522724462642508	-0.4371977379139664	-0.8906351271538642	-0.9999980579823123	-0.9990869238826935	-0.753106293315316	-0.8460692558034415	-0.9069824876304424	-0.9113910559138179	-0.8460692558034415	-0.8268793380761265	0.3522724462642508	0.0	-0.8413819270633327	-0.7355415536425546	
-0.919117370814659	-0.9778297050497546	-0.9929893744284082	-0.8639277930605616	-0.5387817393943625	-0.5040005279241674	0.14653470809880056	-0.008732516767071735	-0.8445339304586151	-0.14628955946385175	-0.008732516767071735	0.02629636163677615	0.9778297050497546	0.8413819270633327	0.0	-0.9675358984121812	
0.14890163429898617	-0.44973409874480913	-0.36532807657766536	0.2689226610265433	0.6789278963547161	0.7082861111893564	0.9941261085553257	0.9652920064701034	0.304675330494657	0.9201546757022271	0.9652920064701034	0.9738472904894463	0.44973409874480913	0.7355415536425546	0.9675358984121812	0.0	
