0.0	0.969057381663228	0.9640220010148044	0.9276633857548209	0.9883960298444084	0.9197924627250028	0.8174853614815399	0.4115384065385213	0.7893648871812072	0.9902585942025122	0.9640218449807172	0.9604417114224119	0.8174854943730454	0.7178456292525345	2.9802322387695312e-08	0.9751560872882545	
-0.969057381663228	0.0	0.49555212480336264	0.5908433085951167	0.09677249249115175	-0.15322565384953354	-0.3563435416907932	-0.7816092396024021	-0.40008457763570376	0.10949899581268574	-0.019642901026886456	-0.032792995922983015	0.7599122969617808	0.8518498089881492	0.9690573890195003	0.45536768034048836	
-0.9640220010148044	-0.49555212480336264	0.0	0.11338893733660785	-0.409171787331673	-0.6227887245195762	-0.7725338418065429	-0.9879984953298173	-0.8016674728404546	-0.39746388263233257	-0.512517908421783	-0.5237688809747795	0.33792168098273134	0.48033484845760926	0.9640219930926772	-0.04566933755291347	
-0.9276633857548209	-0.5908433085951167	-0.11338893733660785	0.0	-0.5099954778684358	-0.7074865366126557	-0.8395505028672394	-0.999141026734865	-0.8642777934071241	-0.49894821929032485	-0.60657693511415	-0.6169824733085981	0.22902356893611941	0.377785256311747	0.9276633746261111	-0.15864542989004504	
-0.9883960298444084	-0.09677249249115175	0.409171787331673	0.5099954778684358	0.0	-0.24813622152586956	-0.4450909162192094	-0.8383043997611366	-0.4868966736983198	0.012794474915579168	-0.11630452878947478	-0.1293595277801199	0.6934410708762959	0.7971635870881997	0.9883960343713492	0.36707353864088615	
-0.9197924627250028	0.15322565384953354	0.6227887245195762	0.7074865366126557	0.24813622152586956	0.0	-0.20896840434250757	-0.6768020742288491	-0.2549320944995256	0.2605102405473419	0.13378514798505067	0.12073749289863367	0.8505392643010141	0.9220479782659583	0.9197924744195881	0.5864076782022088	
-0.8174853614815399	0.3563435416907932	0.7725338418065429	0.8395505028672394	0.4450909162192094	0.20896840434250757	0.0	-0.5080246719765947	-0.04723993321080433	0.45651174965757446	0.33792134568870513	0.3255115877330882	0.9416602900806688	0.9825779370355872	0.8174853786461685	0.7427289655236512	
-0.4115384065385213	0.7816092396024021	0.9879984953298173	0.999141026734865	0.8383043997611366	0.6768020742288491	0.5080246719765947	0.0	0.46676773557141	0.8452113616563252	0.7692058149825141	0.760733628791165	0.9820752923941135	0.9407530520725422	0.4115384337001318	0.9799133832567007	
-0.7893648871812072	0.40008457763570376	0.8016674728404546	0.8642777934071241	0.4868966736983198	0.2549320944995256	0.04723993321080433	-0.46676773557141	0.0	0.49803227654014953	0.3820050941589658	0.3698153315915944	0.9565082943875947	0.9902605479433741	0.7893649054775775	0.7735312512072151	
-0.9902585942025122	-0.10949899581268574	0.39746388263233257	0.49894821929032485	-0.012794474915579168	-0.2605102405473419	-0.45651174965757446	-0.8452113616563252	-0.49803227654014953	0.0	-0.12900265545603087	-0.1420359119947213	0.6841657209641868	0.7893735017586855	0.990258598352202	0.3551421754508045	
-0.9640218449807172	0.019642901026886456	0.512517908421783	0.60657693511415	0.11630452878947478	-0.13378514798505067	-0.33792134568870513	-0.7692058149825141	-0.3820050941589658	0.12900265545603087	0.0	-0.01315433244074432	0.7725340680162979	0.861974131729494	0.9640218529028604	0.47276796454351877	
-0.9604417114224119	0.032792995922983015	0.5237688809747795	0.6169824733085981	0.1293595277801199	-0.12073749289863367	-0.3255115877330882	-0.760733628791165	-0.3698153315915944	0.1420359119947213	0.01315433244074432	0.0	0.7808198769512495	0.8685681706156713	0.9604417197217947	0.48431848588971704	
-0.8174854943730454	-0.7599122969617808	-0.33792168098273134	-0.22902356893611941	-0.6934410708762959	-0.8505392643010141	-0.9416602900806688	-0.9820752923941135	-0.9565082943875947	-0.6841657209641868	-0.7725340680162979	-0.7808198769512495	0.0	0.15569268043141127	0.8174854772084217	-0.38055190113704584	
-0.7178456292525345	-0.8518498089881492	-0.48033484845760926	-0.377785256311747	-0.7971635870881997	-0.9220479782659583	-0.9825779370355872	-0.9407530520725422	-0.9902605479433741	-0.7893735017586855	-0.861974131729494	-0.8685681706156713	-0.15569268043141127	0.0	0.7178456085040885	-0.5198895722667638	
-2.9802322387695312e-08	-0.9690573890195003	-0.9640219930926772	-0.9276633746261111	-0.9883960343713492	-0.9197924744195881	-0.8174853786461685	-0.4115384337001318	-0.7893649054775775	-0.990258598352202	-0.9640218529028604	-0.9604417197217947	-0.8174854772084217	-0.7178456085040885	0.0	-0.9751560806864776	
-0.9751560872882545	-0.45536768034048836	0.04566933755291347	0.15864542989004504	-0.36707353864088615	-0.5864076782022088	-0.7427289655236512	-0.9799133832567007	-0.7735312512072151	-0.3551421754508045	-0.47276796454351877	-0.48431848588971704	0.38055190113704584	0.5198895722667638	0.9751560806864776	0.0	
