0.0	-0.7909040183515995	-0.9614289930506945	-0.9523830514977063	-0.0	-0.9649972192999788	-0.9683833068688023	-0.993099966907778	-0.9994884138051842	-0.8952177197916072	-0.6998543419331966	-0.7447197111571833	-0.9920556657299545	-0.9980864649032954	-0.9496103845260497	-0.9035079029052511	
0.7909040183515995	0.0	-0.3707963481268966	-0.8239513895518873	-0.7909040183515997	-0.797943188421586	-0.395288262600566	-0.7004678111583631	-0.5863316973767616	-0.19536993694500798	0.1366623206785329	0.07210749796912919	-0.5075833013227666	-0.6596737870124372	-0.8290000461501131	-0.8918516905490295	
0.9614289930506945	0.3707963481268966	0.0	-0.5550997176387076	-0.9614289930506947	-0.5175700992643162	-0.026512196191041865	-0.3859029846986817	-0.24416317920727781	0.18220812662976543	0.4942376603196633	0.43679837303024993	-0.15192069012274925	-0.3339756561596507	-0.5625368016345793	-0.6605537837358728	
0.9523830514977063	0.8239513895518873	0.5550997176387076	0.0	-0.9523830514977065	0.0444595427880779	0.5328521789976506	0.1911134887716308	0.3352081796358055	0.6973651096181086	0.8936619603798083	0.8626670037767237	0.42229133136036867	0.24543129239198652	-0.008967962757132353	-0.13268088165399716	
0.0	0.7909040183515997	0.9614289930506947	0.9523830514977065	0.0	0.9649972192999791	0.9683833068688025	0.9930999669077782	0.9994884138051844	0.8952177197916075	0.6998543419331967	0.7447197111571834	0.9920556657299547	0.9980864649032957	0.94961038452605	0.9035079029052513	
0.9649972192999788	0.797943188421586	0.5175700992643162	-0.0444595427880779	-0.9649972192999791	0.0	0.49470325119998027	0.14728445087633335	0.29298942573220754	0.6648106768646167	0.8728274840599511	0.8393275801223034	0.3815729591229931	0.20208890371602875	-0.053416850043955244	-0.1766161523500867	
0.9683833068688023	0.395288262600566	0.026512196191041865	-0.5328521789976506	-0.9683833068688025	-0.49470325119998027	0.0	-0.36130879118886483	-0.21836757108051696	0.20821246027719775	0.5171116942504419	0.4604941302993729	-0.12566282763871348	-0.3088683494036913	-0.5404195163014932	-0.640416799500863	
0.993099966907778	0.7004678111583631	0.3859029846986817	-0.1911134887716308	-0.9930999669077782	-0.14728445087633335	0.36130879118886483	0.0	0.14897316172446026	0.5475371331154775	0.7914295169110492	0.7501063669953038	0.2412708704809019	0.055639400413385005	-0.19990846831899972	-0.31965911841678235	
0.9994884138051842	0.5863316973767616	0.24416317920727781	-0.3352081796358055	-0.9994884138051844	-0.29298942573220754	0.21836757108051696	-0.14897316172446026	0.0	0.41676932868767697	0.6915367448556393	0.6432175956592413	0.09400641789827639	-0.09372385800857769	-0.3436438129770863	-0.45724904772426966	
0.8952177197916072	0.19536993694500798	-0.18220812662976543	-0.6973651096181086	-0.8952177197916075	-0.6648106768646167	-0.20821246027719775	-0.5475371331154775	-0.41676932868767697	0.0	0.3275657017060095	0.26557932195118483	-0.3294707154200127	-0.5001309444933174	-0.7037645493754706	-0.7862940892395571	
0.6998543419331966	-0.1366623206785329	-0.4942376603196633	-0.8936619603798083	-0.6998543419331967	-0.8728274840599511	-0.5171116942504419	-0.7914295169110492	-0.6915367448556393	-0.3275657017060095	0.0	-0.06487560721855246	-0.6205696209097713	-0.7561933720834999	-0.8976503142953153	-0.9453002480779646	
0.7447197111571833	-0.07210749796912919	-0.43679837303024993	-0.8626670037767237	-0.7447197111571834	-0.8393275801223034	-0.4604941302993729	-0.7501063669953038	-0.6432175956592413	-0.26557932195118483	0.06487560721855246	0.0	-0.5683900081682737	-0.7121491063312638	-0.8671680606975803	-0.9221463170393518	
0.9920556657299545	0.5075833013227666	0.15192069012274925	-0.42229133136036867	-0.9920556657299547	-0.3815729591229931	0.12566282763871348	-0.2412708704809019	-0.09400641789827639	0.3294707154200127	0.6205696209097713	0.5683900081682737	0.0	-0.1869014338631475	-0.4304034507688766	-0.5388277067555549	
0.9980864649032954	0.6596737870124372	0.3339756561596507	-0.24543129239198652	-0.9980864649032957	-0.20208890371602875	0.3088683494036913	-0.055639400413385005	0.09372385800857769	0.5001309444933174	0.7561933720834999	0.7121491063312638	0.1869014338631475	0.0	-0.2541150914100587	-0.37188408998850475	
0.9496103845260497	0.8290000461501131	0.5625368016345793	0.008967962757132353	-0.94961038452605	0.053416850043955244	0.5404195163014932	0.19990846831899972	0.3436438129770863	0.7037645493754706	0.8976503142953153	0.8671680606975803	0.4304034507688766	0.2541150914100587	0.0	-0.1237868708785631	
0.9035079029052511	0.8918516905490295	0.6605537837358728	0.13268088165399716	-0.9035079029052513	0.1766161523500867	0.640416799500863	0.31965911841678235	0.45724904772426966	0.7862940892395571	0.9453002480779646	0.9221463170393518	0.5388277067555549	0.37188408998850475	0.1237868708785631	0.0	
