0.0	0.7211897999592172	0.7708301446815155	0.5411136781961741	-0.4084079835292542	-0.9996303243228506	-0.508990334859978	-0.560612026365686	-0.9706293603209639	-0.6361851863142494	0.87396926666464	0.9706293603209639	0.6894740384283455	0.4919514514064086	-0.4880809991369147	-0.38142106753886135	
-0.7211897999592172	0.0	0.07455568864301354	-0.23163442203780188	-0.9412212194639923	-0.6728733613551483	-0.9733768579058496	-0.9855588198677416	-0.49888767157856834	-0.9971335269309252	0.2549466227743614	0.49888767157856834	-0.044740733995363935	-0.2870909339868582	-0.9675652797560761	-0.930893553534963	
-0.7708301446815155	-0.07455568864301354	0.0	-0.30351773968110213	-0.9637858859855193	-0.6158475110054433	-0.9877567587913262	-0.995440634440674	-0.4328842638990863	-0.9999993846302251	0.18214506305779887	0.4328842638990863	-0.11909724485865658	-0.3577090599935891	-0.983706743521723	-0.9555372278422433	
-0.5411136781961741	0.23163442203780188	0.30351773968110213	0.0	-0.8373787639745084	-0.8259265064242107	-0.8938107748155053	-0.9195310317054843	-0.6860692065992221	-0.9524884827684396	0.47199290779631364	0.6860692065992221	0.18787855467680387	-0.0573995100201965	-0.8827345694606787	-0.8209620869960966	
0.4084079835292542	0.9412212194639923	0.9637858859855193	0.8373787639745084	0.0	-0.9235660574073536	-0.11305986846394075	-0.17353246654003157	-0.984244705418719	-0.2656078938376342	0.9962373051725117	0.984244705418719	0.9251657028824966	0.8046222707000831	-0.08906228065120314	0.02937195834246281	
0.9996303243228506	0.6728733613551483	0.6158475110054433	0.8259265064242107	0.9235660574073536	0.0	0.8742927127892296	0.8430146740583642	-0.21410091404113035	0.7885480995317569	0.46203962256762826	0.21410091404113035	0.7052968695167092	0.8569253616977877	0.8857458770761655	0.9344299504260486	
0.508990334859978	0.9733768579058496	0.9877567587913262	0.8938107748155053	0.11305986846394075	-0.8742927127892296	0.0	-0.06107526615305292	-0.9579436009288568	-0.15490597611675383	0.9996482088844474	0.9579436009288568	0.9621470996268396	0.8665966555167162	0.024119346113158302	0.14219471944623047	
0.560612026365686	0.9855588198677416	0.995440634440674	0.9195310317054843	0.17353246654003157	-0.8430146740583642	0.06107526615305292	0.0	-0.9386293295227832	-0.09427875207767294	0.9961621424577577	0.9386293295227832	0.976995810574359	0.8954559842227829	0.08513181775360895	0.2023839274903072	
0.9706293603209639	0.49888767157856834	0.4328842638990863	0.6860692065992221	0.984244705418719	0.21410091404113035	0.9579436009288568	0.9386293295227832	0.0	0.9019291886036663	0.26144825551989964	0.0	0.5371634037052482	0.7266983029447859	0.9645861261440424	0.9890133584243849	
0.6361851863142494	0.9971335269309252	0.9999993846302251	0.9524884827684396	0.2656078938376342	-0.7885480995317569	0.15490597611675383	0.09427875207767294	-0.9019291886036663	0.0	0.9834731337419914	0.9019291886036663	0.9927498584956811	0.9334356714214336	0.17868911856870942	0.29381024868290284	
-0.87396926666464	-0.2549466227743614	-0.18214506305779887	-0.47199290779631364	-0.9962373051725117	-0.46203962256762826	-0.9996482088844474	-0.9961621424577577	-0.26144825551989964	-0.9834731337419914	0.0	0.26144825551989964	-0.29795360954914274	-0.5218182705424446	-0.9999971098718751	-0.9932618893698666	
-0.9706293603209639	-0.49888767157856834	-0.4328842638990863	-0.6860692065992221	-0.984244705418719	-0.21410091404113035	-0.9579436009288568	-0.9386293295227832	-0.0	-0.9019291886036663	-0.26144825551989964	0.0	-0.5371634037052482	-0.7266983029447859	-0.9645861261440424	-0.9890133584243849	
-0.6894740384283455	0.044740733995363935	0.11909724485865658	-0.18787855467680387	-0.9251657028824966	-0.7052968695167092	-0.9621470996268396	-0.976995810574359	-0.5371634037052482	-0.9927498584956811	0.29795360954914274	0.5371634037052482	0.0	-0.24394615208926435	-0.9552939365836974	-0.9136180188112866	
-0.4919514514064086	0.2870909339868582	0.3577090599935891	0.0573995100201965	-0.8046222707000831	-0.8569253616977877	-0.8665966555167162	-0.8954559842227829	-0.7266983029447859	-0.9334356714214336	0.5218182705424446	0.7266983029447859	0.24394615208926435	0.0	-0.8543087737024935	-0.7868344301603821	
0.4880809991369147	0.9675652797560761	0.983706743521723	0.8827345694606787	0.08906228065120314	-0.8857458770761655	-0.024119346113158302	-0.08513181775360895	-0.9645861261440424	-0.17868911856870942	0.9999971098718751	0.9645861261440424	0.9552939365836974	0.8543087737024935	0.0	0.11827909072782489	
0.38142106753886135	0.930893553534963	0.9555372278422433	0.8209620869960966	-0.02937195834246281	-0.9344299504260486	-0.14219471944623047	-0.2023839274903072	-0.9890133584243849	-0.29381024868290284	0.9932618893698666	0.9890133584243849	0.9136180188112866	0.7868344301603821	-0.11827909072782489	0.0	
