0.0	0.44431206544163765	-0.40880771174554587	-0.9934699474548042	-0.7573078081597124	0.6866383479400845	0.596924327662829	-0.35722099930712864	0.19818813078434036	0.9934699474548042	0.8944093177869813	-0.1606410066188334	-0.3636893712430994	-0.1340738625116829	-0.14072336879000868	-0.06729483757997595	
-0.44431206544163765	0.0	-0.7717277343892751	-0.8393286059615501	-0.9686125171674977	0.2921256283025155	0.17829736231635995	-0.7350206277626382	-0.257947477354405	0.8393286059615501	0.6025580601979388	-0.5824555338790006	-0.7397048562596986	-0.5604135539114836	-0.5659608336026203	-0.503592435411526	
0.40880771174554587	0.7717277343892751	0.0	-0.9533036302005286	-0.4241594747775753	0.9238431248631771	0.8727508263922993	0.05582731233103058	0.5815691609994695	0.9533036302005286	0.9990952962481716	0.25689420294536797	0.04890228479863845	0.28275816530866854	0.27631261066187557	0.3464663478770284	
0.9934699474548042	0.8393286059615501	0.9533036302005286	0.0	0.7351979498987495	0.6439104337443913	0.7289529540641225	0.9686775006775853	0.951151380241411	0.0	0.3422819528942761	0.9988958459877408	0.9669322197785679	0.9997972830155811	0.9996395894098954	0.9988958271735552	
0.7573078081597124	0.9686125171674977	0.4241594747775753	-0.7351979498987495	0.0	0.9989768764522177	0.9974124616198602	0.47405448922430765	0.8717142140678777	0.7351979498987495	0.9228066683597643	0.6425646660016571	0.46793729498573433	0.6629123123836921	0.6578712681172026	0.711643653278484	
-0.6866383479400845	-0.2921256283025155	-0.9238431248631771	-0.6439104337443913	-0.9989768764522177	0.0	-0.11692477428660886	-0.9010332417721858	-0.5289355842718781	0.6439104337443913	0.3431362750021353	-0.7945067847542641	-0.9040194170393075	-0.7779105101552614	-0.7821113498542033	-0.7340051205955063	
-0.596924327662829	-0.17829736231635995	-0.8727508263922993	-0.7289529540641225	-0.9974124616198602	0.11692477428660886	0.0	-0.8441367256868108	-0.42607788574273037	0.7289529540641225	0.4506083861798208	-0.7180538972695103	-0.847834208648317	-0.6991020321079955	-0.7038863198534675	-0.6495616624752769	
0.35722099930712864	0.7350206277626382	-0.05582731233103058	-0.9686775006775853	-0.47405448922430765	0.9010332417721858	0.8441367256868108	0.0	0.5352468195909063	0.9686775006775853	0.9951629501498366	0.20253983930276	-0.006934499996560012	0.22876811833274924	0.22222785145655213	0.29355650994611554	
-0.19818813078434036	0.257947477354405	-0.5815691609994695	-0.951151380241411	-0.8717142140678777	0.5289355842718781	0.42607788574273037	-0.5352468195909063	0.0	0.951151380241411	0.7880283028935321	-0.35306877337563647	-0.5410914925481702	-0.32781313103708176	-0.3341479316918266	-0.26369884177602476	
-0.9934699474548042	-0.8393286059615501	-0.9533036302005286	-0.0	-0.7351979498987495	-0.6439104337443913	-0.7289529540641225	-0.9686775006775853	-0.951151380241411	0.0	-0.3422819528942761	-0.9988958459877408	-0.9669322197785679	-0.9997972830155811	-0.9996395894098954	-0.9988958271735552	
-0.8944093177869813	-0.6025580601979388	-0.9990952962481716	-0.3422819528942761	-0.9228066683597643	-0.3431362750021353	-0.4506083861798208	-0.9951629501498366	-0.7880283028935321	0.3422819528942761	0.0	-0.954640119754289	-0.9958202538576405	-0.946298447908098	-0.9484474443321136	-0.9224793825893071	
0.1606410066188334	0.5824555338790006	-0.25689420294536797	-0.9988958459877408	-0.6425646660016571	0.7945067847542641	0.7180538972695103	-0.20253983930276	0.35306877337563647	0.9988958459877408	0.954640119754289	0.0	-0.20932574516218444	0.02685800180297849	0.0201466802618233	0.0938559819633561	
0.3636893712430994	0.7397048562596986	-0.04890228479863845	-0.9669322197785679	-0.46793729498573433	0.9040194170393075	0.847834208648317	0.006934499996560012	0.5410914925481702	0.9669322197785679	0.9958202538576405	0.20932574516218444	0.0	0.23551322144893766	0.22898360938462392	0.30017842955921764	
0.1340738625116829	0.5604135539114836	-0.28275816530866854	-0.9997972830155811	-0.6629123123836921	0.7779105101552614	0.6991020321079955	-0.22876811833274924	0.32781313103708176	0.9997972830155811	0.946298447908098	-0.02685800180297849	-0.23551322144893766	0.0	-0.006713138045452812	0.06708267944416917	
0.14072336879000868	0.5659608336026203	-0.27631261066187557	-0.9996395894098954	-0.6578712681172026	0.7821113498542033	0.7038863198534675	-0.22222785145655213	0.3341479316918266	0.9996395894098954	0.9484474443321136	-0.0201466802618233	-0.22898360938462392	0.006713138045452812	0.0	0.07377918401062325	
0.06729483757997595	0.503592435411526	-0.3464663478770284	-0.9988958271735552	-0.711643653278484	0.7340051205955063	0.6495616624752769	-0.29355650994611554	0.26369884177602476	0.9988958271735552	0.9224793825893071	-0.0938559819633561	-0.30017842955921764	-0.06708267944416917	-0.07377918401062325	0.0	
