0.0	-0.40009571245516773	0.8917228941127503	0.8841661350017903	0.40009571245516773	0.923205301742011	0.9830063017084432	0.996537066591872	0.9039884829937094	0.35206438788936784	0.550109416475278	0.6362901829631369	0.9210531385231965	0.9830063017084432	0.7042310856243175	0.5265691750030435	
0.40009571245516773	0.0	0.9983163128322734	0.6234009517043886	0.0	0.6923334301787398	0.974345384524057	0.9465675184743326	0.9995450080766959	0.697137530581615	0.8382775894821031	0.8917967620871676	0.9999327079078265	0.974345384524057	0.9294653144061913	0.8227209041607955	
-0.8917228941127503	-0.9983163128322734	0.0	0.8167460055355772	0.9983163128322734	0.7605213785098814	0.2811955663530795	0.3768680297730685	0.027866536530970668	-0.675293102017092	-0.4957016725720384	-0.3999461011958432	0.06958206272361342	0.2811955663530795	-0.3143750743678936	-0.5197668007713406	
-0.8841661350017903	-0.6234009517043886	-0.8167460055355772	0.0	0.6234009517043886	-0.09150487803156271	-0.6215415987565198	-0.5390729815175953	-0.8003499061722688	-0.9920329290008552	-0.9953566363783477	-0.9793471375083764	-0.7746177348046193	-0.6215415987565198	-0.956729636790657	-0.9976568724831414	
-0.40009571245516773	-0.0	-0.9983163128322734	-0.6234009517043886	0.0	-0.6923334301787398	-0.974345384524057	-0.9465675184743326	-0.9995450080766959	-0.697137530581615	-0.8382775894821031	-0.8917967620871676	-0.9999327079078265	-0.974345384524057	-0.9294653144061913	-0.8227209041607955	
-0.923205301742011	-0.6923334301787398	-0.7605213785098814	0.09150487803156271	0.6923334301787398	0.0	-0.5472508031334592	-0.4597405575024355	-0.7421319306097992	-0.9993986601640008	-0.9823728758489971	-0.9567374054731923	-0.7134975198892696	-0.5472508031334592	-0.9260898614049464	-0.9872109225945281	
-0.9830063017084432	-0.974345384524057	-0.2811955663530795	0.6215415987565198	0.974345384524057	0.5472508031334592	0.0	0.10119942410699545	-0.254344229505301	-0.855440994915057	-0.7199166928044421	-0.6415350777235144	-0.21373955299731073	0.0	-0.5686288212593101	-0.7390221360435257	
-0.996537066591872	-0.9465675184743326	-0.3768680297730685	0.5390729815175953	0.9465675184743326	0.4597405575024355	-0.10119942410699545	0.0	-0.3509098218949287	-0.9034605083147059	-0.786459277053843	-0.7158709800010019	-0.31150302273434155	-0.10119942410699545	-0.6489556340707767	-0.8034042584360931	
-0.9039884829937094	-0.9995450080766959	-0.027866536530970668	0.8003499061722688	0.9995450080766959	0.7421319306097992	0.254344229505301	0.3509098218949287	0.0	-0.695583803096226	-0.5197110562213324	-0.42533154125698924	0.04175604623285872	0.254344229505301	-0.3407066588157454	-0.5433715609300236	
-0.35206438788936784	-0.697137530581615	0.675293102017092	0.9920329290008552	0.697137530581615	0.9993986601640008	0.855440994915057	0.9034605083147059	0.695583803096226	0.0	0.22088273125091218	0.3239521986450427	0.7249765612444116	0.855440994915057	0.4091877966037358	0.19355469304995299	
-0.550109416475278	-0.8382775894821031	0.4957016725720384	0.9953566363783477	0.8382775894821031	0.9823728758489971	0.7199166928044421	0.786459277053843	0.5197110562213324	-0.22088273125091218	0.0	0.10697941279224982	0.5549317310150147	0.7199166928044421	0.19753652112023734	-0.027931760938401884	
-0.6362901829631369	-0.8917967620871676	0.3999461011958432	0.9793471375083764	0.8917967620871676	0.9567374054731923	0.6415350777235144	0.7158709800010019	0.42533154125698924	-0.3239521986450427	-0.10697941279224982	0.0	0.4627513747737561	0.6415350777235144	0.09153146564547521	-0.13470914002729795	
-0.9210531385231965	-0.9999327079078265	-0.06958206272361342	0.7746177348046193	0.9999327079078265	0.7134975198892696	0.21373955299731073	0.31150302273434155	-0.04175604623285872	-0.7249765612444116	-0.5549317310150147	-0.4627513747737561	0.0	0.21373955299731073	-0.3796672741353142	-0.5779515317107281	
-0.9830063017084432	-0.974345384524057	-0.2811955663530795	0.6215415987565198	0.974345384524057	0.5472508031334592	0.0	0.10119942410699545	-0.254344229505301	-0.855440994915057	-0.7199166928044421	-0.6415350777235144	-0.21373955299731073	0.0	-0.5686288212593101	-0.7390221360435257	
-0.7042310856243175	-0.9294653144061913	0.3143750743678936	0.956729636790657	0.9294653144061913	0.9260898614049464	0.5686288212593101	0.6489556340707767	0.3407066588157454	-0.4091877966037358	-0.19753652112023734	-0.09153146564547521	0.3796672741353142	0.5686288212593101	0.0	-0.22484082908597675	
-0.5265691750030435	-0.8227209041607955	0.5197668007713406	0.9976568724831414	0.8227209041607955	0.9872109225945281	0.7390221360435257	0.8034042584360931	0.5433715609300236	-0.19355469304995299	0.027931760938401884	0.13470914002729795	0.5779515317107281	0.7390221360435257	0.22484082908597675	0.0	
