0.0	0.0884740533670406	0.7786560666177725	0.9147936418259579	0.7657508948985561	0.805822727963004	0.9495137461805604	0.8823529265101981	0.9797958971132712	0.6882324768153123	0.7817999478110381	0.0	0.5251973859037316	0.9077054992468138	0.8983816634029733	0.7817999478110381	
-0.0884740533670406	0.0	0.7200894213498669	0.8754696879407896	0.7058470263700015	0.7502721630026039	0.9180336502414633	0.8372579123630682	0.9936484203319687	0.7497206209758778	0.8339002734474088	0.0884740533670406	0.5984275034748843	0.9412703206852304	0.933717832171616	0.8339002734474088	
-0.7786560666177725	-0.7200894213498669	0.0	0.2594722247305183	-0.020311600408678354	0.044527737760828356	0.35148911896077617	0.18720680106552606	0.7705051073061843	0.9967395010302422	0.9760560475870316	0.7786560666177725	0.9921566940943043	0.8962708817139081	0.9056883835311778	0.9760560475870316	
-0.9147936418259579	-0.8754696879407896	-0.2594722247305183	0.0	-0.27903463481847735	-0.21621217863973657	0.09653500471543291	-0.07408981704637968	0.5787193746652112	0.9416657464612166	0.8861865003414695	0.9147936418259579	0.9906100194658549	0.7504963535367819	0.7646673690682935	0.8861865003414695	
-0.7657508948985561	-0.7058470263700015	0.020311600408678354	0.27903463481847735	0.0	0.06481000592210162	0.37043216325170625	0.20712068193375138	0.7832934518023118	0.9981727508115915	0.9802728480186205	0.7657508948985561	0.9894130526291094	0.9050943174367588	0.9141125203602247	0.9802728480186205	
-0.805822727963004	-0.7502721630026039	-0.044527737760828356	0.21621217863973657	-0.06481000592210162	0.0	0.30945398351123055	0.14328060897067396	0.7413573944405784	0.9921580806507552	0.96540230800361	0.805822727963004	0.9967386059172836	0.875633548228265	0.8859128058691066	0.96540230800361	
-0.9495137461805604	-0.9180336502414633	-0.35148911896077617	-0.09653500471543291	-0.37043216325170625	-0.30945398351123055	0.0	-0.17001347249029947	0.49728963897214506	0.9047789658064685	0.8373202076224469	0.9495137461805604	0.9727853996514524	0.6831936962789351	0.6988864710483411	0.8373202076224469	
-0.8823529265101981	-0.8372579123630682	-0.18720680106552606	0.07408981704637968	-0.20712068193375138	-0.14328060897067396	0.17001347249029947	0.0	0.637551034416653	0.9640125435468065	0.918078819867989	0.8823529265101981	0.9980168053185515	0.7973977462213077	0.8103110801076592	0.918078819867989	
-0.9797958971132712	-0.9936484203319687	-0.7705051073061843	-0.5787193746652112	-0.7832934518023118	-0.7413573944405784	-0.49728963897214506	-0.637551034416653	0.0	0.5731858446035388	0.4545715024551473	0.9797958971132712	0.7287476644844937	0.22958892529062727	0.25066535875407714	0.4545715024551473	
-0.6882324768153123	-0.7497206209758778	-0.9967395010302422	-0.9416657464612166	-0.9981727508115915	-0.9921580806507552	-0.9047789658064685	-0.9640125435468065	-0.5731858446035388	0.0	-0.1380550712359953	0.6882324768153123	0.20464680804389568	-0.3697437288748378	-0.349484635336518	-0.1380550712359953	
-0.7817999478110381	-0.8339002734474088	-0.9760560475870316	-0.8861865003414695	-0.9802728480186205	-0.96540230800361	-0.8373202076224469	-0.918078819867989	-0.4545715024551473	0.1380550712359953	0.0	0.7817999478110381	0.33782048102141904	-0.23793163806468587	-0.21678855641780215	0.0	
-0.0	-0.0884740533670406	-0.7786560666177725	-0.9147936418259579	-0.7657508948985561	-0.805822727963004	-0.9495137461805604	-0.8823529265101981	-0.9797958971132712	-0.6882324768153123	-0.7817999478110381	0.0	-0.5251973859037316	-0.9077054992468138	-0.8983816634029733	-0.7817999478110381	
-0.5251973859037316	-0.5984275034748843	-0.9921566940943043	-0.9906100194658549	-0.9894130526291094	-0.9967386059172836	-0.9727853996514524	-0.9980168053185515	-0.7287476644844937	-0.20464680804389568	-0.33782048102141904	0.5251973859037316	0.0	-0.552062690622014	-0.5338303103813482	-0.33782048102141904	
-0.9077054992468138	-0.9412703206852304	-0.8962708817139081	-0.7504963535367819	-0.9050943174367588	-0.875633548228265	-0.6831936962789351	-0.7973977462213077	-0.22958892529062727	0.3697437288748378	0.23793163806468587	0.9077054992468138	0.552062690622014	0.0	0.021710484880503034	0.23793163806468587	
-0.8983816634029733	-0.933717832171616	-0.9056883835311778	-0.7646673690682935	-0.9141125203602247	-0.8859128058691066	-0.6988864710483411	-0.8103110801076592	-0.25066535875407714	0.349484635336518	0.21678855641780215	0.8983816634029733	0.5338303103813482	-0.021710484880503034	0.0	0.21678855641780215	
-0.7817999478110381	-0.8339002734474088	-0.9760560475870316	-0.8861865003414695	-0.9802728480186205	-0.96540230800361	-0.8373202076224469	-0.918078819867989	-0.4545715024551473	0.1380550712359953	0.0	0.7817999478110381	0.33782048102141904	-0.23793163806468587	-0.21678855641780215	0.0	
