0.0	0.12346154161121786	0.08832938551587793	-0.6116331281528251	-0.8125394731405452	-0.8646910100683592	-0.6214099119116173	-0.07073761972884052	0.5102523490234361	0.886743103618304	0.9783254478451286	0.8646910175532746	0.9015417939324976	0.6776640975023476	0.8442643861544782	0.9691761369735981	
-0.12346154161121786	0.0	-0.03532536108555351	-0.7046292944938959	-0.8782895188117775	-0.9200908129278906	-0.7133860697990357	-0.19334869663904436	0.4001686115380936	0.8228873018675845	0.9452750509327752	0.9200908187647521	0.8412235949508948	0.5816894221108353	0.7716388595955653	0.9313442376848273	
-0.08832938551587793	0.03532536108555351	0.0	-0.6791234955339264	-0.8608512610454775	-0.9056794271606775	-0.6881858236381841	-0.15856924567915592	0.43229248021196925	0.8424457421384816	0.9562108374481095	0.9056794334782216	0.8597985351756564	0.6100604056306292	0.7936263335296505	0.9436263284271456	
0.6116331281528251	0.7046292944938959	0.6791234955339264	0.0	-0.28630899494264284	-0.3768671091961556	-0.012417424486651896	0.554137492315937	0.9297014401786047	0.9842743850068921	0.9006467300064882	0.3768671229986147	0.9778959324825582	0.9859058333417304	0.9957232647455286	0.9174428463758528	
0.8125394731405452	0.8782895188117775	0.8608512610454775	0.28630899494264284	0.0	-0.09589177829324405	0.27438932270315336	0.7692706317003968	0.9962332861284412	0.8924945990066814	0.7385271055380301	0.09589179312573723	0.8770936304025988	0.9925330263886321	0.9275886850304821	0.7651231756278635	
0.8646910100683592	0.9200908129278906	0.9056794271606775	0.3768671091961556	0.09589177829324405	0.0	0.36533619832038555	0.8269931220593645	0.9999575259766131	0.8451290132973445	0.6704712816000089	1.4901161193847663e-08	0.8269930921315979	0.9762626874645342	0.887488678995229	0.6998541327582148	
0.6214099119116173	0.7133860697990357	0.6881858236381841	0.012417424486651896	-0.27438932270315336	-0.36533619832038555	0.0	0.5644313452754312	0.934203272733104	0.9820050054673942	0.8951812738436644	0.3653362121915137	0.9752241509815001	0.987907270681726	0.9944992986384473	0.9124316214536126	
0.07073761972884052	0.19334869663904436	0.15856924567915592	-0.554137492315937	-0.7692706317003968	-0.8269931220593645	-0.5644313452754312	0.0	0.5698102474033931	0.9172211266862239	0.990522567122315	0.826993130436977	0.9298909972907579	0.7279849554496531	0.8800596610547392	0.9841758558154325	
-0.5102523490234361	-0.4001686115380936	-0.43229248021196925	-0.9297014401786047	-0.9962332861284412	-0.9999575259766131	-0.934203272733104	-0.5698102474033931	0.0	0.5267504466967289	0.7357244849668613	0.999957525839275	0.5545661147801749	0.20758280443406069	0.4526302911709846	0.7078051579392115	
-0.886743103618304	-0.8228873018675845	-0.8424457421384816	-0.9842743850068921	-0.8924945990066814	-0.8451290132973445	-0.9820050054673942	-0.9172211266862239	-0.5267504466967289	0.0	0.268622470435699	0.8451290053317444	0.03306233698735728	-0.33882694737012575	-0.08495767522748726	0.22954794750788637	
-0.9783254478451286	-0.9452750509327752	-0.9562108374481095	-0.9006467300064882	-0.7385271055380301	-0.6704712816000089	-0.8951812738436644	-0.990522567122315	-0.7357244849668613	-0.268622470435699	0.0	0.670471270544309	-0.23662846363396872	-0.5791066509896172	-0.3494863839481348	-0.04033850334740158	
-0.8646910175532746	-0.9200908187647521	-0.9056794334782216	-0.3768671229986147	-0.09589179312573723	-1.4901161193847663e-08	-0.3653362121915137	-0.826993130436977	-0.999957525839275	-0.8451290053317444	-0.670471270544309	0.0	-0.8269930837539853	-0.9762626842370942	-0.8874886721283344	-0.6998541221145274	
-0.9015417939324976	-0.8412235949508948	-0.8597985351756564	-0.9778959324825582	-0.8770936304025988	-0.8269930921315979	-0.9752241509815001	-0.9298909972907579	-0.5545661147801749	-0.03306233698735728	0.23662846363396872	0.8269930837539853	0.0	-0.3697483649804877	-0.11785403026869379	0.19724296657664597	
-0.6776640975023476	-0.5816894221108353	-0.6100604056306292	-0.9859058333417304	-0.9925330263886321	-0.9762626874645342	-0.987907270681726	-0.7279849554496531	-0.20758280443406069	0.33882694737012575	0.5791066509896172	0.9762626842370942	0.3697483649804877	0.0	0.2576696198625906	0.5457492622852058	
-0.8442643861544782	-0.7716388595955653	-0.7936263335296505	-0.9957232647455286	-0.9275886850304821	-0.887488678995229	-0.9944992986384473	-0.8800596610547392	-0.4526302911709846	0.08495767522748726	0.3494863839481348	0.8874886721283344	0.11785403026869379	-0.2576696198625906	0.0	0.3114071114308463	
-0.9691761369735981	-0.9313442376848273	-0.9436263284271456	-0.9174428463758528	-0.7651231756278635	-0.6998541327582148	-0.9124316214536126	-0.9841758558154325	-0.7078051579392115	-0.22954794750788637	0.04033850334740158	0.6998541221145274	-0.19724296657664597	-0.5457492622852058	-0.3114071114308463	0.0	
