0.0	-0.5552065068576744	-0.9731795654733296	-0.8971830359390884	-0.6640005604308006	-0.4246701380189448	-0.28601088563915567	-0.13609495390702198	0.4425023658603645	0.9731795620453649	0.672507739906522	0.8078236322929515	0.6005532895561199	0.09103387610558752	0.29342666025490716	0.7708420997123555	
0.5552065068576744	0.0	-0.9371291238706884	-0.5009864686770786	-0.1371118735705899	0.14945170874451968	0.29413467715790365	0.4368488745700309	0.8659258233060689	0.9371291290709375	0.9702359477325071	0.9991292323320606	0.9434223435922291	0.6286151918782068	0.7748138280008627	0.9948001591875293	
0.9731795654733296	0.9371291238706884	0.0	0.6362075266827045	0.8804287843636691	0.9787603290648735	0.9983222118932318	0.9954331154684406	0.7709193907870151	1.4901161193847656e-08	0.5655322930258081	0.3877784153114691	0.639984157114022	0.948196673169642	0.8628398793864057	0.4426111763272833	
0.8971830359390884	0.5009864686770786	-0.6362075266827045	0.0	0.37759076377361406	0.6247036486287483	0.7333851840670799	0.8287279133310164	0.9999995578950993	0.6362075381792182	0.961015313761254	0.8856039744305022	0.9826135750775222	0.933663672460311	0.9872849640378977	0.9119784427523581	
0.6640005604308006	0.1371118735705899	-0.8804287843636691	-0.37759076377361406	0.0	0.2836121959884121	0.42240333275969294	0.5560600026089058	0.926327226305435	0.8804287914294778	0.9942758415414219	0.9954136913864929	0.9799776685571784	0.7293124439101977	0.854176835143913	0.9993691569626295	
0.4246701380189448	-0.14945170874451968	-0.9787603290648735	-0.6247036486287483	-0.2836121959884121	0.0	0.14799069778834986	0.29750560629958056	0.7814490072431752	0.9787603321197285	0.9231477988402572	0.9816725208937831	0.8832695692910613	0.5053241724799545	0.6716301167882333	0.968406499629678	
0.28601088563915567	-0.29413467715790365	-0.9983222118932318	-0.7333851840670799	-0.42240333275969294	-0.14799069778834986	0.0	0.152940009036581	0.6805026552802697	0.9983222127560542	0.8560884711953843	0.9426596652377478	0.8041559355800914	0.37205437069385094	0.554590303485983	0.9208376710053062	
0.13609495390702198	-0.4368488745700309	-0.9954331154684406	-0.8287279133310164	-0.5560600026089058	-0.29750560629958056	-0.152940009036581	0.0	0.5604307436731455	0.9954331140459521	0.7669731183690007	0.8805251476725968	0.703785067720985	0.22571673843966159	0.4208008292838513	0.8503660884919994	
-0.4425023658603645	-0.8659258233060689	-0.7709193907870151	-0.9999995578950993	-0.926327226305435	-0.7814490072431752	-0.6805026552802697	-0.5604307436731455	0.0	0.7709193812959779	0.2755913595282755	0.463608209905526	0.1847384376553301	-0.3590287992743192	-0.15988866941230373	0.40938038914575753	
-0.9731795620453649	-0.9371291290709375	-1.4901161193847656e-08	-0.6362075381792182	-0.8804287914294778	-0.9787603321197285	-0.9983222127560542	-0.9954331140459521	-0.7709193812959779	0.0	-0.5655322807364308	-0.3877784015762846	-0.639984145664147	-0.9481966684357827	-0.8628398718542063	-0.4426111629652088	
-0.672507739906522	-0.9702359477325071	-0.5655322930258081	-0.961015313761254	-0.9942758415414219	-0.9231477988402572	-0.8560884711953843	-0.7669731183690007	-0.2755913595282755	0.5655322807364308	0.0	0.2014698750585251	-0.09326338465165207	-0.6023420813178217	-0.4257428535061652	0.14208750704159573	
-0.8078236322929515	-0.9991292323320606	-0.3877784153114691	-0.8856039744305022	-0.9954136913864929	-0.9816725208937831	-0.9426596652377478	-0.8805251476725968	-0.463608209905526	0.3877784015762846	-0.2014698750585251	0.0	-0.29194275502223993	-0.7508118073530716	-0.599311720900841	-0.06025182027308634	
-0.6005532895561199	-0.9434223435922291	-0.639984157114022	-0.9826135750775222	-0.9799776685571784	-0.8832695692910613	-0.8041559355800914	-0.703785067720985	-0.1847384376553301	0.639984145664147	0.09326338465165207	0.29194275502223993	0.0	-0.5252703723811903	-0.33949840893648214	0.23378535841338127	
-0.09103387610558752	-0.6286151918782068	-0.948196673169642	-0.933663672460311	-0.7293124439101977	-0.5053241724799545	-0.37205437069385094	-0.22571673843966159	0.3590287992743192	0.9481966684357827	0.6023420813178217	0.7508118073530716	0.5252703723811903	0.0	0.20518158362361533	0.7096504365684375	
-0.29342666025490716	-0.7748138280008627	-0.8628398793864057	-0.9872849640378977	-0.854176835143913	-0.6716301167882333	-0.554590303485983	-0.4208008292838513	0.15988866941230373	0.8628398718542063	0.4257428535061652	0.599311720900841	0.33949840893648214	-0.20518158362361533	0.0	0.5499903656734052	
-0.7708420997123555	-0.9948001591875293	-0.4426111763272833	-0.9119784427523581	-0.9993691569626295	-0.968406499629678	-0.9208376710053062	-0.8503660884919994	-0.40938038914575753	0.4426111629652088	-0.14208750704159573	0.06025182027308634	-0.23378535841338127	-0.7096504365684375	-0.5499903656734052	0.0	
