0.0	-0.34623546477747624	-0.5622667533727261	-0.9997245824142884	-0.8391137094277565	-0.9862033550826963	-0.8574296189368716	0.8391137094277565	0.7269244190136417	-0.691137485895769	-0.749786048191333	-0.6624209338787049	-0.8180774247708853	-0.9661327094069576	-0.4385361001659823	0.6286808406827997	
0.34623546477747624	0.0	-0.24116776203330362	-0.9460148067332881	-0.9755494252446246	-0.9825195991158181	-0.6262223736881565	0.9755494252446246	0.9197283752136015	-0.3981565650248924	-0.4743128124449939	-0.3620726296980329	-0.5683545886694016	-0.8170305497206063	-0.1002450972684939	0.8590501067900798	
0.5622667533727261	0.24116776203330362	0.0	-0.8399235878994166	-0.9997584531533713	-0.9086234111432936	-0.4197133264101768	0.9997584531533713	0.9872528582100392	-0.16517695105708546	-0.24799915267380443	-0.12658098980723215	-0.35314980720492367	-0.653858643245544	0.1426667383622881	0.9571456331362611	
0.9997245824142884	0.9460148067332881	0.8399235878994166	0.0	-0.5241136930968573	-0.1423482704561015	0.5345819046325654	0.5241136930968573	0.6694686872445735	0.738744049819352	0.6790942841942438	0.7644713789817894	0.5941485607170401	0.28064809389653994	0.9087577329505718	0.7626951948955327	
0.8391137094277565	0.9755494252446246	0.9997584531533713	0.5241136930968573	0.0	0.3975457884251163	0.8982129927947522	0.0	0.1808191124113884	0.9823954491149177	0.9630757065974453	0.9889346666069021	0.9275792547091615	0.7420634227786549	0.992667245297714	0.31057329430892217	
0.9862033550826963	0.9825195991158181	0.9086234111432936	0.1423482704561015	-0.3975457884251163	0.0	0.6494389581185438	0.3975457884251163	0.5569092142757648	0.8271619011776794	0.7766697171603923	0.8484523917774199	0.7025967180038185	0.4144175498945474	0.9589088809532995	0.6628634940345242	
0.8574296189368716	0.6262223736881565	0.4197133264101768	-0.5345819046325654	-0.8982129927947522	-0.6494389581185438	0.0	0.8982129927947522	0.9628881181553286	0.26402415245000277	0.18150348886253156	0.3014451819713827	0.07213105229685685	-0.2759170681302836	0.5449124114536626	0.99031160077266	
-0.8391137094277565	-0.9755494252446246	-0.9997584531533713	-0.5241136930968573	-0.0	-0.3975457884251163	-0.8982129927947522	0.0	-0.1808191124113884	-0.9823954491149177	-0.9630757065974453	-0.9889346666069021	-0.9275792547091615	-0.7420634227786549	-0.992667245297714	-0.31057329430892217	
-0.7269244190136417	-0.9197283752136015	-0.9872528582100392	-0.6694686872445735	-0.1808191124113884	-0.5569092142757648	-0.9628881181553286	0.1808191124113884	0.0	-0.9999814070677637	-0.9958827830220855	-0.9994582544054437	-0.9798481843541105	-0.8510399406395422	-0.9544472458928764	-0.13357641361954978	
0.691137485895769	0.3981565650248924	0.16517695105708546	-0.738744049819352	-0.9823954491149177	-0.8271619011776794	-0.26402415245000277	0.9823954491149177	0.9999814070677637	0.0	-0.08457575912610504	0.0390060464812238	-0.19376485358663595	-0.5199015624062704	0.30419438069311144	0.9918346384962881	
0.749786048191333	0.4743128124449939	0.24799915267380443	-0.6790942841942438	-0.9630757065974453	-0.7766697171603923	-0.18150348886253156	0.9630757065974453	0.9958827830220855	0.08457575912610504	0.0	0.1233776846585325	-0.11009772466117534	-0.44579195442006236	0.38367218038239664	0.9990669422505603	
0.6624209338787049	0.3620726296980329	0.12658098980723215	-0.7644713789817894	-0.9889346666069021	-0.8484523917774199	-0.3014451819713827	0.9889346666069021	0.9994582544054437	-0.0390060464812238	-0.1233776846585325	0.0	-0.23188419756145665	-0.552825890161512	0.2668053317837627	0.9861053632421115	
0.8180774247708853	0.5683545886694016	0.35314980720492367	-0.5941485607170401	-0.9275792547091615	-0.7025967180038185	-0.07213105229685685	0.9275792547091615	0.9798481843541105	0.19376485358663595	0.11009772466117534	0.23188419756145665	0.0	-0.34452937828363284	0.48301162307184653	0.9977483350049049	
0.9661327094069576	0.8170305497206063	0.653858643245544	-0.28064809389653994	-0.7420634227786549	-0.4144175498945474	0.2759170681302836	0.7420634227786549	0.8510399406395422	0.5199015624062704	0.44579195442006236	0.552825890161512	0.34452937828363284	0.0	0.7551142218495736	0.9135544636677899	
0.4385361001659823	0.1002450972684939	-0.1426667383622881	-0.9087577329505718	-0.992667245297714	-0.9589088809532995	-0.5449124114536626	0.992667245297714	0.9544472458928764	-0.30419438069311144	-0.38367218038239664	-0.2668053317837627	-0.48301162307184653	-0.7551142218495736	0.0	0.9060374905713986	
-0.6286808406827997	-0.8590501067900798	-0.9571456331362611	-0.7626951948955327	-0.31057329430892217	-0.6628634940345242	-0.99031160077266	0.31057329430892217	0.13357641361954978	-0.9918346384962881	-0.9990669422505603	-0.9861053632421115	-0.9977483350049049	-0.9135544636677899	-0.9060374905713986	0.0	
