0.0	-0.7331753515269811	-0.9809358232210198	-0.8937009829477682	-0.42679521211162136	0.35997081442452883	0.6701590056248057	0.6853068642592628	0.6954861456975805	0.167903182209747	-0.5603079193810419	-0.6884787121632234	-0.4002896552296489	0.020678671358687034	0.650168673542469	0.9809358232210198	
0.7331753515269811	0.0	-0.8095546414440064	-0.2788033831490122	0.3728082225638686	0.928820310313849	0.9999103058187572	0.9999740203647834	0.9997735986467071	0.8369476390960542	0.22624610844442744	0.06354741429316463	0.3996607535607015	0.7470808952489278	0.9991996956966211	0.8095546414440064	
0.9809358232210198	0.8095546414440064	0.0	0.6137843446388614	0.9700475938451171	0.8452235482681214	0.597834480610349	0.5811938238296825	0.5696859555408822	0.9343810037417042	0.9213795690257643	0.8452235482681215	0.9767075463256766	0.9767075463256766	0.6189565807516902	0.0	
0.8937009829477682	0.2788033831490122	-0.6137843446388614	0.0	0.6167297128348975	0.995296066477243	0.9639961622848467	0.9583135756107848	0.954198413824189	0.9563455059339809	0.4888491031334418	0.33926751666803423	0.6393822670717145	0.902787642155587	0.970731657742921	0.6137843446388614	
0.42679521211162136	-0.3728082225638686	-0.9700475938451171	-0.6167297128348975	0.0	0.7237233763373878	0.9228320583575524	0.9305715974794398	0.9356309339432107	0.5725791670470601	-0.15320570097725617	-0.3130885296595911	0.029109027147887517	0.4454046732291206	0.9122536269444804	0.9700475938451171	
-0.35997081442452883	-0.928820310313849	-0.8452235482681214	-0.995296066477243	-0.7237233763373878	0.0	0.3580572749482756	0.3772159978256445	0.39020998254369726	-0.1982129338782132	-0.820905081184768	-0.9033967442769837	-0.7033288389532228	-0.3406013961536172	0.33308149322641095	0.8452235482681214	
-0.6701590056248057	-0.9999103058187572	-0.597834480610349	-0.9639961622848467	-0.9228320583575524	-0.3580572749482756	0.0	0.020600530352546498	0.034666309860568456	-0.5360243964651166	-0.970952622179595	-0.9970381984052099	-0.9112281303222143	-0.6546676348017642	-0.02661343872566352	0.597834480610349	
-0.6853068642592628	-0.9999740203647834	-0.5811938238296825	-0.9583135756107848	-0.9305715974794398	-0.3772159978256445	-0.020600530352546498	0.0	0.01407080494721702	-0.5533016639292461	-0.975675699441833	-0.9984109578068948	-0.9195201560397707	-0.6701009935937775	-0.047201024634945465	0.5811938238296825	
-0.6954861456975805	-0.9997735986467071	-0.5696859555408822	-0.954198413824189	-0.9356309339432107	-0.39020998254369726	-0.034666309860568456	-0.01407080494721702	0.0	-0.5649676003166731	-0.9786636953308974	-0.999105035870699	-0.9249595540522779	-0.680478989974757	-0.06125147357149702	0.5696859555408822	
-0.167903182209747	-0.8369476390960542	-0.9343810037417042	-0.9563455059339809	-0.5725791670470601	0.1982129338782132	0.5360243964651166	0.5533016639292461	0.5649676003166731	0.0	-0.691425087882978	-0.8004776000333494	-0.548471512836199	-0.1474821736463219	0.5133674051933235	0.9343810037417042	
0.5603079193810419	-0.22624610844442744	-0.9213795690257643	-0.4888491031334418	0.15320570097725617	0.820905081184768	0.970952622179595	0.975675699441833	0.9786636953308974	0.691425087882978	0.0	-0.1638891837250891	0.18190615418510608	0.5773159314035947	0.9642408644685414	0.9213795690257643	
0.6884787121632234	-0.06354741429316463	-0.8452235482681215	-0.33926751666803423	0.3130885296595911	0.9033967442769837	0.9970381984052099	0.9984109578068948	0.999105035870699	0.8004776000333494	0.1638891837250891	0.0	0.3406013961536169	0.7033288389532226	0.9946382624925145	0.8452235482681215	
0.4002896552296489	-0.3996607535607015	-0.9767075463256766	-0.6393822670717145	-0.029109027147887517	0.7033288389532228	0.9112281303222143	0.9195201560397707	0.9249595540522779	0.548471512836199	-0.18190615418510608	-0.3406013961536169	0.0	0.4191537627740182	0.8999432432245834	0.9767075463256766	
-0.020678671358687034	-0.7470808952489278	-0.9767075463256766	-0.902787642155587	-0.4454046732291206	0.3406013961536172	0.6546676348017642	0.6701009935937775	0.680478989974757	0.1474821736463219	-0.5773159314035947	-0.7033288389532226	-0.4191537627740182	0.0	0.6343182044995282	0.9767075463256766	
-0.650168673542469	-0.9991996956966211	-0.6189565807516902	-0.970731657742921	-0.9122536269444804	-0.33308149322641095	0.02661343872566352	0.047201024634945465	0.06125147357149702	-0.5133674051933235	-0.9642408644685414	-0.9946382624925145	-0.8999432432245834	-0.6343182044995282	0.0	0.6189565807516902	
-0.9809358232210198	-0.8095546414440064	-0.0	-0.6137843446388614	-0.9700475938451171	-0.8452235482681214	-0.597834480610349	-0.5811938238296825	-0.5696859555408822	-0.9343810037417042	-0.9213795690257643	-0.8452235482681215	-0.9767075463256766	-0.9767075463256766	-0.6189565807516902	0.0	
