0.0	0.1157267980764354	-0.42575538410701275	-0.9905539069101903	-0.9603463826693355	-0.8633107347322956	-0.9603463826693355	-0.9112396081560018	-0.482521955379668	0.5868191332380867	0.9905539069101903	0.6321647706561804	0.49048814899397875	0.6859683465305532	0.28250136977589757	-0.7028436126101129	
-0.1157267980764354	0.0	-0.5276088081438782	-0.9680295494419757	-0.9861596432130989	-0.9159143812163193	-0.9861596432130989	-0.9527822302575544	-0.5806431663593512	0.4891702675495425	0.9680295494419757	0.5382482515027295	0.38634272869939185	0.5971529316017561	0.16959038001390056	-0.7804428739400681	
0.42575538410701275	0.5276088081438782	0.0	-0.9546723439507069	-0.750253477341345	-0.5662894827760359	-0.750253477341345	-0.6491657976177838	-0.06369207116414172	0.8757182434318197	0.9546723439507069	0.9018966381844077	0.8148360830200001	0.9304834123342445	0.6640311051554917	-0.333101112564818	
0.9905539069101903	0.9680295494419757	0.9546723439507069	0.0	0.40786241460764555	0.6182860696661673	0.40786241460764555	0.532938734367754	0.933775475448169	0.7216024540118818	0.0	0.6808299461093299	0.7959584477305266	0.6266954690523256	0.9114678877927791	0.801001615867646	
0.9603463826693355	0.9861596432130989	0.750253477341345	-0.40786241460764555	0.0	0.24396127050563438	0.0	0.14148184958753707	0.7066201297746184	0.9412206327712851	0.40786241460764555	0.9203626570839717	0.9736446346737515	0.8900327652535953	0.999992602984735	0.4871774347802541	
0.8633107347322956	0.9159143812163193	0.5662894827760359	-0.6182860696661673	-0.24396127050563438	0.0	-0.24396127050563438	-0.10430025543875271	0.5126442739989809	0.99518989665818	0.6182860696661673	0.9879588234490169	0.9998662922599897	0.9743615082427273	0.9707161485927143	0.25940524477591465	
0.9603463826693355	0.9861596432130989	0.750253477341345	-0.40786241460764555	0.0	0.24396127050563438	0.0	0.14148184958753707	0.7066201297746184	0.9412206327712851	0.40786241460764555	0.9203626570839717	0.9736446346737515	0.8900327652535953	0.999992602984735	0.4871774347802541	
0.9112396081560018	0.9527822302575544	0.6491657976177838	-0.532938734367754	-0.14148184958753707	0.10430025543875271	-0.14148184958753707	0.0	0.5994005515564652	0.9795442497778744	0.532938734367754	0.9664333252543709	0.9961184247341714	0.9455808810954892	0.9904777080179128	0.3587203187366571	
0.482521955379668	0.5806431663593512	0.06369207116414172	-0.933775475448169	-0.7066201297746184	-0.5126442739989809	-0.7066201297746184	-0.5994005515564652	0.0	0.9046921485105073	0.933775475448169	0.9275773380419072	0.8501033868566543	0.9519267305905041	0.7103057324315694	-0.2723700958603639	
-0.5868191332380867	-0.4891702675495425	-0.8757182434318197	-0.7216024540118818	-0.9412206327712851	-0.99518989665818	-0.9412206327712851	-0.9795442497778744	-0.9046921485105073	0.0	0.7216024540118818	0.05718781238635201	-0.11422517605921517	0.12845292859859936	-0.3341697124081044	-0.9865356572465602	
-0.9905539069101903	-0.9680295494419757	-0.9546723439507069	-0.0	-0.40786241460764555	-0.6182860696661673	-0.40786241460764555	-0.532938734367754	-0.933775475448169	-0.7216024540118818	0.0	-0.6808299461093299	-0.7959584477305266	-0.6266954690523256	-0.9114678877927791	-0.801001615867646	
-0.6321647706561804	-0.5382482515027295	-0.9018966381844077	-0.6808299461093299	-0.9203626570839717	-0.9879588234490169	-0.9203626570839717	-0.9664333252543709	-0.9275773380419072	-0.05718781238635201	0.6808299461093299	0.0	-0.17085175105964867	0.07152866132988339	-0.38752307492686766	-0.9942739863183697	
-0.49048814899397875	-0.38634272869939185	-0.8148360830200001	-0.7959584477305266	-0.9736446346737515	-0.9998662922599897	-0.9736446346737515	-0.9961184247341714	-0.8501033868566543	0.11422517605921517	0.7959584477305266	0.17085175105964867	0.0	0.2408910792575178	-0.2243238291548199	-0.9613975616623474	
-0.6859683465305532	-0.5971529316017561	-0.9304834123342445	-0.6266954690523256	-0.8900327652535953	-0.9743615082427273	-0.8900327652535953	-0.9455808810954892	-0.9519267305905041	-0.12845292859859936	0.6266954690523256	-0.07152866132988339	-0.2408910792575178	0.0	-0.45246986392020166	-0.9993708111939328	
-0.28250136977589757	-0.16959038001390056	-0.6640311051554917	-0.9114678877927791	-0.999992602984735	-0.9707161485927143	-0.999992602984735	-0.9904777080179128	-0.7103057324315694	0.3341697124081044	0.9114678877927791	0.38752307492686766	0.2243238291548199	0.45246986392020166	0.0	-0.8751703775656321	
0.7028436126101129	0.7804428739400681	0.333101112564818	-0.801001615867646	-0.4871774347802541	-0.25940524477591465	-0.4871774347802541	-0.3587203187366571	0.2723700958603639	0.9865356572465602	0.801001615867646	0.9942739863183697	0.9613975616623474	0.9993708111939328	0.8751703775656321	0.0	
