0.0	-0.793554448694082	-0.38730571990740786	-0.9668906377006387	-0.7014889602566448	-0.8629088509483662	-0.9944112014211323	-0.3904320989727483	0.10012547034467195	0.3873057004787362	-0.4387582915463969	-0.8955348022339573	-0.9745402277767506	-0.771474161753096	-0.012411318012303496	-0.5051774412852355	
0.793554448694082	0.0	-0.9672938299095375	-0.7908602559708007	0.13869513247034596	-0.12404903777444815	-0.5213178997907401	0.49299376297525344	0.8504929674405675	0.9672938245640841	0.4461079993234037	-0.19180728607018427	-0.4150819949289731	0.035466022577313655	0.7859410487542152	0.3774496951046551	
0.38730571990740786	0.9672938299095375	0.0	0.7925891516269038	0.9227638536209377	0.9912886339584778	0.9576890612851888	0.7165253317522008	0.29304862663458386	2.1073424255447027e-08	0.7525486991493158	0.9979872596751936	0.9853175415338684	0.9576890297264723	0.39871851962719684	0.799999859997975	
0.9668906377006387	0.7908602559708007	-0.7925891516269038	0.0	0.8680976647325871	0.7088341101562556	0.35584565266747237	0.989784991932139	0.9364807087472091	0.7925891644765519	0.9808200861222907	0.6587906030163464	0.4654831685794444	0.8120678036471101	0.9699834223498286	0.9633583910760427	
0.7014889602566448	-0.13869513247034596	-0.9227638536209377	-0.8680976647325871	0.0	-0.2604739829277124	-0.6346366599384166	0.3675597194304985	0.7693213034256849	0.922763845499959	0.3176671716148823	-0.3260734183123682	-0.5372528926462008	-0.10348462905694594	0.6925896271166125	0.24536582505270238	
0.8629088509483662	0.12404903777444815	-0.9912886339584778	-0.7088341101562556	0.2604739829277124	0.0	-0.41143248297091106	0.5971126600163288	0.9091719442920895	0.9912886311829516	0.5536836012953988	-0.06858001288412409	-0.29901810790149475	0.1591630825472316	0.856570208218482	0.48940744876358033	
0.9944112014211323	0.5213178997907401	-0.9576890612851888	-0.35584565266747237	0.6346366599384166	0.41143248297091106	0.0	0.8742661113203133	0.9999849852055553	0.9576890673502239	0.8472605046093018	0.34795723086443187	0.12007125622869097	0.5512553052768785	0.9930242670486958	0.8048574972374192	
0.3904320989727483	-0.49299376297525344	-0.7165253317522008	-0.989784991932139	-0.3675597194304985	-0.5971126600163288	-0.8742661113203133	0.0	0.4806487916008245	0.7165253170522005	-0.053090520393419105	-0.6507187933695687	-0.8096528091370109	-0.46182700759459017	0.37897577344376887	-0.1281334270136293	
-0.10012547034467195	-0.8504929674405675	-0.29304862663458386	-0.9364807087472091	-0.7693213034256849	-0.9091719442920895	-0.9999849852055553	-0.4806487916008245	0.0	0.29304860648633485	-0.5265267119487842	-0.9355895589606372	-0.9920923908041576	-0.8313032614340921	-0.11246670723440005	-0.5890486659683766	
-0.3873057004787362	-0.9672938245640841	-2.1073424255447027e-08	-0.7925891644765519	-0.922763845499959	-0.9912886311829516	-0.9576890673502239	-0.7165253170522005	-0.29304860648633485	0.0	-0.7525486852716948	-0.9979872583388281	-0.9853175451317719	-0.9576890236614355	-0.398718500301321	-0.7999998473539167	
0.4387582915463969	-0.4461079993234037	-0.7525486991493158	-0.9808200861222907	-0.3176671716148823	-0.5536836012953988	-0.8472605046093018	0.053090520393419105	0.5265267119487842	0.7525486852716948	0.0	-0.6094884565102214	-0.7773516476853279	-0.41408599485034436	0.4275716229913664	-0.07529982897151061	
0.8955348022339573	0.19180728607018427	-0.9979872596751936	-0.6587906030163464	0.3260734183123682	0.06858001288412409	-0.34795723086443187	0.6507187933695687	0.9355895589606372	0.9979872583388281	0.6094884565102214	0.0	-0.23287180392930576	0.22649412784430112	0.889942894341203	0.5480607572313884	
0.9745402277767506	0.4150819949289731	-0.9853175415338684	-0.4654831685794444	0.5372528926462008	0.29901810790149475	-0.12007125622869097	0.8096528091370109	0.9920923908041576	0.9853175451317719	0.7773516476853279	0.23287180392930576	0.0	0.4470872797718194	0.9716823900126997	0.7277761127969997	
0.771474161753096	-0.035466022577313655	-0.9576890297264723	-0.8120678036471101	0.10348462905694594	-0.1591630825472316	-0.5512553052768785	0.46182700759459017	0.8313032614340921	0.9576890236614355	0.41408599485034436	-0.22649412784430112	-0.4470872797718194	0.0	0.7635179069152223	0.3443696309010329	
0.012411318012303496	-0.7859410487542152	-0.39871851962719684	-0.9699834223498286	-0.6925896271166125	-0.856570208218482	-0.9930242670486958	-0.37897577344376887	0.11246670723440005	0.398718500301321	-0.4275716229913664	-0.889942894341203	-0.9716823900126997	-0.7635179069152223	0.0	-0.49442737099738987	
0.5051774412852355	-0.3774496951046551	-0.799999859997975	-0.9633583910760427	-0.24536582505270238	-0.48940744876358033	-0.8048574972374192	0.1281334270136293	0.5890486659683766	0.7999998473539167	0.07529982897151061	-0.5480607572313884	-0.7277761127969997	-0.3443696309010329	0.49442737099738987	0.0	
