0.0	0.4178328668231675	0.7371990413442399	0.8261777514961338	0.943784529294803	0.9645135901321482	0.15745625923177492	0.9739852810424117	0.0	0.2853613608481385	0.9314671706589107	0.9709985790124794	0.9976437602846476	0.9768035973854017	0.9141370102786518	0.6608480265039416	
-0.4178328668231675	0.0	0.3874434650201979	0.51519121313108	0.9955701797577359	0.9866054102046562	-0.26956802761252985	0.7902032751490407	0.4178328668231676	0.6597169950170312	0.9982783992949653	0.9820731036605759	0.8777169289154003	0.7979758717098544	0.6611236366656432	0.2868044169179945	
-0.7371990413442399	-0.3874434650201979	0.0	0.14288320141224436	0.8813816793443813	0.8463433665636064	-0.6216138337169476	0.49104051172700125	0.73719904134424	0.8993580249258177	0.8975814029512044	0.8323335098323871	0.6235065355398097	0.5021406736630396	0.31879565005770116	-0.1067635209608504	
-0.8261777514961338	-0.51519121313108	-0.14288320141224436	0.0	0.8048395966165939	0.7615545307733689	-0.7271596187416558	0.3615314126051976	0.826177751496134	0.952600595824644	0.8253819386570409	0.744596793168975	0.5054004038822741	0.3734251024720378	0.18009661346180716	-0.24773462405767355	
-0.943784529294803	-0.9955701797577359	-0.8813816793443813	-0.8048395966165939	0.0	-0.06964039439542041	-0.9840606687711636	-0.5358340451944069	0.9437845292948033	0.8102125495017822	0.03546578507601783	-0.09532957108765408	-0.394532676195708	-0.5249928092888112	-0.6847936343199591	-0.9267796951031597	
-0.9645135901321482	-0.9866054102046562	-0.8463433665636064	-0.7615545307733689	0.06964039439542041	0.0	-0.994055892452904	-0.47573411684746253	0.9645135901321484	0.8490642384268797	0.10497626285061804	-0.025774890454991456	-0.3295835154683398	-0.4644468074078892	-0.6323815301955447	-0.8983723164204502	
-0.15745625923177492	0.26956802761252985	0.6216138337169476	0.7271596187416558	0.9840606687711636	0.994055892452904	0.0	0.9261543875524697	0.15745625923177495	0.4327109802594506	0.9771345981215134	0.9965317762561648	0.9743965047718602	0.9309016731641374	0.8389004154042654	0.534430552036642	
-0.9739852810424117	-0.7902032751490407	-0.49104051172700125	-0.3615314126051976	0.5358340451944069	0.47573411684746253	-0.9261543875524697	0.0	0.9739852810424119	0.9981530750031637	0.5654415368128103	0.4529047511535324	0.15925507101043146	0.01278825163205291	-0.18770511997268885	-0.5812395663118067	
-0.0	-0.4178328668231676	-0.73719904134424	-0.826177751496134	-0.9437845292948033	-0.9645135901321484	-0.15745625923177495	-0.9739852810424119	0.0	-0.28536136084813857	-0.9314671706589109	-0.9709985790124797	-0.9976437602846479	-0.9768035973854019	-0.914137010278652	-0.6608480265039417	
-0.2853613608481385	-0.6597169950170312	-0.8993580249258177	-0.952600595824644	-0.8102125495017822	-0.8490642384268797	-0.4327109802594506	-0.9981530750031637	0.28536136084813857	0.0	-0.7889150577412709	-0.8623987627844589	-0.975739533027865	-0.9972945797252794	-0.991814224567671	-0.8475393000833809	
-0.9314671706589107	-0.9982783992949653	-0.8975814029512044	-0.8253819386570409	-0.03546578507601783	-0.10497626285061804	-0.9771345981215134	-0.5654415368128103	0.9314671706589109	0.7889150577412709	0.0	-0.13057386400008092	-0.4268733405857158	-0.5548476976224126	-0.7102080559454156	-0.9395177892567412	
-0.9709985790124794	-0.9820731036605759	-0.8323335098323871	-0.744596793168975	0.09532957108765408	0.025774890454991456	-0.9965317762561648	-0.4529047511535324	0.9709985790124797	0.8623987627844589	0.13057386400008092	0.0	-0.30513926352341947	-0.4414662360982947	-0.612204734027567	-0.8867526242535241	
-0.9976437602846476	-0.8777169289154003	-0.6235065355398097	-0.5054004038822741	0.394532676195708	0.3295835154683398	-0.9743965047718602	-0.15925507101043146	0.9976437602846479	0.975739533027865	0.4268733405857158	0.30513926352341947	0.0	-0.14661700705205138	-0.3417339077682951	-0.7034125045670834	
-0.9768035973854017	-0.7979758717098544	-0.5021406736630396	-0.3734251024720378	0.5249928092888112	0.4644468074078892	-0.9309016731641374	-0.01278825163205291	0.9768035973854019	0.9972945797252794	0.5548476976224126	0.4414662360982947	0.14661700705205138	0.0	-0.20025071666571093	-0.5915982524426782	
-0.9141370102786518	-0.6611236366656432	-0.31879565005770116	-0.18009661346180716	0.6847936343199591	0.6323815301955447	-0.8389004154042654	0.18770511997268885	0.914137010278652	0.991814224567671	0.7102080559454156	0.612204734027567	0.3417339077682951	0.20025071666571093	0.0	-0.4181665259555015	
-0.6608480265039416	-0.2868044169179945	0.1067635209608504	0.24773462405767355	0.9267796951031597	0.8983723164204502	-0.534430552036642	0.5812395663118067	0.6608480265039417	0.8475393000833809	0.9395177892567412	0.8867526242535241	0.7034125045670834	0.5915982524426782	0.4181665259555015	0.0	
