0.0	-0.09096753822968616	-0.5516864330576559	-0.660160777327855	-0.21518303678551268	-0.3852842682652301	-0.999923158108058	-0.6017151396381245	0.22284584282990885	0.3710442849332095	0.7479550993035938	0.999923158108058	0.2434473282773415	0.3874909331892857	0.7520303079374028	0.31344883237875976	
0.09096753822968616	0.0	-0.4735274416526113	-0.5890957266302763	-0.12545434880306555	-0.29974216845733254	-0.9946496387429553	-0.5265635910634172	0.310601933316685	0.4539797189378924	0.8052336137397326	0.9946496387429553	0.33066866085050955	0.46974490502407973	0.8088715832152756	0.3985324665365683	
0.5516864330576559	0.4735274416526113	0.0	-0.13622305745394658	0.35928872353152697	0.1877481400487816	-0.8271484300486862	-0.06122358331012262	0.7236784916385033	0.8217744735310692	0.9900146497374817	0.8271484300486862	0.7381360955673744	0.8317725456303964	0.9908643515813587	0.785316747338378	
0.660160777327855	0.5890957266302763	0.13622305745394658	0.0	0.48306646353038313	0.31979861841195684	-0.7428827974951098	0.07531464469542998	0.8109451070687768	0.8917357013175468	0.9999885391664128	0.7428827974951098	0.8231584683343334	0.8996386006409812	0.9999990568256172	0.8623310771533216	
0.21518303678551268	0.12545434880306555	-0.35928872353152697	-0.48306646353038313	0.0	-0.17768803461770033	-0.9738311366093642	-0.4157501930191001	0.4273973760691622	0.5621743361634195	0.873260901143083	0.9738311366093642	0.4464533323105573	0.5767850104371313	0.8762463251676783	0.510444804393396	
0.3852842682652301	0.29974216845733254	-0.1877481400487816	-0.31979861841195684	0.17768803461770033	0.0	-0.9179507785568625	-0.24753079579210008	0.5812374773146415	0.7001797179323305	0.9459435965061623	0.9179507785568625	0.5983453439578198	0.7127591962321744	0.9479238692281418	0.6551178386445851	
0.999923158108058	0.9946496387429553	0.8271484300486862	0.7428827974951098	0.9738311366093642	0.9179507785568625	0.0	0.7911901184425796	0.9775413377222777	0.9331435362865462	0.6729704896768197	0.0	0.972857529655871	0.9266062802658814	0.6684005642240167	0.953417849331241	
0.6017151396381245	0.5265635910634172	0.06122358331012262	-0.07531464469542998	0.4157501930191001	0.24753079579210008	-0.7911901184425796	0.0	0.7645736025947836	0.8551188739349291	0.9967878108372158	0.7911901184425796	0.7780560120951688	0.864198431287678	0.9972623187689955	0.8217467177317548	
-0.22284584282990885	-0.310601933316685	-0.7236784916385033	-0.8109451070687768	-0.4273973760691622	-0.5812374773146415	-0.9775413377222777	-0.7645736025947836	0.0	0.15477586209282868	0.5812330154023094	0.9775413377222777	0.021184198633463547	0.17231128841317564	0.5862354735892517	0.09395120609614599	
-0.3710442849332095	-0.4539797189378924	-0.8217744735310692	-0.8917357013175468	-0.5621743361634195	-0.7001797179323305	-0.9331435362865462	-0.8551188739349291	-0.15477586209282868	0.0	0.4482820590659652	0.9331435362865462	-0.1338122080080494	0.017774060791807544	0.4537808809233316	-0.061272200528676046	
-0.7479550993035938	-0.8052336137397326	-0.9900146497374817	-0.9999885391664128	-0.873260901143083	-0.9459435965061623	-0.6729704896768197	-0.9967878108372158	-0.5812330154023094	-0.4482820590659652	0.0	0.6729704896768197	-0.5638642108734518	-0.4323231498466441	0.006161067623783489	-0.502210518766221	
-0.999923158108058	-0.9946496387429553	-0.8271484300486862	-0.7428827974951098	-0.9738311366093642	-0.9179507785568625	-0.0	-0.7911901184425796	-0.9775413377222777	-0.9331435362865462	-0.6729704896768197	0.0	-0.972857529655871	-0.9266062802658814	-0.6684005642240167	-0.953417849331241	
-0.2434473282773415	-0.33066866085050955	-0.7381360955673744	-0.8231584683343334	-0.4464533323105573	-0.5983453439578198	-0.972857529655871	-0.7780560120951688	-0.021184198633463547	0.1338122080080494	0.5638642108734518	0.972857529655871	0.0	0.15140528299923797	0.5689417345862116	0.07283962572454691	
-0.3874909331892857	-0.46974490502407973	-0.8317725456303964	-0.8996386006409812	-0.5767850104371313	-0.7127591962321744	-0.9266062802658814	-0.864198431287678	-0.17231128841317564	-0.017774060791807544	0.4323231498466441	0.9266062802658814	-0.15140528299923797	0.0	0.43787049470691164	-0.07900318628682174	
-0.7520303079374028	-0.8088715832152756	-0.9908643515813587	-0.9999990568256172	-0.8762463251676783	-0.9479238692281418	-0.6684005642240167	-0.9972623187689955	-0.5862354735892517	-0.4537808809233316	-0.006161067623783489	0.6684005642240167	-0.5689417345862116	-0.43787049470691164	0.0	-0.507528741877008	
-0.31344883237875976	-0.3985324665365683	-0.785316747338378	-0.8623310771533216	-0.510444804393396	-0.6551178386445851	-0.953417849331241	-0.8217467177317548	-0.09395120609614599	0.061272200528676046	0.502210518766221	0.953417849331241	-0.07283962572454691	0.07900318628682174	0.507528741877008	0.0	
