0.0	-0.5969626496182079	0.5808404634395058	0.7007874382236572	0.30514229720295916	0.6239602597413072	0.8861425701023137	0.950879111072926	0.9665246993455048	0.5969626496182079	0.9811689195871364	0.5969626496182079	0.7880001710454815	0.9037608909836586	0.7436892723674409	0.7349156204108747	
0.5969626496182079	0.0	0.9519283090323214	0.9880753906556444	0.8132977853693816	0.9670840797318409	0.9875648221850238	0.9476580870235947	0.6222479837614414	0.0	0.6718571290665464	0.0	0.26465314077963964	0.980581877594885	0.9957235894505256	0.9944353713387771	
-0.5808404634395058	-0.9519283090323214	0.0	0.1560989339908292	-0.30474715912959455	0.05401321158555211	0.4521666296830833	0.5942257561267824	0.9357962609234012	0.9519283090323214	0.9108788709532668	0.9519283090323214	0.9990548282723714	0.48705550453948593	0.21706939356926153	0.20433218384453938	
-0.7007874382236572	-0.9880753906556444	-0.1560989339908292	0.0	-0.44968521427478647	-0.10251997746226127	0.3073938452078309	0.4613912883806588	0.8692934134757205	0.9880753906556444	0.835294850537633	0.9880753906556444	0.9935931178893957	0.34475261321848594	0.062031493787183756	0.049021864928456754	
-0.30514229720295916	-0.8132977853693816	0.30474715912959455	0.44968521427478647	0.0	0.3557462763610867	0.7024727452807513	0.8110680121477194	0.9987194653952534	0.8132977853693816	0.9933125330323007	0.8132977853693816	0.9382863852549852	0.7300452125343186	0.5042249376033928	0.4929302579843718	
-0.6239602597413072	-0.9670840797318409	-0.05401321158555211	0.10251997746226127	-0.3557462763610867	0.0	0.4033303743720775	0.5499155837521034	0.9153883181516231	0.9670840797318409	0.88725935071105	0.9670840797318409	0.999944264793797	0.43917093754610786	0.16402719019763892	0.15116028432738787	
-0.8861425701023137	-0.9875648221850238	-0.4521666296830833	-0.3073938452078309	-0.7024727452807513	-0.4033303743720775	0.0	0.1663329983816609	0.675260613931273	0.9875648221850238	0.6258460336704382	0.9875648221850238	0.9107451442596873	0.03951188304570999	-0.24777378741421505	-0.2603759244672011	
-0.950879111072926	-0.9476580870235947	-0.5942257561267824	-0.4613912883806588	-0.8110680121477194	-0.5499155837521034	-0.1663329983816609	0.0	0.5431702271225749	0.9476580870235947	0.48739691153915815	0.9476580870235947	0.8293677866390313	-0.12724164078592073	-0.40546859769897753	-0.4173445208257208	
-0.9665246993455048	-0.6222479837614414	-0.9357962609234012	-0.8692934134757205	-0.9987194653952534	-0.9153883181516231	-0.675260613931273	-0.5431702271225749	0.0	0.6222479837614414	-0.06505621039528714	0.6222479837614414	0.3928850832859267	-0.6455901595443241	-0.836957375756735	-0.8440169340385538	
-0.5969626496182079	-0.0	-0.9519283090323214	-0.9880753906556444	-0.8132977853693816	-0.9670840797318409	-0.9875648221850238	-0.9476580870235947	-0.6222479837614414	0.0	-0.6718571290665464	0.0	-0.26465314077963964	-0.980581877594885	-0.9957235894505256	-0.9944353713387771	
-0.9811689195871364	-0.6718571290665464	-0.9108788709532668	-0.835294850537633	-0.9933125330323007	-0.88725935071105	-0.6258460336704382	-0.48739691153915815	0.06505621039528714	0.6718571290665464	0.0	0.6718571290665464	0.4518776787643024	-0.5945401509702236	-0.7995811786943349	-0.8073382486635069	
-0.5969626496182079	-0.0	-0.9519283090323214	-0.9880753906556444	-0.8132977853693816	-0.9670840797318409	-0.9875648221850238	-0.9476580870235947	-0.6222479837614414	0.0	-0.6718571290665464	0.0	-0.26465314077963964	-0.980581877594885	-0.9957235894505256	-0.9944353713387771	
-0.7880001710454815	-0.26465314077963964	-0.9990548282723714	-0.9935931178893957	-0.9382863852549852	-0.999944264793797	-0.9107451442596873	-0.8293677866390313	-0.3928850832859267	0.26465314077963964	-0.4518776787643024	0.26465314077963964	0.0	-0.8937167665304555	-0.984669070134967	-0.9868582497341375	
-0.9037608909836586	-0.980581877594885	-0.48705550453948593	-0.34475261321848594	-0.7300452125343186	-0.43917093754610786	-0.03951188304570999	0.12724164078592073	0.6455901595443241	0.980581877594885	0.5945401509702236	0.980581877594885	0.8937167665304555	0.0	-0.28586012113011416	-0.29832160924036066	
-0.7436892723674409	-0.9957235894505256	-0.21706939356926153	-0.062031493787183756	-0.5042249376033928	-0.16402719019763892	0.24777378741421505	0.40546859769897753	0.836957375756735	0.9957235894505256	0.7995811786943349	0.9957235894505256	0.984669070134967	0.28586012113011416	0.0	-0.013029455416648586	
-0.7349156204108747	-0.9944353713387771	-0.20433218384453938	-0.049021864928456754	-0.4929302579843718	-0.15116028432738787	0.2603759244672011	0.4173445208257208	0.8440169340385538	0.9944353713387771	0.8073382486635069	0.9944353713387771	0.9868582497341375	0.29832160924036066	0.013029455416648586	0.0	
