0.0	0.2618962854329733	0.9487986741861641	0.9943172706154764	0.9766889234056196	0.7931127277391407	0.8062148375398465	0.47250831554500866	1.4901161193847656e-08	0.6299764087489492	0.4976732752523225	0.6509014003059664	0.8137951642264402	0.9181813085601065	0.9338112356477101	0.8614435772851944	
-0.2618962854329733	0.0	0.8329536557570048	0.9317308624898296	0.9988171504499431	0.9249443870082149	0.9330185697002371	0.6868319578178735	0.2618962998140247	0.8113801198777653	0.7074620603159357	0.8270041346190465	0.9375919787091669	0.9898860747620009	0.9949151211555876	0.9643806613344437	
-0.9487986741861641	-0.8329536557570048	0.0	0.21307977467086178	0.5121866413319354	0.8284190122548633	0.8159993003146091	0.9854577422921813	0.9487986788931642	0.9358484366730546	0.9801601059228644	0.9258998276738793	0.8084588481162052	0.6659129106329971	0.6344216187937713	0.7539645536795427	
-0.9943172706154764	-0.9317308624898296	-0.21307977467086178	0.0	0.31741545991345943	0.6900463372143308	0.6740883378049214	0.9266198521730953	0.9943172722018142	0.8392665943819457	0.9154165531290638	0.8241413980437986	0.6644837542411313	0.49165629561334734	0.4551440642683806	0.596674288464266	
-0.9766889234056196	-0.9988171504499431	-0.5121866413319354	-0.31741545991345943	0.0	0.4246274156476937	0.4047697564732842	0.7593530997064931	0.9766889202069421	0.6232800669507752	0.7403150261453353	0.6017431509387422	0.39291558918631664	0.18982906290143367	0.14897462577269593	0.3110975422955584	
-0.7931127277391407	-0.9249443870082149	-0.8284190122548633	-0.6900463372143308	-0.4246274156476937	0.0	-0.021821561346493212	0.41119809357833415	0.7931127186632178	0.23223986086354037	0.3847975993775058	0.2056535787112297	-0.034743286145756835	-0.24504128646555884	-0.2850121192269932	-0.12189873022292785	
-0.8062148375398465	-0.9330185697002371	-0.8159993003146091	-0.6740883378049214	-0.4047697564732842	0.021821561346493212	0.0	0.43099153682699815	0.8062148287239784	0.2534094883581778	0.4048472943935604	0.22695973105939315	-0.012926626111751105	-0.22382665792349377	-0.2640277641637099	-0.10021087587546668	
-0.47250831554500866	-0.6868319578178735	-0.9854577422921813	-0.9266198521730953	-0.7593530997064931	-0.41119809357833415	-0.43099153682699815	0.0	0.4725083024122247	-0.18825802133257852	-0.028775526735108137	-0.2149459753805718	-0.442619944717204	-0.6220281580303437	-0.6539448656998659	-0.5192479025820577	
-1.4901161193847656e-08	-0.2618962998140247	-0.9487986788931642	-0.9943172722018142	-0.9766889202069421	-0.7931127186632178	-0.8062148287239784	-0.4725083024122247	0.0	-0.6299763971764948	-0.4976732623275831	-0.6509013889935669	-0.8137951555666032	-0.918181302656856	-0.9338112303165798	-0.8614435697175906	
-0.6299764087489492	-0.8113801198777653	-0.9358484366730546	-0.8392665943819457	-0.6232800669507752	-0.23223986086354037	-0.2534094883581778	0.18825802133257852	0.6299763971764948	0.0	0.15991905452395244	-0.027244989172810874	-0.2658930048276467	-0.463500983067323	-0.49982693366959546	-0.3490737837691847	
-0.4976732752523225	-0.7074620603159357	-0.9801601059228644	-0.9154165531290638	-0.7403150261453353	-0.3847975993775058	-0.4048472943935604	0.028775526735108137	0.4976732623275831	-0.15991905452395244	0.0	-0.18675404013101443	-0.41663337257301897	-0.5992394855260732	-0.6319041658049427	-0.49444063516105485	
-0.6509014003059664	-0.8270041346190465	-0.9258998276738793	-0.8241413980437986	-0.6017431509387422	-0.2056535787112297	-0.22695973105939315	0.2149459753805718	0.6509013889935669	0.027244989172810874	0.18675404013101443	0.0	-0.23953006277696248	-0.4391872382344614	-0.4760438166677718	-0.32341305309185786	
-0.8137951642264402	-0.9375919787091669	-0.8084588481162052	-0.6644837542411313	-0.39291558918631664	0.034743286145756835	0.012926626111751105	0.442619944717204	0.8137951555666032	0.2658930048276467	0.41663337257301897	0.23953006277696248	0.0	-0.2112092924066708	-0.2515377782113232	-0.08734094669516124	
-0.9181813085601065	-0.9898860747620009	-0.6659129106329971	-0.49165629561334734	-0.18982906290143367	0.24504128646555884	0.22382665792349377	0.6220281580303437	0.918181302656856	0.463500983067323	0.5992394855260732	0.4391872382344614	0.2112092924066708	0.0	-0.041444920675933195	0.12503154129203375	
-0.9338112356477101	-0.9949151211555876	-0.6344216187937713	-0.4551440642683806	-0.14897462577269593	0.2850121192269932	0.2640277641637099	0.6539448656998659	0.9338112303165798	0.49982693366959546	0.6319041658049427	0.4760438166677718	0.2515377782113232	0.041444920675933195	0.0	0.16604380570032962	
-0.8614435772851944	-0.9643806613344437	-0.7539645536795427	-0.596674288464266	-0.3110975422955584	0.12189873022292785	0.10021087587546668	0.5192479025820577	0.8614435697175906	0.3490737837691847	0.49444063516105485	0.32341305309185786	0.08734094669516124	-0.12503154129203375	-0.16604380570032962	0.0	
