0.0	0.31556152844533586	0.8091579341479209	0.816996700149547	0.874291392736014	0.9406363450142992	0.8320206923128164	0.6874017139769806	0.8841763449227399	0.9851784084734044	0.884176301377782	0.14757255189822882	1.4901161193847656e-08	0.9628398509847577	0.9714544249811714	0.8617699509193134	
-0.31556152844533586	0.0	0.5823929221187806	0.5932862104645832	0.6764455554650688	0.7854679885303204	0.6144526398606986	0.423093792908956	0.6915838539242516	0.9889699877078482	0.9864150474674211	0.45213886854354357	0.315561542585124	0.998868308154823	0.9966775575109464	0.9778220501717282	
-0.8091579341479209	-0.5823929221187806	0.0	0.013465357698731473	0.12095951433903768	0.2780684506974373	0.04001205883452463	-0.18376192350563425	0.1415334675414478	0.7176793102269841	0.8975350816335099	0.8870109879145959	0.8091579429037122	0.7842879440477597	0.7627716007176238	0.9168536849107769	
-0.816996700149547	-0.5932862104645832	-0.013465357698731473	0.0	0.10758206038261431	0.265108939469712	0.02655385666073201	-0.19698131644287892	0.1281908275399572	0.7082373222445899	0.8915162533206586	0.8931481759315915	0.8169967087421874	0.775862971565725	0.7539948305347371	0.9113948752482925	
-0.874291392736014	-0.6764455554650688	-0.12095951433903768	-0.10758206038261431	0.0	0.159837693131966	-0.08114438164245125	-0.3013123090349592	0.02075237784244477	0.628176676516407	0.8376086199534816	0.9363509097719749	0.874291399969059	0.7034863456484785	0.6789502598910778	0.8618317647900987	
-0.9406363450142992	-0.7854679885303204	-0.2780684506974373	-0.265108939469712	-0.159837693131966	0.0	-0.23941173892711987	-0.4498477470591508	-0.13931770055410947	0.4957353720839835	0.7395250780955129	0.980426032185053	0.9406363500719925	0.5808437879184929	0.5528708856734349	0.7696827006132685	
-0.8320206923128164	-0.6144526398606986	-0.04001205883452463	-0.02655385666073201	0.08114438164245125	0.23941173892711987	0.0	-0.22294545109844327	0.10181085081106717	0.6892412427477297	0.8791732933497811	0.9047761675794544	0.832020700579155	0.7588365231318829	0.7362862533450912	0.9001457156296785	
-0.6874017139769806	-0.423093792908956	0.18376192350563425	0.19698131644287892	0.3013123090349592	0.4498477470591508	0.22294545109844327	0.0	0.32103534189259086	0.8334247726104077	0.9632793036249624	0.7870541244497515	0.6874017247993573	0.8849374761291642	0.868615148881891	0.974602441616674	
-0.8841763449227399	-0.6915838539242516	-0.1415334675414478	-0.1281908275399572	-0.02075237784244477	0.13931770055410947	-0.10181085081106717	-0.32103534189259086	0.0	0.6118945784871339	0.8260918194796862	0.9434347066255	0.8841763518838662	0.6885859501889264	0.6635679759758153	0.8511206793046462	
-0.9851784084734044	-0.9889699877078482	-0.7176793102269841	-0.7082373222445899	-0.628176676516407	-0.4957353720839835	-0.6892412427477297	-0.8334247726104077	-0.6118945784871339	0.0	0.3085641685560643	0.9490783859470611	0.9851784059173664	0.10091145985491931	0.06707388965222671	0.3519584720542315	
-0.884176301377782	-0.9864150474674211	-0.8975350816335099	-0.8915162533206586	-0.8376086199534816	-0.7395250780955129	-0.8791732933497811	-0.9632793036249624	-0.8260918194796862	-0.3085641685560643	0.0	0.8055566467964449	0.8841762944166544	-0.21100173830719232	-0.24406836487138517	0.045963260337419376	
-0.14757255189822882	-0.45213886854354357	-0.8870109879145959	-0.8931481759315915	-0.9363509097719749	-0.980426032185053	-0.9047761675794544	-0.7870541244497515	-0.9434347066255	-0.9490783859470611	-0.8055566467964449	0.0	0.14757253716021695	-0.9124425812828026	-0.9258101119307708	-0.7774711845134931	
-1.4901161193847656e-08	-0.315561542585124	-0.8091579429037122	-0.8169967087421874	-0.874291399969059	-0.9406363500719925	-0.832020700579155	-0.6874017247993573	-0.8841763518838662	-0.9851784059173664	-0.8841762944166544	-0.14757253716021695	0.0	-0.9628398469603564	-0.9714544214462245	-0.8617699433599652	
-0.9628398509847577	-0.998868308154823	-0.7842879440477597	-0.775862971565725	-0.7034863456484785	-0.5808437879184929	-0.7588365231318829	-0.8849374761291642	-0.6885859501889264	-0.10091145985491931	0.21100173830719232	0.9124425812828026	0.9628398469603564	0.0	-0.033952703390531275	0.25570716614619127	
-0.9714544249811714	-0.9966775575109464	-0.7627716007176238	-0.7539948305347371	-0.6789502598910778	-0.5528708856734349	-0.7362862533450912	-0.868615148881891	-0.6635679759758153	-0.06707388965222671	0.24406836487138517	0.9258101119307708	0.9714544214462245	0.033952703390531275	0.0	0.28838365726404164	
-0.8617699509193134	-0.9778220501717282	-0.9168536849107769	-0.9113948752482925	-0.8618317647900987	-0.7696827006132685	-0.9001457156296785	-0.974602441616674	-0.8511206793046462	-0.3519584720542315	-0.045963260337419376	0.7774711845134931	0.8617699433599652	-0.25570716614619127	-0.28838365726404164	0.0	
