0.0	0.1668626351263478	0.1599024836993187	-0.008399633984628063	0.14582702869741326	0.4001632584272494	0.07971269521766355	-0.6365001543691149	0.6267024864421857	0.8316547510340722	0.7470422130429878	0.9908526843467279	0.6365001543691149	0.9818353285448158	0.9320638086204979	0.7678800042199574	
-0.1668626351263478	0.0	-0.007054907583998571	-0.175138621018337	-0.02129633457401775	0.24163279147327288	-0.08773652284393207	-0.7562737607673405	0.48788706669590487	0.7273374160522226	0.6256424193412288	0.9544433048251806	0.7562737607673405	0.9997298366314429	0.8585430582695384	0.650223289400701	
-0.1599024836993187	0.007054907583998571	0.0	-0.16818839707737154	-0.014242497007003696	0.24847263304392803	-0.08070663756243324	-0.7516392293255414	0.4940332015705139	0.7321609576165864	0.6311304532313976	0.9565246826427056	0.7516392293255414	0.999540977433208	0.862139036120256	0.6555670256367208	
0.008399633984628063	0.175138621018337	0.16818839707737154	0.0	0.15413172703060896	0.40784693472306044	0.08808278849198625	-0.6299992592825984	0.633225865084543	0.8362896706960705	0.752599739372585	0.9919512431519634	0.6299992592825984	0.9802069868629474	0.935074066013888	0.7732336679790235	
-0.14582702869741326	0.02129633457401775	0.014242497007003696	-0.15413172703060896	0.0	0.26224326745751675	-0.06650241498954423	-0.7421690036514573	0.5063661318894062	0.7417877104584837	0.6421140111346127	0.9605815068235	0.7421690036514573	0.9990081068968629	0.8692678609511482	0.6662555681297309	
-0.4001632584272494	-0.24163279147327288	-0.24847263304392803	-0.40784693472306044	-0.26224326745751675	0.0	-0.3258376801039853	-0.8919532116079459	0.26250698425152286	0.5399570208208591	0.4186030850768692	0.854059644194895	0.8919532116079459	0.9757219622400052	0.7092073530988307	0.4473768570127577	
-0.07971269521766355	0.08773652284393207	0.08070663756243324	-0.08808278849198625	0.06650241498954423	0.3258376801039853	0.0	-0.6959552690702924	0.5625914393307542	0.7847444200398047	0.6916739004560564	0.9769426049863877	0.6959552690702924	0.9938353027548062	0.9002184261226281	0.7143730670009392	
0.6365001543691149	0.7562737607673405	0.7516392293255414	0.6299992592825984	0.7421690036514573	0.8919532116079459	0.6959552690702924	0.0	0.9793591771668778	0.9948799412354378	0.9993065691019343	0.8501158752054261	0.0	0.6365002023915147	0.9494792682585702	0.9999858530652032	
-0.6267024864421857	-0.48788706669590487	-0.4940332015705139	-0.633225865084543	-0.5063661318894062	-0.26250698425152286	-0.5625914393307542	-0.9793591771668778	0.0	0.3000705945865153	0.1655219323629813	0.6875582572544046	0.9793591771668778	0.8840110660695986	0.49926810583357184	0.19691544096641125	
-0.8316547510340722	-0.7273374160522226	-0.7321609576165864	-0.8362896706960705	-0.7417877104584837	-0.5399570208208591	-0.7847444200398047	-0.9948799412354378	-0.3000705945865153	0.0	-0.13803726883250897	0.4379834818863235	0.9948799412354378	0.703000389773674	0.21626490071928317	-0.10635436885543932	
-0.7470422130429878	-0.6256424193412288	-0.6311304532313976	-0.752599739372585	-0.6421140111346127	-0.4186030850768692	-0.6916739004560564	-0.9993065691019343	-0.1655219323629813	0.13803726883250897	0.0	0.5578838422678675	0.9993065691019343	0.7944412429805688	0.3489651832032463	0.031918119224419915	
-0.9908526843467279	-0.9544433048251806	-0.9565246826427056	-0.9919512431519634	-0.9605815068235	-0.854059644194895	-0.9769426049863877	-0.8501158752054261	-0.6875582572544046	-0.4379834818863235	-0.5578838422678675	0.0	0.8501158752054261	0.32049617601241825	-0.23320000828589948	-0.5311101382422809	
-0.6365001543691149	-0.7562737607673405	-0.7516392293255414	-0.6299992592825984	-0.7421690036514573	-0.8919532116079459	-0.6959552690702924	-0.0	-0.9793591771668778	-0.9948799412354378	-0.9993065691019343	-0.8501158752054261	0.0	-0.6365002023915147	-0.9494792682585702	-0.9999858530652032	
-0.9818353285448158	-0.9997298366314429	-0.999540977433208	-0.9802069868629474	-0.9990081068968629	-0.9757219622400052	-0.9938353027548062	-0.6365002023915147	-0.8840110660695986	-0.703000389773674	-0.7944412429805688	-0.32049617601241825	0.6365002023915147	0.0	-0.5325583727538523	-0.7746512818598726	
-0.9320638086204979	-0.8585430582695384	-0.862139036120256	-0.935074066013888	-0.8692678609511482	-0.7092073530988307	-0.9002184261226281	-0.9494792682585702	-0.49926810583357184	-0.21626490071928317	-0.3489651832032463	0.23320000828589948	0.9494792682585702	0.5325583727538523	0.0	-0.3188757722432792	
-0.7678800042199574	-0.650223289400701	-0.6555670256367208	-0.7732336679790235	-0.6662555681297309	-0.4473768570127577	-0.7143730670009392	-0.9999858530652032	-0.19691544096641125	0.10635436885543932	-0.031918119224419915	0.5311101382422809	0.9999858530652032	0.7746512818598726	0.3188757722432792	0.0	
