0.0	0.17464919879022478	0.5133655877481852	0.780926399182947	0.9412388942399063	0.9826736298267602	0.9933154535216935	0.997585901274807	0.6686360787522602	0.9994780983863196	-0.009638599332980835	0.9340507791853194	0.9700390587282387	-0.21865021315514738	-0.6686360787522598	0.15850774323447697	
-0.17464919879022478	0.0	0.35559682355370664	0.6598342078702399	0.867786443009213	0.9352003984094455	0.9982089142997372	0.9701255117808524	0.788226987733399	0.9897586611772617	-0.18413154693344103	0.8573208379154345	0.9126994070505576	-0.3857129819746337	-0.7882269877333987	-0.016369643646448717	
-0.5133655877481852	-0.35559682355370664	0.0	0.34950763807563795	0.6343581140128238	0.7481516190197854	0.9116920491406837	0.8204485152074075	0.955536849152547	0.8743057562483016	-0.5216132976228258	0.6182308678023132	0.7077367682608502	-0.6885828922161236	-0.9555368491525466	-0.3708488912819401	
-0.780926399182947	-0.6598342078702399	-0.34950763807563795	0.0	0.3241682320542207	0.4690602881667335	0.7105911650114258	0.5688850587839858	0.9983344160767044	0.6495238958247753	-0.7869106146426481	0.30452941823892504	0.41618345843411103	-0.8986045227850532	-0.9983344160767039	-0.6720461294994445	
-0.9412388942399063	-0.867786443009213	-0.6343581140128238	-0.3241682320542207	0.0	0.15743636510085635	0.4441324154678559	0.2715634737958072	0.925721818457228	0.3679707916883736	-0.9444505267824288	-0.020686529316394642	0.0989494164966584	-0.9923112794741864	-0.9257218184572276	-0.8758048535880842	
-0.9826736298267602	-0.9352003984094455	-0.7481516190197854	-0.4690602881667335	-0.15743636510085635	0.0	0.29753683166346057	0.11665685196678255	0.8546340261350436	0.21699166490109445	-0.9844144424670045	-0.1778312258139172	-0.0589483089506464	-0.9994217598614175	-0.8546340261350432	-0.940871890069549	
-0.9933154535216935	-0.9982089142997372	-0.9116920491406837	-0.7105911650114258	-0.4441324154678559	-0.29753683166346057	0.0	-0.18413183082112944	0.661437638223956	-0.08328337119787782	-0.9921567145717445	-0.4625717027243239	-0.35329798605123786	-0.9440413977070043	-0.6614376382239556	-0.99905446743232	
-0.997585901274807	-0.9701255117808524	-0.8204485152074075	-0.5688850587839858	-0.2715634737958072	-0.11665685196678255	0.18413183082112944	0.0	0.7882269877333987	0.10163278427405442	-0.9982088970208329	-0.29141450270294184	-0.1749998163882046	-0.9886314052079841	-0.7882269877333984	-0.9739668570794813	
-0.6686360787522602	-0.788226987733399	-0.955536849152547	-0.9983344160767044	-0.925721818457228	-0.8546340261350436	-0.661437638223956	-0.7882269877333987	0.0	-0.7216022835998109	-0.6614378548435961	-0.9333474753966304	-0.8837556295960658	-0.4898712247261761	-0.0	-0.778047745204255	
-0.9994780983863196	-0.9897586611772617	-0.8743057562483016	-0.6495238958247753	-0.3679707916883736	-0.21699166490109445	0.08328337119787782	-0.10163278427405442	0.7216022835998109	0.0	-0.9991203075607717	-0.38712715752314947	-0.2741580988116142	-0.9682308117054287	-0.7216022835998106	-0.9919628216622309	
0.009638599332980835	0.18413154693344103	0.5216132976228258	0.7869106146426481	0.9444505267824288	0.9844144424670045	0.9921567145717445	0.9982088970208329	0.6614378548435961	0.9991203075607717	0.0	0.9374497218618802	0.9723356863345933	-0.20923467927667605	-0.6614378548435957	0.16801712577147593	
-0.9340507791853194	-0.8573208379154345	-0.6182308678023132	-0.30452941823892504	0.020686529316394642	0.1778312258139172	0.4625717027243239	0.29141450270294184	0.9333474753966304	0.38712715752314947	-0.9374497218618802	0.0	0.11951325183592987	-0.9895386214185903	-0.93334747539663	-0.8656327695519863	
-0.9700390587282387	-0.9126994070505576	-0.7077367682608502	-0.41618345843411103	-0.0989494164966584	0.0589483089506464	0.35329798605123786	0.1749998163882046	0.8837556295960658	0.2741580988116142	-0.9723356863345933	-0.11951325183592987	0.0	-0.9996881708313159	-0.8837556295960654	-0.9192662668346173	
0.21865021315514738	0.3857129819746337	0.6885828922161236	0.8986045227850532	0.9923112794741864	0.9994217598614175	0.9440413977070043	0.9886314052079841	0.4898712247261761	0.9682308117054287	0.20923467927667605	0.9895386214185903	0.9996881708313159	0.0	-0.4898712247261759	0.3705583582970995	
0.6686360787522598	0.7882269877333987	0.9555368491525466	0.9983344160767039	0.9257218184572276	0.8546340261350432	0.6614376382239556	0.7882269877333984	0.0	0.7216022835998106	0.6614378548435957	0.93334747539663	0.8837556295960654	0.4898712247261759	0.0	0.7780477452042547	
-0.15850774323447697	0.016369643646448717	0.3708488912819401	0.6720461294994445	0.8758048535880842	0.940871890069549	0.99905446743232	0.9739668570794813	0.778047745204255	0.9919628216622309	-0.16801712577147593	0.8656327695519863	0.9192662668346173	-0.3705583582970995	-0.7780477452042547	0.0	
