0.0	0.5618173824294856	0.18398236884975652	-0.556111929506761	-0.3184043824137632	0.21171210672240745	0.15167618340384598	0.6947872168615609	0.9990543738271209	-0.11879769225074385	-0.9990543738271209	-0.20067843978535627	0.05963037953885581	0.17936430680194604	0.4255892023753509	-0.26867833974427335	
-0.5618173824294856	0.0	-0.40002541304374295	-0.9269804556554639	-0.7959812046615669	-0.3739409190305334	-0.4298414550849314	0.17070287703155052	0.8020521660916842	-0.6561155927073535	-0.8020521660916842	-0.7164019283205734	-0.511487738582862	-0.4043250877346678	-0.15632433738394458	-0.7634265208283464	
-0.18398236884975652	0.40002541304374295	0.0	-0.6995279546334446	-0.48737607761341994	0.028286214243102542	-0.03276673488051152	0.5506039377966688	0.9740008285889221	-0.299449255502385	-0.9740008285889221	-0.37749241340300144	-0.1250425151911552	-0.004696199504627935	0.25183552341253557	-0.4413092071033523	
0.556111929506761	0.9269804556554639	0.6995279546334446	0.0	0.2625408339005356	0.7194615257594834	0.6757370463180764	0.9774070395916801	0.8545002629653944	0.4534401699088057	-0.8545002629653944	0.37801369938018364	0.604681592707468	0.6961643120481422	0.8569451866182274	0.31236311161235963	
0.3184043824137632	0.7959812046615669	0.48737607761341994	-0.2625408339005356	0.0	0.5118803620669159	0.4585027133060341	0.8876283242909979	0.9609022366997211	0.20353473116972493	-0.9609022366997211	0.1216930081467722	0.3743647053886794	0.48327001859919283	0.6915687770615185	0.0520016686208315	
-0.21171210672240745	0.3739409190305334	-0.028286214243102542	-0.7194615257594834	-0.5118803620669159	0.0	-0.06102464905467947	0.5267712345317994	0.9672030120270086	-0.3263176582605195	-0.9672030120270086	-0.40353475844287956	-0.15305668792109897	-0.03298022271598203	0.22436020423770295	-0.4665154025788701	
-0.15167618340384598	0.4298414550849314	0.03276673488051152	-0.6757370463180764	-0.4585027133060341	0.06102464905467947	0.0	0.5776608544060454	0.980900937623724	-0.26802531673233676	-0.980900937623724	-0.3469472980515982	-0.09246580928703156	0.02807269578564256	0.28341095902263014	-0.41166883889184547	
-0.6947872168615609	-0.17070287703155052	-0.5506039377966688	-0.9774070395916801	-0.8876283242909979	-0.5267712345317994	-0.5776608544060454	0.0	0.6883271120254467	-0.7753081915356637	-0.6883271120254467	-0.8249842909777123	-0.6506637763925851	-0.554518096743722	-0.32263411251876684	-0.8624774477408418	
-0.9990543738271209	-0.8020521660916842	-0.9740008285889221	-0.8545002629653944	-0.9609022366997211	-0.9672030120270086	-0.980900937623724	-0.6883271120254467	0.0	-0.9971446661395635	-0.0	-0.9874559241832244	-0.9946839577080892	-0.9750539859954293	-0.8855568912410487	-0.9740007651401745	
0.11879769225074385	0.6561155927073535	0.299449255502385	-0.4534401699088057	-0.20353473116972493	0.3263176582605195	0.26802531673233676	0.7753081915356637	0.9971446661395635	0.0	-0.9971446661395635	-0.0828763208670088	0.1777944006302326	0.29496525204194757	0.5300773731890907	-0.1523461927813567	
0.9990543738271209	0.8020521660916842	0.9740008285889221	0.8545002629653944	0.9609022366997211	0.9672030120270086	0.980900937623724	0.6883271120254467	0.0	0.9971446661395635	0.0	0.9874559241832244	0.9946839577080892	0.9750539859954293	0.8855568912410487	0.9740007651401745	
0.20067843978535627	0.7164019283205734	0.37749241340300144	-0.37801369938018364	-0.1216930081467722	0.40353475844287956	0.3469472980515982	0.8249842909777123	0.9874559241832244	0.0828763208670088	-0.9874559241832244	0.0	0.2587386663041129	0.3731395104418635	0.5985287388700734	-0.06991317611128228	
-0.05963037953885581	0.511487738582862	0.1250425151911552	-0.604681592707468	-0.3743647053886794	0.15305668792109897	0.09246580928703156	0.6506637763925851	0.9946839577080892	-0.1777944006302326	-0.9946839577080892	-0.2587386663041129	0.0	0.12038179548209202	0.37087136431745993	-0.3256380014407634	
-0.17936430680194604	0.4043250877346678	0.004696199504627935	-0.6961643120481422	-0.48327001859919283	0.03298022271598203	-0.02807269578564256	0.554518096743722	0.9750539859954293	-0.29496525204194757	-0.9750539859954293	-0.3731395104418635	-0.12038179548209202	0.0	0.2563775875985371	-0.437090182098321	
-0.4255892023753509	0.15632433738394458	-0.25183552341253557	-0.8569451866182274	-0.6915687770615185	-0.22436020423770295	-0.28341095902263014	0.32263411251876684	0.8855568912410487	-0.5300773731890907	-0.8855568912410487	-0.5985287388700734	-0.37087136431745993	-0.2563775875985371	0.0	-0.6530717257533731	
0.26867833974427335	0.7634265208283464	0.4413092071033523	-0.31236311161235963	-0.0520016686208315	0.4665154025788701	0.41166883889184547	0.8624774477408418	0.9740007651401745	0.1523461927813567	-0.9740007651401745	0.06991317611128228	0.3256380014407634	0.437090182098321	0.6530717257533731	0.0	
