0.0	0.9844850667548493	0.8440365449024306	0.14019429912202733	0.15085645066132938	0.40270653722172167	0.33935767393235383	0.08720029620594774	0.5132460647793017	0.41775641383280604	-0.22721506722350582	-0.5425293697401472	-0.8765801839528594	-0.9844850719842143	-0.7524578793174898	-0.44512301951222244	
-0.9844850667548493	0.0	-0.3798634978925777	-0.9501626367941545	-0.946747766613465	-0.8304656102595227	-0.8665166340875647	-0.965434070468274	-0.7548674861680019	-0.8211597916739104	-0.9986045306006308	-0.9222004699756863	-0.6276012924885066	-2.980232238769532e-08	-0.780454177917563	-0.9596812965091307	
-0.8440365449024306	0.3798634978925777	0.0	-0.7605166573770599	-0.7534749686389759	-0.5566055077876947	-0.6119565783410107	-0.7940571716459923	-0.44914068721762007	-0.5428202811782527	-0.9438126177010508	-0.9999725092120344	-0.8762948981965367	-0.37986352546099394	-0.9594489157180777	-0.9945220155800275	
-0.14019429912202733	0.9501626367941545	0.7605166573770599	0.0	0.010776723497725182	0.270405484120811	0.204131374738724	-0.05332116378218543	0.3878566866841855	0.2862558547211676	-0.36149855561872685	-0.6549397312385781	-0.9353924131222712	-0.950162646085167	-0.837364239435574	-0.5662666986912723	
-0.15085645066132938	0.946747766613465	0.7534749686389759	-0.010776723497725182	0.0	0.26001452840625316	0.19356971726275907	-0.06407946008292181	0.37790104536207403	0.27591347940128497	-0.3715254856441578	-0.6630454649496306	-0.9391488668060235	-0.9467477762091031	-0.8432066589240603	-0.5751162286444909	
-0.40270653722172167	0.8304656102595227	0.5566055077876947	-0.270405484120811	-0.26001452840625316	0.0	-0.06818491985989272	-0.32135557451725916	0.12416961832362622	0.01650194552603157	-0.6001501617303429	-0.834881269171948	-0.9961642626987148	-0.8304656268614992	-0.9539854113655775	-0.7680454659265142	
-0.33935767393235383	0.8665166340875647	0.6119565783410107	-0.204131374738724	-0.19356971726275907	0.06818491985989272	0.0	-0.2560393873319253	0.191537875632468	0.08463917591795189	-0.5442131770606597	-0.7954072196669971	-0.9878795099333975	-0.86651664896334	-0.9313197470125402	-0.7225926904785572	
-0.08720029620594774	0.965434070468274	0.7940571716459923	0.05332116378218543	0.06407946008292181	0.32135557451725916	0.2560393873319253	0.0	0.4364520941876433	0.3369384759668032	-0.3112690973489352	-0.6137142271863573	-0.9152067655628895	-0.965434078236171	-0.8070252516819874	-0.5215126559492722	
-0.5132460647793017	0.7548674861680019	0.44914068721762007	-0.3878566866841855	-0.37790104536207403	-0.12416961832362622	-0.191537875632468	-0.4364520941876433	0.0	-0.10777847351291303	-0.6948273115720042	-0.8967668210253736	-0.9993201590637162	-0.7548675057146695	-0.9838351601991758	-0.8416192095035961	
-0.41775641383280604	0.8211597916739104	0.5428202811782527	-0.2862558547211676	-0.27591347940128497	-0.01650194552603157	-0.08463917591795189	-0.3369384759668032	0.10777847351291303	0.0	-0.6132681390460165	-0.8438507535144144	-0.9974725871099188	-0.8211598086820462	-0.9588036688691243	-0.7785086525998497	
0.22721506722350582	0.9986045306006308	0.9438126177010508	0.36149855561872685	0.3715254856441578	0.6001501617303429	0.5442131770606597	0.3112690973489352	0.6948273115720042	0.6132681390460165	0.0	-0.33747027359438114	-0.7443043048718904	-0.998604529026743	-0.583124029259792	-0.23001650437066884	
0.5425293697401472	0.9222004699756863	0.9999725092120344	0.6549397312385781	0.6630454649496306	0.834881269171948	0.7954072196669971	0.6137142271863573	0.8967668210253736	0.8438507535144144	0.33747027359438114	0.0	-0.47526421654430295	-0.9222004584507657	-0.27476058888171534	0.11189873252061217	
0.8765801839528594	0.6276012924885066	0.8762948981965367	0.9353924131222712	0.9391488668060235	0.9961642626987148	0.9878795099333975	0.9152067655628895	0.9993201590637162	0.9974725871099188	0.7443043048718904	0.47526421654430295	0.0	-0.6276012692863578	0.2152263517225098	0.5707327048849491	
0.9844850719842143	2.980232238769532e-08	0.37986352546099394	0.950162646085167	0.9467477762091031	0.8304656268614992	0.86651664896334	0.965434078236171	0.7548675057146695	0.8211598086820462	0.998604529026743	0.9222004584507657	0.6276012692863578	0.0	0.7804541592847639	0.959681288131984	
0.7524578793174898	0.780454177917563	0.9594489157180777	0.837364239435574	0.8432066589240603	0.9539854113655775	0.9313197470125402	0.8070252516819874	0.9838351601991758	0.9588036688691243	0.583124029259792	0.27476058888171534	-0.2152263517225098	-0.7804541592847639	0.0	0.3806270359808675	
0.44512301951222244	0.9596812965091307	0.9945220155800275	0.5662666986912723	0.5751162286444909	0.7680454659265142	0.7225926904785572	0.5215126559492722	0.8416192095035961	0.7785086525998497	0.23001650437066884	-0.11189873252061217	-0.5707327048849491	-0.959681288131984	-0.3806270359808675	0.0	
