0.0	0.5707021764058446	0.9766809770209038	0.9555209522293485	0.6831127332857195	0.7103524510028102	0.7169873120493718	0.7428326269109673	0.9962662696742974	0.6336927039022217	0.6968729938803214	-0.6336927039022215	-0.03033648669297706	0.029252109502443835	0.6252189212730681	0.9849730790029871	
-0.5707021764058446	0.0	0.6794812070841874	0.6163195115723497	0.1441517033077444	0.1816244506142115	0.19093061929667723	0.227910224071919	0.8673620175545402	0.961847850736138	0.16293773123931987	-0.9618478507361378	-0.5953505288902579	-0.5464373750712228	0.06799878883768706	0.7102528638418707	
-0.9766809770209038	-0.6794812070841874	0.0	-0.08289960902804888	-0.566621350908891	-0.5349234812953151	-0.5268967123118711	-0.494382606795465	0.298214694593016	0.8915967667042044	-0.5508546024927413	-0.8915967667042042	-0.9827445676863333	-0.9699827176515217	-0.6280182529834786	0.042788980543906785	
-0.9555209522293485	-0.6163195115723497	0.08289960902804888	0.0	-0.4963635062711982	-0.4630403011803608	-0.4546242743276899	-0.4206208726617187	0.3763157897384424	0.9260672524636185	-0.47977039238358166	-0.9260672524636183	-0.9640281014502089	-0.946484925297782	-0.5613441931161676	0.12546538068194124	
-0.6831127332857195	-0.1441517033077444	0.566621350908891	0.4963635062711982	0.0	0.03797332483676007	0.047436642180383445	0.08517189819367477	0.7865618485377451	0.9912396606629956	0.019010633450843403	-0.9912396606629954	-0.7049534546335	-0.6614572116088268	-0.07652946798586127	0.6013595922375063	
-0.7103524510028102	-0.1816244506142115	0.5349234812953151	0.4630403011803608	-0.03797332483676007	0.0	0.009471852332148131	0.04727512813598415	0.7625455783649768	0.9955400777264442	-0.018969540265091733	-0.9955400777264439	-0.7313777254233054	-0.6894594821717652	-0.11433623257703276	0.5705859935017364	
-0.7169873120493718	-0.19093061929667723	0.5268967123118711	0.4546242743276899	-0.047436642180383445	-0.009471852332148131	0.0	0.0378117455095545	0.756383703327375	0.9963889892292134	-0.028438837297257255	-0.9963889892292132	-0.7378044602815537	-0.6962892460674286	-0.12374084053448879	0.5627817538378441	
-0.7428326269109673	-0.227910224071919	0.494382606795465	0.4206208726617187	-0.08517189819367477	-0.04727512813598415	-0.0378117455095545	0.0	0.7311090696268079	0.9988868854540774	-0.066214952084996	-0.9988868854540772	-0.7628003183205914	-0.7229311235434477	-0.16117349697449515	0.5311238996620923	
-0.9962662696742974	-0.8673620175545402	-0.298214694593016	-0.3763157897384424	-0.7865618485377451	-0.7625455783649768	-0.756383703327375	-0.7311090696268079	0.0	0.7159874361339915	-0.7746804174545814	-0.7159874361339914	-0.9931886677430501	-0.9983653778523648	-0.8315129412324578	-0.2570995379407292	
-0.6336927039022217	-0.961847850736138	-0.8915967667042044	-0.9260672524636185	-0.9912396606629956	-0.9955400777264442	-0.9963889892292134	-0.9988868854540774	-0.7159874361339915	0.0	-0.9935713641292849	-0.0	-0.6099331950856651	-0.6560505143584467	-0.9782250048901684	-0.8714040385507014	
-0.6968729938803214	-0.16293773123931987	0.5508546024927413	0.47977039238358166	-0.019010633450843403	0.018969540265091733	0.028438837297257255	0.066214952084996	0.7746804174545814	0.9935713641292849	0.0	-0.9935713641292847	-0.7183094162040469	-0.6755953241995221	-0.09547051904674655	0.5860618281139208	
0.6336927039022215	0.9618478507361378	0.8915967667042042	0.9260672524636183	0.9912396606629954	0.9955400777264439	0.9963889892292132	0.9988868854540772	0.7159874361339914	0.0	0.9935713641292847	0.0	0.609933195085665	0.6560505143584466	0.9782250048901682	0.8714040385507011	
0.03033648669297706	0.5953505288902579	0.9827445676863333	0.9640281014502089	0.7049534546335	0.7313777254233054	0.7378044602815537	0.7628003183205914	0.9931886677430501	0.6099331950856651	0.7183094162040469	-0.609933195085665	0.0	0.059562150673587444	0.6486072533148546	0.9897590903399986	
-0.029252109502443835	0.5464373750712228	0.9699827176515217	0.946484925297782	0.6614572116088268	0.6894594821717652	0.6962892460674286	0.7229311235434477	0.9983653778523648	0.6560505143584467	0.6755953241995221	-0.6560505143584466	-0.059562150673587444	0.0	0.6021215765577571	0.9794995033560455	
-0.6252189212730681	-0.06799878883768706	0.6280182529834786	0.5613441931161676	0.07652946798586127	0.11433623257703276	0.12374084053448879	0.16117349697449515	0.8315129412324578	0.9782250048901684	0.09547051904674655	-0.9782250048901682	-0.6486072533148546	-0.6021215765577571	0.0	0.6607413963745477	
-0.9849730790029871	-0.7102528638418707	-0.042788980543906785	-0.12546538068194124	-0.6013595922375063	-0.5705859935017364	-0.5627817538378441	-0.5311238996620923	0.2570995379407292	0.8714040385507014	-0.5860618281139208	-0.8714040385507011	-0.9897590903399986	-0.9794995033560455	-0.6607413963745477	0.0	
