0.0	-0.5163336256391442	-0.31712981038597676	-0.3930050745876301	-0.03714346404024477	0.6913574000508728	0.038645289103189207	-0.6133564622680037	-0.48326792727142054	-0.6776495122903414	-0.6913574000508728	-0.8623457563038364	-0.63807135817869	-0.8756960955221935	-0.9169048457648026	-0.8704211895805002	
0.5163336256391442	0.0	0.21809557648853645	0.13822287112639411	0.4841681271285495	0.9651275751053368	0.5490432635430869	-0.11746731630080848	0.03817127120280456	-0.2006265688699986	-0.9651275751053368	-0.4770721779599131	-0.14887121176668658	-0.5006169810074583	-0.5791540820757022	-0.4912227829544149	
0.31712981038597676	-0.21809557648853645	0.0	-0.08110662043741962	0.2816847749718698	0.8848014015155958	0.3535434137969961	-0.33122522044663233	-0.18068424089649432	-0.4094581803045783	-0.8848014015155958	-0.657264193805495	-0.3609527456818329	-0.6773643932479415	-0.7430078075590175	-0.6693664367049126	
0.3930050745876301	-0.13822287112639411	0.08110662043741962	0.0	0.35857911528171815	0.9196794782880049	0.4282472428213974	-0.25360568465965905	-0.10031726498632948	-0.3341132792884431	-0.9196794782880049	-0.5939719553286175	-0.28412481680560153	-0.6154668740091235	-0.6862766551695653	-0.6069044253689884	
0.03714346404024477	-0.4841681271285495	-0.2816847749718698	-0.35857911528171815	0.0	0.7177169576754633	0.07573433923653261	-0.5835970730444151	-0.45041636349197073	-0.6498671484859644	-0.7177169576754633	-0.842944215602409	-0.6090314311320921	-0.8571566238532375	-0.9014479546518409	-0.8515345333210824	
-0.6913574000508728	-0.9651275751053368	-0.8848014015155958	-0.9196794782880049	-0.7177169576754633	0.0	-0.662919229042052	-0.9891963477741484	-0.954431726151936	-0.9980244205384071	-0.0	-0.9731039450916501	-0.9933442706134785	-0.9665324317628139	-0.9384004177199118	-0.9692511994188272	
-0.038645289103189207	-0.5490432635430869	-0.3535434137969961	-0.4282472428213974	-0.07573433923653261	0.662919229042052	0.0	-0.6434205693053748	-0.5167398103030791	-0.7055624695361494	-0.662919229042052	-0.8812684541704662	-0.667350706480522	-0.8937023104494507	-0.9316434724634014	-0.8887963544015134	
0.6133564622680037	0.11746731630080848	0.33122522044663233	0.25360568465965905	0.5835970730444151	0.9891963477741484	0.6434205693053748	0.0	0.15528870938204134	-0.08415863457271971	-0.9891963477741484	-0.3705314782990514	-0.03168220878284565	-0.39546328196846847	-0.4793829707457708	-0.3855039014757021	
0.48326792727142054	-0.03817127120280456	0.18068424089649432	0.10031726498632948	0.45041636349197073	0.954431726151936	0.5167398103030791	-0.15528870938204134	0.0	-0.23787551944816152	-0.954431726151936	-0.510271853803582	-0.18650862934105064	-0.5332958193085182	-0.6098499123712476	-0.5241132593292563	
0.6776495122903414	0.2006265688699986	0.4094581803045783	0.3341132792884431	0.6498671484859644	0.9980244205384071	0.7055624695361494	0.08415863457271971	0.23787551944816152	0.0	-0.9980244205384071	-0.2910487541247412	0.05254657432829089	-0.31676215122352014	-0.403824189864432	-0.3064825816095138	
0.6913574000508728	0.9651275751053368	0.8848014015155958	0.9196794782880049	0.7177169576754633	0.0	0.662919229042052	0.9891963477741484	0.954431726151936	0.9980244205384071	0.0	0.9731039450916501	0.9933442706134785	0.9665324317628139	0.9384004177199118	0.9692511994188272	
0.8623457563038364	0.4770721779599131	0.657264193805495	0.5939719553286175	0.842944215602409	0.9731039450916501	0.8812684541704662	0.3705314782990514	0.510271853803582	0.2910487541247412	-0.9731039450916501	0.0	0.3409184025530771	-0.0269877553808468	-0.12007986715229824	-0.016172004320919947	
0.63807135817869	0.14887121176668658	0.3609527456818329	0.28412481680560153	0.6090314311320921	0.9933442706134785	0.667350706480522	0.03168220878284565	0.18650862934105064	-0.05254657432829089	-0.9933442706134785	-0.3409184025530771	0.0	-0.36616522482913444	-0.45133782637641084	-0.35607700509569745	
0.8756960955221935	0.5006169810074583	0.6773643932479415	0.6154668740091235	0.8571566238532375	0.9665324317628139	0.8937023104494507	0.39546328196846847	0.5332958193085182	0.31676215122352014	-0.9665324317628139	0.0269877553808468	0.36616522482913444	0.0	-0.09324365145103916	0.010818112148069353	
0.9169048457648026	0.5791540820757022	0.7430078075590175	0.6862766551695653	0.9014479546518409	0.9384004177199118	0.9316434724634014	0.4793829707457708	0.6098499123712476	0.403824189864432	-0.9384004177199118	0.12007986715229824	0.45133782637641084	0.09324365145103916	0.0	0.1040091761664439	
0.8704211895805002	0.4912227829544149	0.6693664367049126	0.6069044253689884	0.8515345333210824	0.9692511994188272	0.8887963544015134	0.3855039014757021	0.5241132593292563	0.3064825816095138	-0.9692511994188272	0.016172004320919947	0.35607700509569745	-0.010818112148069353	-0.1040091761664439	0.0	
