0.0	0.6129188551689938	0.9925130277408516	0.8469159357182934	0.9932362805817898	0.9997755134621783	0.44192269945702667	0.6607584065870863	0.9825361052710808	0.7729370102525781	0.9287924419987316	0.9345387472812108	0.9999489217330408	0.9580333474613427	0.6019556708647074	-0.7729370102525783	
-0.6129188551689938	0.0	0.7093688761746442	0.34328173259354866	0.8559679606596361	0.8029548803412812	-0.20063739021613763	0.062039455027236165	0.6622997758937731	0.9996194266906068	0.5067335750959083	0.5203077637776155	0.7963003447019041	0.5812887406067854	-0.013801009949597938	-0.999619426690607	
-0.9925130277408516	-0.7093688761746442	0.0	-0.42430447612617467	0.23655406735903656	0.14314055812662996	-0.8363610092725859	-0.6642746874590717	-0.06467312372338885	0.724138018782654	-0.2543840421759714	-0.2390536131836583	0.13216402560665447	-0.16749752472025364	-0.7190287852993151	-0.7241380187826542	
-0.8469159357182934	-0.34328173259354866	0.42430447612617467	0.0	0.6264663451545756	0.5495517237188506	-0.5247464493947146	-0.2843509969767029	0.3648534157303074	0.9483448928853924	0.17999652037575414	0.19553462137442207	0.5402595309246004	0.26663782472398695	-0.3562113957712597	-0.9483448928853926	
-0.9932362805817898	-0.8559679606596361	-0.23655406735903656	-0.6264663451545756	0.0	-0.0950401314288658	-0.9422976665779088	-0.8222429183966475	-0.29889643420082523	0.5404450559575167	-0.47593641249482227	-0.46196437787402145	-0.10606599251052923	-0.3959558136600966	-0.8630219601293423	-0.5404450559575168	
-0.9997755134621783	-0.8029548803412812	-0.14314055812662996	-0.5495517237188506	0.0950401314288658	0.0	-0.9062151268498969	-0.7644301612514054	-0.20684803748432634	0.6179635000839243	-0.39019619298707986	-0.3755823211620418	-0.01108185976954218	-0.30689103651736255	-0.8111043595510061	-0.6179635000839244	
-0.44192269945702667	0.20063739021613763	0.8363610092725859	0.5247464493947146	0.9422976665779088	0.9062151268498969	0.0	0.26102882029199986	0.7991576383017704	0.9737579044566684	0.6693994768913878	0.681067686704331	0.9014738823181432	0.7327266834755372	0.18709790747801552	-0.9737579044566687	
-0.6607584065870863	-0.062039455027236165	0.6642746874590717	0.2843509969767029	0.8222429183966475	0.7644301612514054	-0.26102882029199986	0.0	0.6145416100522787	0.9994052940633349	0.45227307068747546	0.46632511291665024	0.7572386733683022	0.5296876617483388	-0.07580797151652083	-0.9994052940633351	
-0.9825361052710808	-0.6622997758937731	0.06467312372338885	-0.3648534157303074	0.29889643420082523	0.20684803748432634	-0.7991576383017704	-0.6145416100522787	0.0	0.767224185743083	-0.19130589949045734	-0.17575513987790115	0.19599314252992478	-0.10338741507832122	-0.6725769537024695	-0.7672241857430833	
-0.7729370102525781	-0.9996194266906068	-0.724138018782654	-0.9483448928853924	-0.5404450559575167	-0.6179635000839243	-0.9737579044566684	-0.9994052940633349	-0.767224185743083	0.0	-0.8757535020000521	-0.8680071675805098	-0.6266381869746651	-0.8294232751928114	-0.9991435062036027	-0.0	
-0.9287924419987316	-0.5067335750959083	0.2543840421759714	-0.17999652037575414	0.47593641249482227	0.39019619298707986	-0.6693994768913878	-0.45227307068747546	0.19130589949045734	0.8757535020000521	0.0	0.015818991294986096	0.37996881272777683	0.08880282473827544	-0.5185832026525397	-0.8757535020000523	
-0.9345387472812108	-0.5203077637776155	0.2390536131836583	-0.19553462137442207	0.46196437787402145	0.3755823211620418	-0.681067686704331	-0.46632511291665024	0.17575513987790115	0.8680071675805098	-0.015818991294986096	0.0	0.36528871211969144	0.07303521899485493	-0.5320439807003015	-0.86800716758051	
-0.9999489217330408	-0.7963003447019041	-0.13216402560665447	-0.5402595309246004	0.10606599251052923	0.01108185976954218	-0.9014738823181432	-0.7572386733683022	-0.19599314252992478	0.6266381869746651	-0.37996881272777683	-0.36528871211969144	0.0	-0.29632509083767206	-0.8045727571666759	-0.6266381869746652	
-0.9580333474613427	-0.5812887406067854	0.16749752472025364	-0.26663782472398695	0.3959558136600966	0.30689103651736255	-0.7327266834755372	-0.5296876617483388	0.10338741507832122	0.8294232751928114	-0.08880282473827544	-0.07303521899485493	0.29632509083767206	0.0	-0.5924632249701247	-0.8294232751928117	
-0.6019556708647074	0.013801009949597938	0.7190287852993151	0.3562113957712597	0.8630219601293423	0.8111043595510061	-0.18709790747801552	0.07580797151652083	0.6725769537024695	0.9991435062036027	0.5185832026525397	0.5320439807003015	0.8045727571666759	0.5924632249701247	0.0	-0.9991435062036029	
0.7729370102525783	0.999619426690607	0.7241380187826542	0.9483448928853926	0.5404450559575168	0.6179635000839244	0.9737579044566687	0.9994052940633351	0.7672241857430833	0.0	0.8757535020000523	0.86800716758051	0.6266381869746652	0.8294232751928117	0.9991435062036029	0.0	
