0.0	0.4386694972001179	0.9899249856146208	0.6698579563839573	0.9775882188942308	0.9671843084961355	0.3244594743861896	-0.6698579563839573	0.5778632876832654	0.8397496969987112	0.996468790952105	0.9978820159368289	0.6698579563839573	0.911297524538632	0.7220296340708698	0.5778632876832654	
-0.4386694972001179	0.0	0.9517070187527934	0.9276742228684728	0.9708595723956366	0.7577033943003899	-0.1233622908922008	-0.9276742228684728	0.16128305193557732	0.9928257832016938	0.8586427206176466	0.9252805292171233	0.9276742228684728	0.638314621387561	0.3453520129012436	0.16128305193557732	
-0.9899249856146208	-0.9517070187527934	0.0	0.640161613384313	0.06998567044628701	-0.38846232575555173	-0.9823107735125918	-0.640161613384313	-0.8897323073331187	0.4186007226319339	-0.2242108468664214	-0.07689844882040825	0.640161613384313	-0.5366332954155428	-0.7871258117862614	-0.8897323073331187	
-0.6698579563839573	-0.9276742228684728	-0.640161613384313	0.0	-0.5848261248725533	-0.8883186704128605	-0.8745260504183319	-0.0	-0.9757508636658075	-0.2597898830757723	-0.7961113216015717	-0.6973425351383014	0.0	-0.9524416393945594	-0.9995486097807281	-0.9757508636658075	
-0.9775882188942308	-0.9708595723956366	-0.06998567044628701	0.5848261248725533	0.0	-0.4519991331871502	-0.9930075183586087	-0.5848261248725533	-0.9194979260656848	0.35401539955725403	-0.2918649625548242	-0.1464883315776384	0.5848261248725533	-0.5943724668492797	-0.8283624116257811	-0.9194979260656848	
-0.9671843084961355	-0.7577033943003899	0.38846232575555173	0.8883186704128605	0.4519991331871502	0.0	-0.8324219472680277	-0.8883186704128605	-0.6425305138828776	0.7385157273805768	0.17196997112518408	0.316452862839065	0.8883186704128605	-0.16669803197509375	-0.48570793751389985	-0.6425305138828776	
-0.3244594743861896	0.1233622908922008	0.9823107735125918	0.8745260504183319	0.9930075183586087	0.8324219472680277	0.0	-0.8745260504183319	0.2817983790496643	0.9704918643528533	0.9153165224259747	0.9650022360741985	0.8745260504183319	0.7284002623828185	0.4584863174186892	0.2817983790496643	
0.6698579563839573	0.9276742228684728	0.640161613384313	0.0	0.5848261248725533	0.8883186704128605	0.8745260504183319	0.0	0.9757508636658075	0.2597898830757723	0.7961113216015717	0.6973425351383014	0.0	0.9524416393945594	0.9995486097807281	0.9757508636658075	
-0.5778632876832654	-0.16128305193557732	0.8897323073331187	0.9757508636658075	0.9194979260656848	0.6425305138828776	-0.2817983790496643	-0.9757508636658075	0.0	0.9991124980905044	0.7647319447995947	0.8519949393023355	0.9757508636658075	0.5058061732775707	0.18947090495866342	0.0	
-0.8397496969987112	-0.9928257832016938	-0.4186007226319339	0.2597898830757723	-0.35401539955725403	-0.7385157273805768	-0.9704918643528533	-0.2597898830757723	-0.9991124980905044	0.0	-0.6115650736068065	-0.48719811003632185	0.2597898830757723	-0.840576267516422	-0.9730341213006837	-0.9991124980905044	
-0.996468790952105	-0.8586427206176466	0.2242108468664214	0.7961113216015717	0.2918649625548242	-0.17196997112518408	-0.9153165224259747	-0.7961113216015717	-0.7647319447995947	0.6115650736068065	0.0	0.14860627793172348	0.7961113216015717	-0.33377836315359033	-0.6287945443600433	-0.7647319447995947	
-0.9978820159368289	-0.9252805292171233	0.07689844882040825	0.6973425351383014	0.1464883315776384	-0.316452862839065	-0.9650022360741985	-0.6973425351383014	-0.8519949393023355	0.48719811003632185	-0.14860627793172348	0.0	0.6973425351383014	-0.47015617886260264	-0.7373646928868767	-0.8519949393023355	
-0.6698579563839573	-0.9276742228684728	-0.640161613384313	0.0	-0.5848261248725533	-0.8883186704128605	-0.8745260504183319	-0.0	-0.9757508636658075	-0.2597898830757723	-0.7961113216015717	-0.6973425351383014	0.0	-0.9524416393945594	-0.9995486097807281	-0.9757508636658075	
-0.911297524538632	-0.638314621387561	0.5366332954155428	0.9524416393945594	0.5943724668492797	0.16669803197509375	-0.7284002623828185	-0.9524416393945594	-0.5058061732775707	0.840576267516422	0.33377836315359033	0.47015617886260264	0.9524416393945594	0.0	-0.33319763280584497	-0.5058061732775707	
-0.7220296340708698	-0.3453520129012436	0.7871258117862614	0.9995486097807281	0.8283624116257811	0.48570793751389985	-0.4584863174186892	-0.9995486097807281	-0.18947090495866342	0.9730341213006837	0.6287945443600433	0.7373646928868767	0.9995486097807281	0.33319763280584497	0.0	-0.18947090495866342	
-0.5778632876832654	-0.16128305193557732	0.8897323073331187	0.9757508636658075	0.9194979260656848	0.6425305138828776	-0.2817983790496643	-0.9757508636658075	0.0	0.9991124980905044	0.7647319447995947	0.8519949393023355	0.9757508636658075	0.5058061732775707	0.18947090495866342	0.0	
