0.0	-0.04577517491714961	-0.5357673824683455	-0.7399021684901022	-0.4766324425445847	-0.5018494608646807	-0.5528626582292795	-0.5873538581878327	0.0378742412077645	0.43161468601771713	-0.1932051088124056	0.45962752286787995	0.26009241240452774	-0.9856949376038568	-0.36110706124574393	0.9856949376038568	
0.04577517491714961	0.0	-0.49655478930509217	-0.7083329555177771	-0.43589174206727477	-0.4617299403048737	-0.5141399399551856	-0.5496909411332842	0.08357687203768924	0.4724541193525984	-0.14808988798081277	0.49979919850321747	0.3040195391043916	-0.976946784754027	-0.3180420711126042	0.976946784754027	
0.5357673824683455	0.49655478930509217	0.0	-0.26432947847261856	0.06854248842140737	0.03967023132985825	-0.020378056058057148	-0.062328661828443044	0.567362684042587	0.8477338962800909	0.36253690948286305	0.8639150071395701	0.736941359696937	-0.7419890733137835	0.19470974769144705	0.7419890733137835	
0.7399021684901022	0.7083329555177771	0.26432947847261856	0.0	0.3298124271088627	0.30238066322965024	0.24462133108206718	0.20370375379125855	0.7648498494431791	0.9577881746736132	0.5959893445987534	0.9663139278415662	0.889405428469486	-0.5383886832042157	0.44705484796674994	0.5383886832042157	
0.4766324425445847	0.43589174206727477	-0.06854248842140737	-0.3298124271088627	0.0	-0.02891159878786209	-0.08885838619782693	-0.13059129697218635	0.5095858120094743	0.8093837669491135	0.29780479171868546	0.8273626739387724	0.6888764667789711	-0.7861957670175643	0.1270211817515975	0.7861957670175643	
0.5018494608646807	0.4617299403048737	-0.03967023132985825	-0.30238066322965024	0.02891159878786209	0.0	-0.060024008635318815	-0.1018726980174871	0.5342489042407818	0.8260246288336023	0.3252800877946696	0.8432555349715254	0.7095459011868482	-0.7680003973174537	0.1556454983605009	0.7680003973174537	
0.5528626582292795	0.5141399399551856	0.020378056058057148	-0.24462133108206718	0.08885838619782693	0.060024008635318815	0.0	-0.04197728445256338	0.5840255463627114	0.8583668251370205	0.38145335216087045	0.8739987674262496	0.7505630138741266	-0.728173303416345	0.21465735390426954	0.728173303416345	
0.5873538581878327	0.5496909411332842	0.062328661828443044	-0.20370375379125855	0.13059129697218635	0.1018726980174871	0.04197728445256338	0.0	0.6175852086544659	0.8791461076291935	0.4199204277319756	0.8936263382517612	0.7776399842405362	-0.6987605269797573	0.2554669170172681	0.6987605269797573	
-0.0378742412077645	-0.08357687203768924	-0.567362684042587	-0.7648498494431791	-0.5095858120094743	-0.5342489042407818	-0.5840255463627114	-0.6175852086544659	0.0	0.3971402433705855	-0.2302271162808342	0.42566118642772793	0.22333504857376069	-0.9913710122905512	-0.39616662452799734	0.9913710122905512	
-0.43161468601771713	-0.4724541193525984	-0.8477338962800909	-0.9577881746736132	-0.8093837669491135	-0.8260246288336023	-0.8583668251370205	-0.8791461076291935	-0.3971402433705855	0.0	-0.5977645980528888	0.03128862785297576	-0.18214165813696218	-0.9618981034591468	-0.7282307497351101	0.9618981034591468	
0.1932051088124056	0.14808988798081277	-0.36253690948286305	-0.5959893445987534	-0.29780479171868546	-0.3252800877946696	-0.38145335216087045	-0.4199204277319756	0.2302271162808342	0.5977645980528888	0.0	0.622555134051227	0.44174756192006853	-0.9345602072903239	-0.17413475146076296	0.9345602072903239	
-0.45962752286787995	-0.49979919850321747	-0.8639150071395701	-0.9663139278415662	-0.8273626739387724	-0.8432555349715254	-0.8739987674262496	-0.8936263382517612	-0.42566118642772793	-0.03128862785297576	-0.622555134051227	0.0	-0.21281772102601154	-0.9528725823942606	-0.7493172998967234	0.9528725823942606	
-0.26009241240452774	-0.3040195391043916	-0.736941359696937	-0.889405428469486	-0.6888764667789711	-0.7095459011868482	-0.7505630138741266	-0.7776399842405362	-0.22333504857376069	0.18214165813696218	-0.44174756192006853	0.21281772102601154	0.0	-0.9956067819035381	-0.5912216142143811	0.9956067819035381	
0.9856949376038568	0.976946784754027	0.7419890733137835	0.5383886832042157	0.7861957670175643	0.7680003973174537	0.728173303416345	0.6987605269797573	0.9913710122905512	0.9618981034591468	0.9345602072903239	0.9528725823942606	0.9956067819035381	0.0	0.8583238199827266	0.0	
0.36110706124574393	0.3180420711126042	-0.19470974769144705	-0.44705484796674994	-0.1270211817515975	-0.1556454983605009	-0.21465735390426954	-0.2554669170172681	0.39616662452799734	0.7282307497351101	0.17413475146076296	0.7493172998967234	0.5912216142143811	-0.8583238199827266	0.0	0.8583238199827266	
-0.9856949376038568	-0.976946784754027	-0.7419890733137835	-0.5383886832042157	-0.7861957670175643	-0.7680003973174537	-0.728173303416345	-0.6987605269797573	-0.9913710122905512	-0.9618981034591468	-0.9345602072903239	-0.9528725823942606	-0.9956067819035381	-0.0	-0.8583238199827266	0.0	
