0.0	-0.21415819776669354	-0.896379990558837	-0.948829294465144	-0.9566814642427148	-0.850135983251611	-0.8380034026958931	-0.7940051283131571	-0.5161789698651372	-0.15323430500194635	-0.4219292545357688	-0.32410036982438917	-0.47735290031509914	-0.9693235332222093	-0.5918453332962266	0.9488292850538849	
0.21415819776669354	0.0	-0.7806496333208665	-0.9944443934471016	-0.8721361775628909	-0.7176441423487105	-0.7017022432049751	-0.6453942702772341	-0.3207807229466379	0.061949850392326145	-0.217978088788186	-0.11398239718140137	-0.27809452200092744	-0.8941966688158044	-0.40549137635631377	0.9944443903100123	
0.896379990558837	0.7806496333208665	0.0	-0.7036705424896272	-0.16311485952060095	0.09514692534581892	0.11764760424648801	0.19294756308948297	0.5389170405352897	0.8178669420469981	0.6256483387886687	0.7043265040806536	0.5760554714995133	-0.2093683138877393	0.46017144026288404	0.7036705636649638	
0.948829294465144	0.9944443934471016	0.7036705424896272	0.0	0.5783489293804143	0.7680825607695482	0.7823755658341525	0.827542255904404	0.9756578909663598	0.9860132861360926	0.9934767271549411	0.9999615257325738	0.9844903837815726	0.5393132734027068	0.9517038295514653	2.9802322387695312e-08	
0.9566814642427148	0.8721361775628909	0.16311485952060095	-0.5783489293804143	0.0	0.2562474773631708	0.27805405322391996	0.3504132125329165	0.66910061571965	0.900770816296311	0.7445158381084974	0.8106848715691116	0.7016722259091375	-0.04706454136520394	0.5988266821275937	0.5783489536928359	
0.850135983251611	0.7176441423487105	-0.09514692534581892	-0.7680825607695482	-0.2562474773631708	0.0	0.022627696658858887	0.09871318026644704	0.4563242492513316	0.7594082321530728	0.5485853093136767	0.6335886090345124	0.49566794058379277	-0.30145663009686224	0.37360945092047715	0.7680825798534896	
0.8380034026958931	0.7017022432049751	-0.11764760424648801	-0.7823755658341525	-0.27805405322391996	-0.022627696658858887	0.0	0.07617072449690893	0.4360729809783306	0.7444918879770677	0.5295259553288095	0.6159200124927505	0.475888601540571	-0.3229544991265171	0.3525246553306012	0.7823755843952451	
0.7940051283131571	0.6453942702772341	-0.19294756308948297	-0.827542255904404	-0.3504132125329165	-0.09871318026644704	-0.07617072449690893	0.0	0.36625920148236746	0.6914750073178877	0.4633724228951407	0.5541226766822811	0.40751346924448684	-0.3941053261278355	0.28021974088242946	0.8275422726355298	
0.5161789698651372	0.3207807229466379	-0.5389170405352897	-0.9756578909663598	-0.66910061571965	-0.4563242492513316	-0.4360729809783306	-0.36625920148236746	0.0	0.3788406044859707	0.10660841479127076	0.210731296071377	0.04472891849141805	-0.7033361934342681	-0.09083727474506578	0.9756578975019536	
0.15323430500194635	-0.061949850392326145	-0.8178669420469981	-0.9860132861360926	-0.900770816296311	-0.7594082321530728	-0.7444918879770677	-0.6914750073178877	-0.3788406044859707	0.0	-0.27801959372393753	-0.17530957595266647	-0.33706653453053315	-0.9202125111298037	-0.4613408224558082	0.9860132811690365	
0.4219292545357688	0.217978088788186	-0.6256483387886687	-0.9934767271549411	-0.7445158381084974	-0.5485853093136767	-0.5295259553288095	-0.4633724228951407	-0.10660841479127076	0.27801959372393753	0.0	0.10531593724694548	-0.06202770479335541	-0.7751113168848649	-0.196487269576417	0.99347673055345	
0.32410036982438917	0.11398239718140137	-0.7043265040806536	-0.9999615257325738	-0.8106848715691116	-0.6335886090345124	-0.6159200124927505	-0.5541226766822811	-0.210731296071377	0.17530957595266647	-0.10531593724694548	0.0	-0.16679590097289837	-0.8373419881562656	-0.2986575151217477	0.9999615259939978	
0.47735290031509914	0.27809452200092744	-0.5760554714995133	-0.9844903837815726	-0.7016722259091375	-0.49566794058379277	-0.475888601540571	-0.40751346924448684	-0.04472891849141805	0.33706653453053315	0.06202770479335541	0.16679590097289837	0.0	-0.7344281485175308	-0.1352903591695248	0.9844903890100484	
0.9693235332222093	0.8941966688158044	0.2093683138877393	-0.5393132734027068	0.04706454136520394	0.30145663009686224	0.3229544991265171	0.3941053261278355	0.7033361934342681	0.9202125111298037	0.7751113168848649	0.8373419881562656	0.7344281485175308	0.0	0.6358560787627464	0.5393132984993977	
0.5918453332962266	0.40549137635631377	-0.46017144026288404	-0.9517038295514653	-0.5988266821275937	-0.37360945092047715	-0.3525246553306012	-0.28021974088242946	0.09083727474506578	0.4613408224558082	0.196487269576417	0.2986575151217477	0.1352903591695248	-0.6358560787627464	0.0	0.951703838701303	
-0.9488292850538849	-0.9944443903100123	-0.7036705636649638	-2.9802322387695312e-08	-0.5783489536928359	-0.7680825798534896	-0.7823755843952451	-0.8275422726355298	-0.9756578975019536	-0.9860132811690365	-0.99347673055345	-0.9999615259939978	-0.9844903890100484	-0.5393132984993977	-0.951703838701303	0.0	
