0.0	0.8258793373373232	0.8237046874662517	0.5005564222674292	0.4695261976046386	0.3501212408897131	0.5376478635786966	0.29783743466075163	0.33619859756129855	0.9153523982564715	0.5137072051564889	0.9126097814488878	0.7799553023948806	0.7341744664233202	0.5412577876799453	-0.5137072051564889	
-0.8258793373373232	0.0	-0.003845976379947158	-0.43272979140401735	-0.46444329114358895	-0.576190027678716	-0.39320517468893684	-0.6204634166110352	-0.5882412863112101	0.18357525147568882	0.9982282428485632	0.85221787257282	-0.07708900428805393	-0.14677775449404737	-0.3892596601338388	-0.9982282428485632	
-0.8237046874662517	0.003845976379947158	0.0	-0.4292593522824896	-0.46103384852690177	-0.5730423891866755	-0.3896660807385808	-0.6174426770006337	-0.5851267505838474	0.1873545103394979	0.9979920205173459	0.854223734811954	-0.07325390257225978	-0.1429723464405615	-0.3857141444583365	-0.9979920205173459	
-0.5005564222674292	0.43272979140401735	0.4292593522824896	0.0	-0.035479878582796	-0.16577206993228005	0.04338996119145527	-0.22000043926438523	-0.1803711486391899	0.5908732685182668	0.8741785112391144	0.9946932106275965	0.36194451854304593	0.29571948953092486	0.04767275916582436	-0.8741785112391144	
-0.4695261976046386	0.46444329114358895	0.46103384852690177	0.035479878582796	0.0	-0.13067871600173275	0.07880910654150547	-0.18525131149039675	-0.14535962564892496	0.6191251519267191	0.8563989244889135	0.9977173061653077	0.3947909649609042	0.3294263365104325	0.08308228219497266	-0.8563989244889135	
-0.3501212408897131	0.576190027678716	0.5730423891866755	0.16577206993228005	0.13067871600173275	0.0	0.2084055695900825	-0.05524591737177059	-0.014822370917910332	0.7164370045122147	0.7815837624855405	0.9979862638818444	0.5114693519233201	0.4499858269722121	0.21259675171961206	-0.7815837624855405	
-0.5376478635786966	0.39320517468893684	0.3896660807385808	-0.04338996119145527	-0.07880910654150547	-0.2084055695900825	0.0	-0.2621201428079281	-0.22287958330958713	0.5553113156926941	0.894425589887665	0.9892922247745857	0.3211555374686984	0.2539916471016617	0.004287234403427431	-0.894425589887665	
-0.29783743466075163	0.6204634166110352	0.6174426770006337	0.22000043926438523	0.18525131149039675	0.05524591737177059	0.2621201428079281	0.0	0.04044011433186978	0.7538852593157127	0.7459276904677036	0.9929578461346241	0.5581611254936076	0.49863517507234	0.26625506618073497	-0.7459276904677036	
-0.33619859756129855	0.5882412863112101	0.5851267505838474	0.1803711486391899	0.14535962564892496	0.014822370917910332	0.22287958330958713	-0.04044011433186978	0.0	0.7266991522108934	0.7722517002261041	0.9969364386447312	0.5241500491011375	0.4631732990498173	0.22705692823264695	-0.7722517002261041	
-0.9153523982564715	-0.18357525147568882	-0.1873545103394979	-0.5908732685182668	-0.6191251519267191	-0.7164370045122147	-0.5553113156926941	-0.7538852593157127	-0.7266991522108934	0.0	0.9921869329836647	0.7416907963126779	-0.2588078985246592	-0.32587040227353803	-0.5517407656712137	-0.9921869329836647	
-0.5137072051564889	-0.9982282428485632	-0.9979920205173459	-0.8741785112391144	-0.8563989244889135	-0.7815837624855405	-0.894425589887665	-0.7459276904677036	-0.7722517002261041	-0.9921869329836647	0.0	-0.5729679574790801	-0.9906708534312174	-0.978683496560445	-0.8963346931502381	-0.0	
-0.9126097814488878	-0.85221787257282	-0.854223734811954	-0.9946932106275965	-0.9977173061653077	-0.9979862638818444	-0.9892922247745857	-0.9929578461346241	-0.9969364386447312	-0.7416907963126779	0.5729679574790801	0.0	-0.8900138248210789	-0.919780144605646	-0.9886574185572438	-0.5729679574790801	
-0.7799553023948806	0.07708900428805393	0.07325390257225978	-0.36194451854304593	-0.3947909649609042	-0.5114693519233201	-0.3211555374686984	-0.5581611254936076	-0.5241500491011375	0.2588078985246592	0.9906708534312174	0.8900138248210789	0.0	-0.07008688398426091	-0.31709246154375237	-0.9906708534312174	
-0.7341744664233202	0.14677775449404737	0.1429723464405615	-0.29571948953092486	-0.3294263365104325	-0.4499858269722121	-0.2539916471016617	-0.49863517507234	-0.4631732990498173	0.32587040227353803	0.978683496560445	0.919780144605646	0.07008688398426091	0.0	-0.24984267225531526	-0.978683496560445	
-0.5412577876799453	0.3892596601338388	0.3857141444583365	-0.04767275916582436	-0.08308228219497266	-0.21259675171961206	-0.004287234403427431	-0.26625506618073497	-0.22705692823264695	0.5517407656712137	0.8963346931502381	0.9886574185572438	0.31709246154375237	0.24984267225531526	0.0	-0.8963346931502381	
0.5137072051564889	0.9982282428485632	0.9979920205173459	0.8741785112391144	0.8563989244889135	0.7815837624855405	0.894425589887665	0.7459276904677036	0.7722517002261041	0.9921869329836647	0.0	0.5729679574790801	0.9906708534312174	0.978683496560445	0.8963346931502381	0.0	
