0.0	0.4840026313396385	0.12738927932136523	-0.08496045844896172	-0.08939987740293513	-0.4964011029601644	-0.375358705507922	-0.35843106346025744	-0.8718247598358728	-0.9871170085435195	-0.3158774496814093	0.8576648069250017	0.9871170037751461	0.27174391318442975	-0.12480133355074499	0.2670276850998092	
-0.4840026313396385	0.0	-0.3685852676568927	-0.5565986890709268	-0.5602954364506115	-0.8545434289732654	-0.7770760226308142	-0.7654946870297971	-0.9999778366725047	-0.7863526288515904	-0.7356354833700399	0.5016351814400258	0.7863526104403735	-0.22799541197131168	-0.5894280496641697	-0.23276095014667308	
-0.12738927932136523	0.3685852676568927	0.0	-0.21119694929487742	-0.21555070745955945	-0.6029426000386328	-0.4903751096991129	-0.4744359040601308	-0.9271193777667176	-0.9586924769401525	-0.43417088007497073	0.7851725012617987	0.9586924684630419	0.14693439074653863	-0.2501778700130349	0.1420885272888403	
0.08496045844896172	0.5565986890709268	0.21119694929487742	0.0	-0.0044563753959359215	-0.42085267410030985	-0.2952534119269701	-0.2778197302808116	-0.8270573692415009	-0.9971415893532461	-0.23412485623818874	0.8982512161227738	0.9971415871015127	0.3525247375092655	-0.04005387589080906	0.3479376466189133	
0.08939987740293513	0.5602954364506115	0.21555070745955945	0.0044563753959359215	0.0	-0.4168059877971474	-0.2909927745275214	-0.27353602933814714	-0.8245441501256401	-0.997468392224766	-0.22979001415712408	0.9002007951830597	0.9974683901054857	0.35669152426154466	-0.03560067891761877	0.35211212241345546	
0.4964011029601644	0.8545434289732654	0.6029426000386328	0.42085267410030985	0.4168059877971474	0.0	0.13425769863744608	0.1522667278231366	-0.5136790640700557	-0.9363338371667692	0.19677427387498606	0.9997870596892837	0.9363338476306923	0.7136203958058219	0.3841809164165059	0.7101811514608147	
0.375358705507922	0.7770760226308142	0.4903751096991129	0.2952534119269701	0.2909927745275214	-0.13425769863744608	0.0	0.01819599532194821	-0.6242191900033541	-0.9749960505908799	0.06335996653860851	0.9879649274832041	0.9749960572136166	0.613107703793767	0.25674824426763465	0.6092315233769958	
0.35843106346025744	0.7654946870297971	0.4744359040601308	0.2778197302808116	0.27353602933814714	-0.1522667278231366	-0.01819599532194821	0.0	-0.6383314515977785	-0.9788781833508289	0.04519004179635294	0.9849868379462559	0.9788781894437454	0.5986313730368666	0.23911970186354362	0.5947013724495192	
0.8718247598358728	0.9999778366725047	0.9271193777667176	0.8270573692415009	0.8245441501256401	0.5136790640700557	0.6242191900033541	0.6383314515977785	0.0	-0.6229995860075054	0.6724648974096024	0.8683998792971184	0.6229996093195422	0.9721226812721322	0.8038786880644991	0.9709627508384155	
0.9871170085435195	0.7863526288515904	0.9586924769401525	0.9971415893532461	0.997468392224766	0.9363338371667692	0.9749960505908799	0.9788781833508289	0.6229995860075054	0.0	0.9871170192781962	0.37035822598640994	2.980232238769532e-08	0.906492364141474	0.999367699872896	0.908549223692841	
0.3158774496814093	0.7356354833700399	0.43417088007497073	0.23412485623818874	0.22979001415712408	-0.19677427387498606	-0.06335996653860851	-0.04519004179635294	-0.6724648974096024	-0.9871170192781962	0.0	0.9761794511742047	0.9871170240465662	0.5618214790448901	0.1949963360851005	0.5577634459798955	
-0.8576648069250017	-0.5016351814400258	-0.7851725012617987	-0.8982512161227738	-0.9002007951830597	-0.9997870596892837	-0.9879649274832041	-0.9849868379462559	-0.8683998792971184	-0.37035822598640994	-0.9761794511742047	0.0	0.3703581983033601	-0.6856573222858775	-0.9151333611260902	-0.6892139319748772	
-0.9871170037751461	-0.7863526104403735	-0.9586924684630419	-0.9971415871015127	-0.9974683901054857	-0.9363338476306923	-0.9749960572136166	-0.9788781894437454	-0.6229996093195422	-2.980232238769532e-08	-0.9871170240465662	-0.3703581983033601	0.0	-0.906492351558271	-0.9993676988132559	-0.908549211242091	
-0.27174391318442975	0.22799541197131168	-0.14693439074653863	-0.3525247375092655	-0.35669152426154466	-0.7136203958058219	-0.613107703793767	-0.5986313730368666	-0.9721226812721322	-0.906492364141474	-0.5618214790448901	0.6856573222858775	0.906492351558271	0.0	-0.38972436098495855	-0.0048972551052991475	
0.12480133355074499	0.5894280496641697	0.2501778700130349	0.04005387589080906	0.03560067891761877	-0.3841809164165059	-0.25674824426763465	-0.23911970186354362	-0.8038786880644991	-0.999367699872896	-0.1949963360851005	0.9151333611260902	0.9993676988132559	0.38972436098495855	0.0	0.3852096508143359	
-0.2670276850998092	0.23276095014667308	-0.1420885272888403	-0.3479376466189133	-0.35211212241345546	-0.7101811514608147	-0.6092315233769958	-0.5947013724495192	-0.9709627508384155	-0.908549223692841	-0.5577634459798955	0.6892139319748772	0.908549211242091	0.0048972551052991475	-0.3852096508143359	0.0	
