0.0	-0.3843042767935631	-0.9206130085853307	0.44244455250970577	0.9207115112294879	0.6750155471900795	0.9789269370137106	0.9206130168140022	0.8794741669774593	0.7918210659477136	0.17933513126073977	-0.5299998011293874	0.3372316779247863	0.590565003838539	0.06127359912266961	0.5826513436532584	
0.3843042767935631	0.0	-0.6998542178630669	0.7531101674067697	0.9999792478907144	0.9067197760528373	0.8252726164149428	0.6998542329155129	0.9948445819992859	0.9657293910953781	0.5436373088577149	-0.16341008789522432	0.6731268547528851	0.8553431801858632	0.4401503563884467	0.850240127900214	
0.9206130085853307	0.6998542178630669	0.0	0.9983660186383854	0.718779586996149	0.942809031881597	0.19424858103291412	2.1073424255447027e-08	0.7815764137585761	0.8714545937753353	0.975714175214088	0.5737254486892185	0.9983660081072504	0.9735271559991099	0.9428090680074659	0.9757141525861799	
-0.44244455250970577	-0.7531101674067697	-0.9983660186383854	0.0	0.6530289790092286	0.27891400812245726	0.9682495835065895	0.9983660174341924	0.5781288021998559	0.43987745505687204	-0.27444465619646763	-0.8504936204894402	-0.11409892437954439	0.1725678903685044	-0.3866632924728194	0.16293479366485278	
-0.9207115112294879	-0.9999792478907144	-0.718779586996149	-0.6530289790092286	0.0	-0.4158834697628142	0.570039517142539	0.7187795723451034	-0.09500009420194439	-0.2533240950009933	-0.8358005307683878	-0.9875905017401423	-0.7351751752278748	-0.5125406496205362	-0.8950698522075925	-0.5209065647884892	
-0.6750155471900795	-0.9067197760528373	-0.942809031881597	-0.27891400812245726	0.4158834697628142	0.0	0.8601011914535548	0.9428090248571219	0.32760775104866685	0.17194049146045687	-0.5317581348858185	-0.9634473864832986	-0.3866635623815676	-0.10900991561393358	-0.628539322029849	-0.11871793289426932	
-0.9789269370137106	-0.8252726164149428	-0.19424858103291412	-0.9682495835065895	-0.570039517142539	-0.8601011914535548	0.0	0.1942485603608894	-0.6455150972562925	-0.7595811173831442	-0.9996787853135498	-0.7218961705858448	-0.990449401556856	-0.9105840728958622	-0.9896002717242707	-0.9145793750453065	
-0.9206130168140022	-0.6998542329155129	-2.1073424255447027e-08	-0.9983660174341924	-0.7187795723451034	-0.9428090248571219	-0.1942485603608894	0.0	-0.7815764006127738	-0.8714545834393227	-0.9757141798301711	-0.5737254659493579	-0.9983660093114477	-0.9735271511823285	-0.9428090750319393	-0.9757141479700951	
-0.8794741669774593	-0.9948445819992859	-0.7815764137585761	-0.5781288021998559	0.09500009420194439	-0.32760775104866685	0.6455150972562925	0.7815764006127738	0.0	-0.1602770463607453	-0.7798622178998572	-0.9980437451466024	-0.6674517763166494	-0.42864950101802757	-0.8486586791173585	-0.4374572596237545	
-0.7918210659477136	-0.9657293910953781	-0.8714545937753353	-0.43987745505687204	0.2533240950009933	-0.17194049146045687	0.7595811173831442	0.8714545834393227	0.1602770463607453	0.0	-0.6694546009760342	-0.9951615382281753	-0.5394722182065427	-0.27830230779372056	-0.7529101971384939	-0.2876744385483099	
-0.17933513126073977	-0.5436373088577149	-0.975714175214088	0.27444465619646763	0.8358005307683878	0.5317581348858185	0.9996787853135498	0.9757141798301711	0.7798622178998572	0.6694546009760342	0.0	-0.6734832570133403	0.16293450991179206	0.4362691180529876	-0.11871792785386232	0.427455777740664	
0.5299998011293874	0.16341008789522432	-0.5737254486892185	0.8504936204894402	0.9875905017401423	0.9634473864832986	0.7218961705858448	0.5737254659493579	0.9980437451466024	0.9951615382281753	0.6734832570133403	0.0	0.784925017072275	0.928502381467025	0.5809638107528685	0.9248296542159165	
-0.3372316779247863	-0.6731268547528851	-0.9983660081072504	0.11409892437954439	0.7351751752278748	0.3866635623815676	0.990449401556856	0.9983660093114477	0.6674517763166494	0.5394722182065427	-0.16293450991179206	-0.784925017072275	0.0	0.2838280869925172	-0.27891372706428386	0.27444493274984216	
-0.590565003838539	-0.8553431801858632	-0.9735271559991099	-0.1725678903685044	0.5125406496205362	0.10900991561393358	0.9105840728958622	0.9735271511823285	0.42864950101802757	0.27830230779372056	-0.4362691180529876	-0.928502381467025	-0.2838280869925172	0.0	-0.5400081505898439	-0.009771452996716695	
-0.06127359912266961	-0.4401503563884467	-0.9428090680074659	0.3866632924728194	0.8950698522075925	0.628539322029849	0.9896002717242707	0.9428090750319393	0.8486586791173585	0.7529101971384939	0.11871792785386232	-0.5809638107528685	0.27891372706428386	0.5400081505898439	0.0	0.5317581305867136	
-0.5826513436532584	-0.850240127900214	-0.9757141525861799	-0.16293479366485278	0.5209065647884892	0.11871793289426932	0.9145793750453065	0.9757141479700951	0.4374572596237545	0.2876744385483099	-0.427455777740664	-0.9248296542159165	-0.27444493274984216	0.009771452996716695	-0.5317581305867136	0.0	
