0.0	0.03734587084570308	0.06233052263964173	-0.25711581829389474	0.45972894785738183	0.38763081407430083	-0.6103152384873958	-0.9938079899999065	-0.9989442042220592	-0.91475226125279	-0.9621598442477187	-0.8107974449304695	-0.09268812186827916	0.40721291446669705	0.9938079899999065	0.7883791597031243	
-0.03734587084570308	0.0	0.025013786708726338	-0.29302677912646824	0.426242893400561	0.3529344297301965	-0.6394733365878195	-0.9889651679854781	-0.9999630069513208	-0.9292024300913664	-0.9716648554078036	-0.8320913727100504	-0.1298085665813994	0.37281961665613794	0.9889651679854781	0.7648543930541438	
-0.06233052263964173	-0.025013786708726338	0.0	-0.3168508802756166	0.4034818342786636	0.32941989781014924	-0.6585041806798485	-0.9849499789046284	-0.9998652793378603	-0.9381560627163366	-0.977273158128157	-0.8457046275336015	-0.15457009721705184	0.349492575040084	0.9849499789046284	0.7485011135866483	
0.25711581829389474	0.29302677912646824	0.3168508802756166	0.0	0.6726072244234792	0.6116120394826114	-0.38612028707100543	-0.9889651817645649	-0.9535484134634362	-0.780120130557716	-0.8597522304887247	-0.6330421298779498	0.16643698119857278	0.6283550872135899	0.9889651817645649	0.9200493113255391	
-0.45972894785738183	-0.426242893400561	-0.4034818342786636	-0.6726072244234792	0.0	-0.0795457610832061	-0.9061743723386854	-0.8314794192830979	-0.9082415903177604	-0.9980917329611529	-0.9797245288993873	-0.9891278894223706	-0.540062449518783	-0.058256528423992204	0.8314794192830979	0.4173069445536415	
-0.38763081407430083	-0.3529344297301965	-0.32941989781014924	-0.6116120394826114	0.0795457610832061	0.0	-0.8696626602532354	-0.873036729552125	-0.9386491889333471	-0.9998408365076326	-0.9925569314851387	-0.9742957256210325	-0.47140341099978506	0.02133873821030846	0.873036729552125	0.48827303993601756	
0.6103152384873958	0.6394733365878195	0.6585041806798485	0.38612028707100543	0.9061743723386854	0.8696626602532354	0.0	-0.8550663892676137	-0.7632844442334197	-0.47805225921913197	-0.5958810832344328	-0.2850463140010537	0.5342642510627797	0.8799984340753464	0.8550663892676137	0.9999809778430402	
0.9938079899999065	0.9889651679854781	0.9849499789046284	0.9889651817645649	0.8314794192830979	0.873036729552125	0.8550663892676137	0.0	0.1566492665316758	0.503152696982299	0.3777050739914771	0.671791089971779	0.999828515971119	0.8624320111026936	0.0	0.5237827011487094	
0.9989442042220592	0.9999630069513208	0.9998652793378603	0.9535484134634362	0.9082415903177604	0.9386491889333471	0.7632844442334197	-0.1566492665316758	0.0	0.3615650138873989	0.22799641677406407	0.5474608739272311	0.9903858540506603	0.9310762971428028	0.1566492665316758	0.6507582120573334	
0.91475226125279	0.9292024300913664	0.9381560627163366	0.780120130557716	0.9980917329611529	0.9998408365076326	0.47805225921913197	-0.503152696982299	-0.3615650138873989	0.0	-0.13947035185435114	0.20785453487655903	0.8733670146417674	0.9999938806016389	0.503152696982299	0.8812633019082733	
0.9621598442477187	0.9716648554078036	0.977273158128157	0.8597522304887247	0.9797245288993873	0.9925569314851387	0.5958810832344328	-0.3777050739914771	-0.22799641677406407	0.13947035185435114	0.0	0.34224730027046835	0.9327617453275833	0.9897322655514532	0.3777050739914771	0.8067327884996922	
0.8107974449304695	0.8320913727100504	0.8457046275336015	0.6330421298779498	0.9891278894223706	0.9742957256210325	0.2850463140010537	-0.671791089971779	-0.5474608739272311	-0.20785453487655903	-0.34224730027046835	0.0	0.753054271279051	0.9788809191286227	0.671791089971779	0.9602536711324288	
0.09268812186827916	0.1298085665813994	0.15457009721705184	-0.16643698119857278	0.540062449518783	0.47140341099978506	-0.5342642510627797	-0.999828515971119	-0.9903858540506603	-0.8733670146417674	-0.9327617453275833	-0.753054271279051	0.0	0.49011508481004395	0.999828515971119	0.8420061103605933	
-0.40721291446669705	-0.37281961665613794	-0.349492575040084	-0.6283550872135899	0.058256528423992204	-0.02133873821030846	-0.8799984340753464	-0.8624320111026936	-0.9310762971428028	-0.9999938806016389	-0.9897322655514532	-0.9788809191286227	-0.49011508481004395	0.0	0.8624320111026936	0.4695397386896197	
-0.9938079899999065	-0.9889651679854781	-0.9849499789046284	-0.9889651817645649	-0.8314794192830979	-0.873036729552125	-0.8550663892676137	-0.0	-0.1566492665316758	-0.503152696982299	-0.3777050739914771	-0.671791089971779	-0.999828515971119	-0.8624320111026936	0.0	-0.5237827011487094	
-0.7883791597031243	-0.7648543930541438	-0.7485011135866483	-0.9200493113255391	-0.4173069445536415	-0.48827303993601756	-0.9999809778430402	-0.5237827011487094	-0.6507582120573334	-0.8812633019082733	-0.8067327884996922	-0.9602536711324288	-0.8420061103605933	-0.4695397386896197	0.5237827011487094	0.0	
