0.0	0.37886556599606624	0.6083711314700896	-0.04793177506982976	-0.06417059683902632	0.015726502030109724	-0.708848252034036	-0.8963257387329479	-0.17037228980844282	0.6460005155257027	0.6968579626813325	0.7819730820799313	0.8963257387329479	0.9365182546913098	0.9224742846494655	0.9831576624707447	
-0.37886556599606624	0.0	0.262330439575293	-0.4227886460311611	-0.4374714916816808	-0.36426459371345155	-0.9232418314548637	-0.9974937387565775	-0.5309977910479768	0.30864019289522	0.3731825444585343	0.4875268029581596	0.9974937387565775	0.7338650294202128	0.7074411256039691	0.9791062045052529	
-0.6083711314700896	-0.262330439575293	0.0	-0.6457130583821181	-0.6580464098083011	-0.5958145143885396	-0.9917005866887031	-0.9811207531092045	-0.7346930263753976	0.04830785853280278	0.11673383678749955	0.24140987882896056	0.9811207531092045	0.5299638470531595	0.49725731328435974	0.8914712711051298	
0.04793177506982976	0.4227886460311611	0.6457130583821181	0.0	-0.01626385495771926	0.06363427356748175	-0.6742243049908772	-0.8740427467762476	-0.12294546463675105	0.6818461063148281	0.7304341106047472	0.8109507517203991	0.8740427467762476	0.9522476143064613	0.9399184746750306	0.9732676486919781	
0.06417059683902632	0.4374714916816808	0.6580464098083011	0.01626385495771926	0.0	0.07985674973765983	-0.6621238385244861	-0.8660253632033493	-0.10678873516942922	0.6936528609472367	0.7414454387748863	0.8203597071020399	0.8660253632033493	0.9570874565399585	0.945346619568041	0.9694035367977163	
-0.015726502030109724	0.36426459371345155	0.5958145143885396	-0.06363427356748175	-0.07985674973765983	0.0	-0.7198534507914538	-0.9031879618365648	-0.18584779691151376	0.6339160047848849	0.6854925915801606	0.7720738556065905	0.9031879618365648	0.9308884287178161	0.9162888527339609	0.9859102428772736	
0.708848252034036	0.9232418314548637	0.9917005866887031	0.6742243049908772	0.6621238385244861	0.7198534507914538	0.0	-0.3179326238286216	0.5783107540278865	0.9967536554573883	0.999928896691303	0.9934070871860514	0.3179326238286216	0.9091190021799693	0.9243343131691717	0.5639323772468767	
0.8963257387329479	0.9974937387565775	0.9811207531092045	0.8740427467762476	0.8660253632033493	0.9031879618365648	0.3179326238286216	0.0	0.807678824494374	0.9706327351341828	0.9518371873811339	0.9054146436757244	0.0	0.7295172891572316	0.7550557750812305	0.2721163645550392	
0.17037228980844282	0.5309977910479768	0.7346930263753976	0.12294546463675105	0.10678873516942922	0.18584779691151376	-0.5783107540278865	-0.807678824494374	0.0	0.7666073046409814	0.8088623030080844	0.876735579300177	0.807678824494374	0.9825618701077605	0.9747611715588129	0.9376465239396624	
-0.6460005155257027	-0.30864019289522	-0.04830785853280278	-0.6818461063148281	-0.6936528609472367	-0.6339160047848849	-0.9967536554573883	-0.9706327351341828	-0.7666073046409814	0.0	0.0686199602608912	0.19424896257875593	0.9706327351341828	0.4883790694133522	0.4547647138007396	0.868543282386449	
-0.6968579626813325	-0.3731825444585343	-0.11673383678749955	-0.7304341106047472	-0.7414454387748863	-0.6854925915801606	-0.999928896691303	-0.9518371873811339	-0.8088623030080844	-0.0686199602608912	0.0	0.12647818776381758	0.9518371873811339	0.4273479529384259	0.3925790415164335	0.8324870485556878	
-0.7819730820799313	-0.4875268029581596	-0.24140987882896056	-0.8109507517203991	-0.8203597071020399	-0.7720738556065905	-0.9934070871860514	-0.9054146436757244	-0.876735579300177	-0.19424896257875593	-0.12647818776381758	0.0	0.9054146436757244	0.30956877265011556	0.2731020917679191	0.7557271236292544	
-0.8963257387329479	-0.9974937387565775	-0.9811207531092045	-0.8740427467762476	-0.8660253632033493	-0.9031879618365648	-0.3179326238286216	-0.0	-0.807678824494374	-0.9706327351341828	-0.9518371873811339	-0.9054146436757244	0.0	-0.7295172891572316	-0.7550557750812305	-0.2721163645550392	
-0.9365182546913098	-0.7338650294202128	-0.5299638470531595	-0.9522476143064613	-0.9570874565399585	-0.9308884287178161	-0.9091190021799693	-0.7295172891572316	-0.9825618701077605	-0.4883790694133522	-0.4273479529384259	-0.30956877265011556	0.7295172891572316	0.0	-0.038114020096339185	0.5158711280426067	
-0.9224742846494655	-0.7074411256039691	-0.49725731328435974	-0.9399184746750306	-0.945346619568041	-0.9162888527339609	-0.9243343131691717	-0.7550557750812305	-0.9747611715588129	-0.4547647138007396	-0.3925790415164335	-0.2731020917679191	0.7550557750812305	0.038114020096339185	0.0	0.5481472871950627	
-0.9831576624707447	-0.9791062045052529	-0.8914712711051298	-0.9732676486919781	-0.9694035367977163	-0.9859102428772736	-0.5639323772468767	-0.2721163645550392	-0.9376465239396624	-0.868543282386449	-0.8324870485556878	-0.7557271236292544	0.2721163645550392	-0.5158711280426067	-0.5481472871950627	0.0	
