0.0	-0.35614305596055473	-0.5722661602994737	-0.6773085785323659	0.21803421483386748	0.24568658149689088	-0.5722661602994737	-0.9938907994389895	-0.7558145566867827	-0.4076207188761495	-0.5031367024318216	-0.5283699893409027	-0.41402999922596484	0.2873464810009252	0.9938907994389895	0.829758155694238	
0.35614305596055473	0.0	-0.24268198894281415	-0.3708843258529725	0.5513126812311655	0.5748042961639737	-0.24268198894281415	-0.9680295849438283	-0.47305949577907047	-0.05568111213485491	-0.16236549119428156	-0.1913550114810722	-0.06269871929133256	0.6096289175593418	0.9680295849438283	0.9741237807510447	
0.5722661602994737	0.24268198894281415	0.0	-0.13442338774724538	0.7373009522560563	0.7562055042988152	0.0	-0.8782178183671278	-0.2451075765567709	0.1882889176869783	0.08195004495223501	0.05256281688862191	0.18138011472771237	0.7837754510791362	0.8782178183671278	0.9998530369797447	
0.6773085785323659	0.3708843258529725	0.13442338774724538	0.0	0.8214208610104365	0.8372999940017078	0.13442338774724538	-0.8059576572678432	-0.1125600559937896	0.318599053705801	0.2151775118656064	0.186323319704717	0.31192762247516753	0.8601447776817505	0.8059576572678432	0.9884738538841302	
-0.21803421483386748	-0.5513126812311655	-0.7373009522560563	-0.8214208610104365	0.0	0.028424321128545482	-0.7373009522560563	-0.9459149220020886	-0.880396202539935	-0.5969120563370771	-0.679458459191847	-0.7007721522175523	-0.6025374336524942	0.07159425426425453	0.9459149220020886	0.688105175155534	
-0.24568658149689088	-0.5748042961639737	-0.7562055042988152	-0.8372999940017078	-0.028424321128545482	0.0	-0.7562055042988152	-0.9363114522148853	-0.8935203946794749	-0.61947589494918	-0.7000392439453111	-0.7207664923350682	-0.6249791609402686	0.043213946678301696	0.9363114522148853	0.6672021454460433	
0.5722661602994737	0.24268198894281415	0.0	-0.13442338774724538	0.7373009522560563	0.7562055042988152	0.0	-0.8782178183671278	-0.2451075765567709	0.1882889176869783	0.08195004495223501	0.05256281688862191	0.18138011472771237	0.7837754510791362	0.8782178183671278	0.9998530369797447	
0.9938907994389895	0.9680295849438283	0.8782178183671278	0.8059576572678432	0.9459149220020886	0.9363114522148853	0.8782178183671278	0.0	0.734203199488761	0.9525609571126804	0.9144573786573144	0.9021425260540652	0.9503978875899511	0.920261316374184	0.0	0.4631347358377404	
0.7558145566867827	0.47305949577907047	0.2451075765567709	0.1125600559937896	0.880396202539935	0.8935203946794749	0.2451075765567709	-0.734203199488761	0.0	0.4232688357492981	0.3237333736611558	0.2957281794698379	0.4168892681194958	0.9120897437583249	0.734203199488761	0.9651513710636168	
0.4076207188761495	0.05568111213485491	-0.1882889176869783	-0.318599053705801	0.5969120563370771	0.61947589494918	-0.1882889176869783	-0.9525609571126804	-0.4232688357492981	0.0	-0.10717133594274592	-0.13640596918072762	-0.007029889181187188	0.6528208316907629	0.9525609571126804	0.9851973048463244	
0.5031367024318216	0.16236549119428156	-0.08195004495223501	-0.2151775118656064	0.679458459191847	0.7000392439453111	-0.08195004495223501	-0.9144573786573144	-0.3237333736611558	0.10717133594274592	0.0	-0.02945074021013283	0.10017928673724824	0.7302445643809752	0.9144573786573144	0.9978948917794024	
0.5283699893409027	0.1913550114810722	-0.05256281688862191	-0.186323319704717	0.7007721522175523	0.7207664923350682	-0.05256281688862191	-0.9021425260540652	-0.2957281794698379	0.13640596918072762	0.02945074021013283	0.0	0.12943841762521663	0.7500481366435614	0.9021425260540652	0.9993719778778605	
0.41402999922596484	0.06269871929133256	-0.18138011472771237	-0.31192762247516753	0.6025374336524942	0.6249791609402686	-0.18138011472771237	-0.9503978875899511	-0.4168892681194958	0.007029889181187188	-0.10017928673724824	-0.12943841762521663	0.0	0.6581299283834722	0.9503978875899511	0.9863780540640109	
-0.2873464810009252	-0.6096289175593418	-0.7837754510791362	-0.8601447776817505	-0.07159425426425453	-0.043213946678301696	-0.7837754510791362	-0.920261316374184	-0.9120897437583249	-0.6528208316907629	-0.7302445643809752	-0.7500481366435614	-0.6581299283834722	0.0	0.920261316374184	0.634389810646226	
-0.9938907994389895	-0.9680295849438283	-0.8782178183671278	-0.8059576572678432	-0.9459149220020886	-0.9363114522148853	-0.8782178183671278	-0.0	-0.734203199488761	-0.9525609571126804	-0.9144573786573144	-0.9021425260540652	-0.9503978875899511	-0.920261316374184	0.0	-0.4631347358377404	
-0.829758155694238	-0.9741237807510447	-0.9998530369797447	-0.9884738538841302	-0.688105175155534	-0.6672021454460433	-0.9998530369797447	-0.4631347358377404	-0.9651513710636168	-0.9851973048463244	-0.9978948917794024	-0.9993719778778605	-0.9863780540640109	-0.634389810646226	0.4631347358377404	0.0	
