0.0	-0.39620035027312017	-0.29016658565039544	-0.32759638001415836	-0.7946798495009206	-0.06176349806192161	0.36840901305245566	0.6070287397364749	0.965838318497233	0.7946798495009209	0.9947569962836054	0.7306164154987553	0.24927120975184158	0.5088327743789713	0.7879497093641762	0.6944011888191274	
0.39620035027312017	0.0	0.11273374912616846	0.0735499003171769	-0.4891414806212644	0.33873490404675066	0.7065930505111593	0.8722044320650365	0.9894715550208464	0.4891414806212645	0.9538683254811298	0.9413466537384155	0.6125656494462236	0.8082671437462867	0.9674233673355451	0.9226752754060568	
0.29016658565039544	-0.11273374912616846	0.0	-0.03934737730153032	-0.5843501954541727	0.23050640866227595	0.6223160125790608	0.8115015735792319	0.9994795742596285	0.5843501954541728	0.9816331574602408	0.8973047900536336	0.5195537077874053	0.7367351985606558	0.9327161371334431	0.8733257895994779	
0.32759638001415836	-0.0735499003171769	0.03934737730153032	0.0	-0.5519672103530455	0.26861568686423415	0.6526338795468687	0.8338657894833877	0.997436300415612	0.5519672103530456	0.9733663488394508	0.9139782950306504	0.5527712475716435	0.7627706285494819	0.9461829486028823	0.8918170267285062	
0.7946798495009206	0.4891414806212644	0.5843501954541727	0.5519672103530455	0.0	0.7556704360623323	0.9624199692328673	0.9999999999999989	0.7922292876887802	0.0	0.6851155662265219	0.9861031713082853	0.9209095581202038	0.9929885100537572	0.9676240018468413	0.9933636431225865	
0.06176349806192161	-0.33873490404675066	-0.23050640866227595	-0.26861568686423415	-0.7556704360623323	0.0	0.42512494013694	0.6549520172781838	0.9800000791115758	0.7556704360623325	0.999174180147111	0.771392916265818	0.30860915830839547	0.5610313747026282	0.8244755973674555	0.7375197231589778	
-0.36840901305245566	-0.7065930505111593	-0.6223160125790608	-0.6526338795468687	-0.9624199692328673	-0.42512494013694	0.0	0.2715654210984737	0.8024334267237755	0.9624199692328675	0.8871135320969818	0.4276823329913364	-0.1250412873310376	0.15589284940212578	0.5056843101903634	0.38045692438717993	
-0.6070287397364749	-0.8722044320650365	-0.8115015735792319	-0.8338657894833877	-0.9999999999999989	-0.6549520172781838	-0.2715654210984737	0.0	0.6102235670298379	0.9999999999999991	0.7284344228771168	0.16613413596967247	-0.38977628402138204	-0.11821086128049932	0.25239614558024653	0.11501601367115538	
-0.965838318497233	-0.9894715550208464	-0.9994795742596285	-0.997436300415612	-0.7922292876887802	-0.9800000791115758	-0.8024334267237755	-0.6102235670298379	0.0	0.7922292876887804	0.1590134193135107	-0.470127066455133	-0.8707529033162227	-0.6995950970539757	-0.3905113513222339	-0.5150548510805177	
-0.7946798495009209	-0.4891414806212645	-0.5843501954541728	-0.5519672103530456	-0.0	-0.7556704360623325	-0.9624199692328675	-0.9999999999999991	-0.7922292876887804	0.0	-0.685115566226522	-0.9861031713082855	-0.920909558120204	-0.9929885100537574	-0.9676240018468415	-0.9933636431225867	
-0.9947569962836054	-0.9538683254811298	-0.9816331574602408	-0.9733663488394508	-0.6851155662265219	-0.999174180147111	-0.8871135320969818	-0.7284344228771168	-0.1590134193135107	0.685115566226522	0.0	-0.60449041185483	-0.9378640220202912	-0.8043151134049317	-0.5319301031547483	-0.6448010107536811	
-0.7306164154987553	-0.9413466537384155	-0.8973047900536336	-0.9139782950306504	-0.9861031713082853	-0.771392916265818	-0.4276823329913364	-0.16613413596967247	0.470127066455133	0.9861031713082855	0.60449041185483	0.0	-0.5373541435187573	-0.2815373933373779	0.08813326209232711	-0.05161395472149362	
-0.24927120975184158	-0.6125656494462236	-0.5195537077874053	-0.5527712475716435	-0.9209095581202038	-0.30860915830839547	0.1250412873310376	0.38977628402138204	0.8707529033162227	0.920909558120204	0.9378640220202912	0.5373541435187573	0.0	0.27818185949784924	0.6095909106673089	0.49310893582491566	
-0.5088327743789713	-0.8082671437462867	-0.7367351985606558	-0.7627706285494819	-0.9929885100537572	-0.5610313747026282	-0.15589284940212578	0.11821086128049932	0.6995950970539757	0.9929885100537574	0.8043151134049317	0.2815373933373779	-0.27818185949784924	0.0	0.3650101391970392	0.23163595186589891	
-0.7879497093641762	-0.9674233673355451	-0.9327161371334431	-0.9461829486028823	-0.9676240018468413	-0.8244755973674555	-0.5056843101903634	-0.25239614558024653	0.3905113513222339	0.9676240018468415	0.5319301031547483	-0.08813326209232711	-0.6095909106673089	-0.3650101391970392	0.0	-0.1394288992587382	
-0.6944011888191274	-0.9226752754060568	-0.8733257895994779	-0.8918170267285062	-0.9933636431225865	-0.7375197231589778	-0.38045692438717993	-0.11501601367115538	0.5150548510805177	0.9933636431225867	0.6448010107536811	0.05161395472149362	-0.49310893582491566	-0.23163595186589891	0.1394288992587382	0.0	
