0.0	-0.1930657360906763	0.10670440243082319	0.5135370008267108	0.9996287710121936	0.8261489512316025	0.7716976786419826	0.38556349365287873	0.4479624292250004	0.6814377668810653	0.4601213374051356	-0.5985254288283608	-0.8261489512316025	-0.3615452380352569	0.2627689986486798	0.648307902302645	
0.1930657360906763	0.0	0.2966603298565832	0.6695386492501407	0.9860817623151359	0.7018224066006299	0.8799666111771821	0.5564475798004608	0.6121452665760093	0.8099172675190541	0.6228791143361389	-0.4325989698113791	-0.7018224066006299	-0.17473734134741498	0.44410638588911766	0.7831065787881482	
-0.10670440243082319	-0.2966603298565832	0.0	0.419045534564653	0.9910144576714381	0.8815550771485358	0.6994290091294639	0.284908072425649	0.3500055914357463	0.5994528961694593	0.3627562583859428	-0.6805896231952216	-0.8815550771485358	-0.45896743656871364	0.15831411576228727	0.5633641619630149	
-0.5135370008267108	-0.6695386492501407	-0.419045534564653	0.0	0.8437573108743701	0.9982448620393132	0.3355644992616397	-0.14299150676084205	-0.0747469995546747	0.20887412920923937	-0.061131787314310224	-0.9249716353505031	-0.9982448620393132	-0.7890287691308185	-0.2700171562962064	0.16529599738186976	
-0.9996287710121936	-0.9860817623151359	-0.9910144576714381	-0.8437573108743701	0.0	0.5857514972679481	-0.6147281104156382	-0.911833889263246	-0.8815154998151382	-0.7130382193389241	-0.8749901857593411	-0.8171135713159884	-0.5857514972679481	-0.9418589511501541	-0.9573413035284717	-0.7434321128464102	
-0.8261489512316025	-0.7018224066006299	-0.8815550771485358	-0.9982448620393132	-0.5857514972679481	0.0	-0.9602365220473398	-0.9795186307211187	-0.9910256667601711	-0.988595964819782	-0.9927575269848933	-0.32459085142388533	-0.0	-0.5665504401379822	-0.9451747245310936	-0.9943020985659975	
-0.7716976786419826	-0.8799666111771821	-0.6994290091294639	-0.3355644992616397	0.6147281104156382	0.9602365220473398	0.0	-0.4668166736342959	-0.4050387293571074	-0.13139976724880484	-0.39252409120109155	-0.9988658600329506	-0.9602365220473398	-0.9494348449544125	-0.577460941826831	-0.17523679694020258	
-0.38556349365287873	-0.5564475798004608	-0.284908072425649	0.14299150676084205	0.911833889263246	0.9795186307211187	0.4668166736342959	0.0	0.06861259925192642	0.34656519735710356	0.08222047831071837	-0.8611246072756237	-0.9795186307211187	-0.6930729170334502	-0.12956227686390234	0.30462191776010794	
-0.4479624292250004	-0.6121452665760093	-0.3500055914357463	0.0747469995546747	0.8815154998151382	0.9910256667601711	0.4050387293571074	-0.06861259925192642	0.0	0.2813880802119388	0.013646427506979794	-0.8939774932650748	-0.9910256667601711	-0.7409001985877539	-0.19729123097030443	0.23855236685155257	
-0.6814377668810653	-0.8099172675190541	-0.5994528961694593	-0.20887412920923937	0.7130382193389241	0.988595964819782	0.13139976724880484	-0.34656519735710356	-0.2813880802119388	0.0	-0.26826684755377117	-0.9839488236524774	-0.988595964819782	-0.8999479198832071	-0.4651768682634796	-0.04435087089340889	
-0.4601213374051356	-0.6228791143361389	-0.3627562583859428	0.061131787314310224	0.8749901857593411	0.9927575269848933	0.39252409120109155	-0.08222047831071837	-0.013646427506979794	0.26826684755377117	0.0	-0.9000093749673013	-0.9927575269848933	-0.7499963556270396	-0.21065106577521991	0.2252777034460498	
0.5985254288283608	0.4325989698113791	0.6805896231952216	0.9249716353505031	0.8171135713159884	0.32459085142388533	0.9988658600329506	0.8611246072756237	0.8939774932650748	0.9839488236524774	0.9000093749673013	0.0	-0.32459085142388533	0.26840265083409187	0.7879977567560636	0.9750661823409779	
0.8261489512316025	0.7018224066006299	0.8815550771485358	0.9982448620393132	0.5857514972679481	0.0	0.9602365220473398	0.9795186307211187	0.9910256667601711	0.988595964819782	0.9927575269848933	0.32459085142388533	0.0	0.5665504401379822	0.9451747245310936	0.9943020985659975	
0.3615452380352569	0.17473734134741498	0.45896743656871364	0.7890287691308185	0.9418589511501541	0.5665504401379822	0.9494348449544125	0.6930729170334502	0.7409001985877539	0.8999479198832071	0.7499963556270396	-0.26840265083409187	-0.5665504401379822	0.0	0.5938339713113012	0.8797255207018326	
-0.2627689986486798	-0.44410638588911766	-0.15831411576228727	0.2700171562962064	0.9573413035284717	0.9451747245310936	0.577460941826831	0.12956227686390234	0.19729123097030443	0.4651768682634796	0.21065106577521991	-0.7879977567560636	-0.9451747245310936	-0.5938339713113012	0.0	0.4254589631225329	
-0.648307902302645	-0.7831065787881482	-0.5633641619630149	-0.16529599738186976	0.7434321128464102	0.9943020985659975	0.17523679694020258	-0.30462191776010794	-0.23855236685155257	0.04435087089340889	-0.2252777034460498	-0.9750661823409779	-0.9943020985659975	-0.8797255207018326	-0.4254589631225329	0.0	
