0.0	-0.6199830619372164	-0.9214649819403941	-0.9797958877542345	-0.999992603273681	-0.9805731135963608	-0.9278003758498303	-0.9630756757863118	-0.989261864734066	-0.989261864734066	-0.8987499842489678	-0.0	-0.893028546310653	-0.9914128310630616	-0.9892618647340661	-0.6435732096969591	
0.6199830619372164	0.0	-0.4821559153443433	-0.6447660998965975	-0.7869939809961827	-0.8909846853763943	-0.9592677050076812	-0.922562366024957	-0.685576946584445	-0.685576946584445	-0.9770115817398105	-0.6199830619372164	-0.9796761547878734	-0.6968028469874523	-0.86680283356768	-0.9794827815774944	
0.9214649819403941	0.4821559153443433	0.0	-0.196319878652678	-0.3920027181992001	-0.5616638280138757	-0.7041920752351412	-0.6222045465856891	-0.24961438190508548	-0.24961438190508548	-0.7531566051871283	-0.9214649819403941	-0.7615664089736296	-0.26462636133531137	-0.5189657866908008	-0.9552784422434337	
0.9797958877542345	0.6447660998965975	0.196319878652678	0.0	-0.2037670757237081	-0.38830549324133307	-0.5510994473543791	-0.4564064446565547	-0.054651426436801376	-0.054651426436801376	-0.6093527890425633	-0.9797958877542345	-0.6195139165429118	-0.07015543206272132	-0.3410534101715902	-0.8786353152929015	
0.999992603273681	0.7869939809961827	0.3920027181992001	0.2037670757237081	0.0	-0.1923809923239136	-0.3695057369654189	-0.2655246443049365	0.14995773807895432	0.14995773807895432	-0.4350014437257145	-0.999992603273681	-0.44656190561421705	0.13458147959850145	-0.1423479032053215	-0.7629035747712439	
0.9805731135963608	0.8909846853763943	0.5616638280138757	0.38830549324133307	0.1923809923239136	0.0	-0.1838375937997768	-0.07508942842781496	0.3373622007175617	0.3373622007175617	-0.2536501824530982	-0.9805731135963608	-0.2660868484604267	0.3226983516362706	0.05073302780411132	-0.6242760985720942	
0.9278003758498303	0.9592677050076812	0.7041920752351412	0.5510994473543791	0.3695057369654189	0.1838375937997768	0.0	0.10950893255898098	0.5046725130560497	0.5046725130560497	-0.07150175658528812	-0.9278003758498303	-0.08434175658630327	0.4912011094130187	0.2334692231929609	-0.47002170689159417	
0.9630756757863118	0.922562366024957	0.6222045465856891	0.4564064446565547	0.2655246443049365	0.07508942842781496	-0.10950893255898098	0.0	0.4070970658833084	0.4070970658833084	-0.1803003731299046	-0.9630756757863118	-0.1929532491389209	0.39285959461492126	0.12558253058133073	-0.5638534989136529	
0.989261864734066	0.685576946584445	0.24961438190508548	0.054651426436801376	-0.14995773807895432	-0.3373622007175617	-0.5046725130560497	-0.4070970658833084	0.0	0.0	-0.5651090340754477	-0.989261864734066	-0.5756874625144061	-0.015533815081764851	-0.28916896267284653	-0.8512264920942517	
0.989261864734066	0.685576946584445	0.24961438190508548	0.054651426436801376	-0.14995773807895432	-0.3373622007175617	-0.5046725130560497	-0.4070970658833084	0.0	0.0	-0.5651090340754477	-0.989261864734066	-0.5756874625144061	-0.015533815081764851	-0.28916896267284653	-0.8512264920942517	
0.8987499842489678	0.9770115817398105	0.7531566051871283	0.6093527890425633	0.4350014437257145	0.2536501824530982	0.07150175658528812	0.1803003731299046	0.5651090340754477	0.5651090340754477	0.0	-0.8987499842489678	-0.012878893965210414	0.5522252001686577	0.3023974003692651	-0.4057073013536412	
0.0	0.6199830619372164	0.9214649819403941	0.9797958877542345	0.999992603273681	0.9805731135963608	0.9278003758498303	0.9630756757863118	0.989261864734066	0.989261864734066	0.8987499842489678	0.0	0.893028546310653	0.9914128310630616	0.9892618647340661	0.6435732096969591	
0.893028546310653	0.9796761547878734	0.7615664089736296	0.6195139165429118	0.44656190561421705	0.2660868484604267	0.08434175658630327	0.1929532491389209	0.5756874625144061	0.5756874625144061	0.012878893965210414	-0.893028546310653	0.0	0.5629164699151615	0.31464824976429084	-0.393902305016179	
0.9914128310630616	0.6968028469874523	0.26462636133531137	0.07015543206272132	-0.13458147959850145	-0.3226983516362706	-0.4912011094130187	-0.39285959461492126	0.015533815081764851	0.015533815081764851	-0.5522252001686577	-0.9914128310630616	-0.5629164699151615	0.0	-0.27426389183390876	-0.8429716629137476	
0.9892618647340661	0.86680283356768	0.5189657866908008	0.3410534101715902	0.1423479032053215	-0.05073302780411132	-0.2334692231929609	-0.12558253058133073	0.28916896267284653	0.28916896267284653	-0.3023974003692651	-0.9892618647340661	-0.31464824976429084	0.27426389183390876	0.0	-0.6631050208373649	
0.6435732096969591	0.9794827815774944	0.9552784422434337	0.8786353152929015	0.7629035747712439	0.6242760985720942	0.47002170689159417	0.5638534989136529	0.8512264920942517	0.8512264920942517	0.4057073013536412	-0.6435732096969591	0.393902305016179	0.8429716629137476	0.6631050208373649	0.0	
