0.0	0.12636918358069377	0.4207378376711924	-0.1534664190282416	-0.998966409489224	-0.8630154399748188	-0.6808489166930999	-0.8920903751655852	-0.19166312773514688	-0.15694165191167767	-0.77100254268299	-0.9239377548750145	-0.7076721261740456	0.3209178140677276	0.998966408531342	0.6697349620847468	
-0.12636918358069377	0.0	0.3027250176964008	-0.2771083188450221	-0.9852139266790558	-0.9199357612748831	-0.7679465509703594	-0.9420395393065095	-0.3141530146413892	-0.28048669582389135	-0.8452975799653106	-0.9648724318492078	-0.7912839247655821	0.19865996190625076	0.9852139230685739	0.5705241019714763	
-0.4207378376711924	-0.3027250176964008	0.0	-0.554975734338294	-0.8871201822093772	-0.9954596135870816	-0.9258125092904306	-0.9994019157301186	-0.5868110740415022	-0.5578986865828532	-0.9673791832923967	-0.9991301979825279	-0.9392561319727588	-0.10735281936678026	0.8871201724831809	0.2951316744873897	
0.1534664190282416	0.2771083188450221	0.554975734338294	0.0	-0.994108258456866	-0.7752642528333218	-0.56038101618778	-0.8121776728425107	-0.03877139021156929	-0.0035178554791051586	-0.6641368048723213	-0.8542851823281334	-0.5908586309850384	0.46246530467113534	0.9941082607410515	0.7757653862943057	
0.998966409489224	0.9852139266790558	0.8871201822093772	0.994108258456866	0.0	0.5438833428513343	0.7626145178865131	0.4919395136293792	0.989158296739108	0.9937208007449085	0.6712193863108133	0.42414458852517023	0.7379776013256966	0.9315409623502248	2.1073424255447027e-08	0.7113901950537457	
0.8630154399748188	0.9199357612748831	0.9954596135870816	0.7752642528333218	-0.5438833428513343	0.0	0.288143541327318	-0.06070444311106393	0.7501918912711888	0.7730374479633522	0.16010273440237893	-0.13661222713060944	0.2522557117833946	0.9794884769681528	0.5438833605353267	0.9792105148773735	
0.6808489166930999	0.7679465509703594	0.9258125092904306	0.56038101618778	-0.7626145178865131	-0.288143541327318	0.0	-0.34574194202546304	0.5278478495468785	0.5574639379099573	-0.1311142587980607	-0.4162602044699076	-0.037268307086127606	0.8798846795832465	0.7626145315179258	0.9961284377712314	
0.8920903751655852	0.9420395393065095	0.9994019157301186	0.8121776728425107	-0.4919395136293792	0.06070444311106393	0.34574194202546304	0.0	0.7889473787215767	0.8101202946859236	0.21972884795012765	-0.0762249700609024	0.31053179638935285	0.9899140457167406	0.49193953197652157	0.9650909463473563	
0.19166312773514688	0.3141530146413892	0.5868110740415022	0.03877139021156929	-0.989158296739108	-0.7501918912711888	-0.5278478495468785	-0.7889473787215767	0.0	0.03525593987877394	-0.6346515247186302	-0.8334893040919966	-0.5591345758993943	0.49649374403641966	0.9891582998338082	0.7996476724326869	
0.15694165191167767	0.28048669582389135	0.5578986865828532	0.0035178554791051586	-0.9937208007449085	-0.7730374479633522	-0.5574639379099573	-0.8101202946859236	-0.03525593987877394	0.0	-0.6615027077301021	-0.8524512988136659	-0.5880168567039179	0.46558150524914454	0.9937208031027763	0.777980428363547	
0.77100254268299	0.8452975799653106	0.9673791832923967	0.6641368048723213	-0.6712193863108133	-0.16010273440237893	0.1311142587980607	-0.21972884795012765	0.6346515247186302	0.6615027077301021	0.0	-0.2934516854759403	0.09407659349972192	0.9345926949410621	0.6712194019316736	0.9990553536008273	
0.9239377548750145	0.9648724318492078	0.9991301979825279	0.8542851823281334	-0.42414458852517023	0.13661222713060944	0.4162602044699076	0.0762249700609024	0.8334893040919966	0.8524512988136659	0.2934516854759403	0.0	0.3820849847646523	0.9978327700085527	0.4241446076091471	0.9423186912297937	
0.7076721261740456	0.7912839247655821	0.9392561319727588	0.5908586309850384	-0.7379776013256966	-0.2522557117833946	0.037268307086127606	-0.31053179638935285	0.5591345758993943	0.5880168567039179	-0.09407659349972192	-0.3820849847646523	0.0	0.8969828450499602	0.7379776155465746	0.9987126726577618	
-0.3209178140677276	-0.19865996190625076	0.10735281936678026	-0.46246530467113534	-0.9315409623502248	-0.9794884769681528	-0.8798846795832465	-0.9899140457167406	-0.49649374403641966	-0.46558150524914454	-0.9345926949410621	-0.9978327700085527	-0.8969828450499602	0.0	0.9315409546871608	0.395997063561346	
-0.998966408531342	-0.9852139230685739	-0.8871201724831809	-0.9941082607410515	-2.1073424255447027e-08	-0.5438833605353267	-0.7626145315179258	-0.49193953197652157	-0.9891582998338082	-0.9937208031027763	-0.6712194019316736	-0.4241446076091471	-0.7379776155465746	-0.9315409546871608	0.0	-0.711390180243401	
-0.6697349620847468	-0.5705241019714763	-0.2951316744873897	-0.7757653862943057	-0.7113901950537457	-0.9792105148773735	-0.9961284377712314	-0.9650909463473563	-0.7996476724326869	-0.777980428363547	-0.9990553536008273	-0.9423186912297937	-0.9987126726577618	-0.395997063561346	0.711390180243401	0.0	
