0.0	0.9169375170841686	0.8791337061996991	0.884319579858787	0.8345787717013272	0.4362232239464701	0.9552999736600066	0.9926326004779327	0.9999673757778901	0.6213641753930238	2.980232238769532e-08	0.559609916491391	0.7270436304117394	0.9689713894820995	0.9896096298669202	0.9871274840465621	
-0.9169375170841686	0.0	-0.08618824819174642	-0.07523093823922261	-0.1721077994005608	-0.6510291583893825	0.11011234483128429	0.28499191199990526	0.4064244357397158	0.9663840740223091	0.9169375289762128	0.9832191982313124	0.9196740969430874	0.6132915537635443	0.5267223050110018	0.5405450455713368	
-0.8791337061996991	0.08618824819174642	0.0	0.01099300845123602	-0.08656520620329955	-0.5831851695488436	0.19536675258626152	0.36654543467193984	0.4836609349996341	0.9849472679946294	0.8791337204027464	0.9952836688621839	0.9500964874639598	0.679085773727092	0.5980255386190593	0.6110450793360689	
-0.884319579858787	0.07523093823922261	-0.01099300845123602	0.0	-0.09751171825864785	-0.5920799828650183	0.18457377158587657	0.3562953894422382	0.4740100192739493	0.9829875552381314	0.8843195937729567	0.9941571267074145	0.9466097409042664	0.670975223992658	0.5891787590205547	0.6023061376495561	
-0.8345787717013272	0.1721077994005608	0.08656520620329955	0.09751171825864785	0.0	-0.5106756867344231	0.2795304990328539	0.44570977272565016	0.557612030656621	0.9962131959081468	0.8345787881190869	0.9999450179972877	0.9735345548182073	0.7400805753030973	0.6651606883152402	0.6772759840431142	
-0.4362232239464701	0.6510291583893825	0.5831851695488436	0.5920799828650183	0.5106756867344231	0.0	0.7306514211026482	0.8403548145577171	0.9033327585422494	0.9009178456640026	0.43622325076374646	0.8650812151090737	0.9537288921810079	0.979740309739482	0.9532091447867699	0.958022832812769	
-0.9552999736600066	-0.11011234483128429	-0.19536675258626152	-0.18457377158587657	-0.2795304990328539	-0.7306514211026482	0.0	0.17771294095415008	0.30334509720983743	0.9321974487753637	0.9552999824707117	0.9571528023715024	0.8708425020992331	0.522589254401651	0.4299197709179309	0.4446188952732632	
-0.9926326004779327	-0.28499191199990526	-0.36654543467193984	-0.3562953894422382	-0.44570977272565016	-0.8403548145577171	-0.17771294095415008	0.0	0.12917731904163027	0.8530358475799201	0.9926326040888767	0.8904544904014855	0.7696237998271795	0.362755558262557	0.2626253003250217	0.27836060848126876	
-0.9999673757778901	-0.4064244357397158	-0.4836609349996341	-0.4740100192739493	-0.557612030656621	-0.9033327585422494	-0.30334509720983743	-0.12917731904163027	0.0	0.7784772122647566	0.9999673755371586	0.8242088068647223	0.6806961046022302	0.23933789521815452	0.13578197354188118	0.15195657000271948	
-0.6213641753930238	-0.9663840740223091	-0.9849472679946294	-0.9829875552381314	-0.9962131959081468	-0.9009178456640026	-0.9321974487753637	-0.8530358475799201	-0.7784772122647566	0.0	0.6213641520422514	0.0764927533998116	-0.14303139115624447	-0.6056259102200124	-0.6860408734159	-0.674057873728986	
-2.980232238769532e-08	-0.9169375289762128	-0.8791337204027464	-0.8843195937729567	-0.8345787881190869	-0.43622325076374646	-0.9552999824707117	-0.9926326040888767	-0.9999673755371586	-0.6213641520422514	0.0	-0.559609891792533	-0.7270436099497248	-0.9689713821157722	-0.9896096255819321	-0.9871274792801153	
-0.559609916491391	-0.9832191982313124	-0.9952836688621839	-0.9941571267074145	-0.9999450179972877	-0.8650812151090737	-0.9571528023715024	-0.8904544904014855	-0.8242088068647223	-0.0764927533998116	0.559609891792533	0.0	-0.21831859538213316	-0.6647205792466548	-0.7396841650401368	-0.7285865319686973	
-0.7270436304117394	-0.9196740969430874	-0.9500964874639598	-0.9466097409042664	-0.9735345548182073	-0.9537288921810079	-0.8708425020992331	-0.7696237998271795	-0.6806961046022302	0.14303139115624447	0.7270436099497248	0.21831859538213316	0.0	-0.4855817997854527	-0.5749227575466456	-0.5614730944395439	
-0.9689713894820995	-0.6132915537635443	-0.679085773727092	-0.670975223992658	-0.7400805753030973	-0.979740309739482	-0.522589254401651	-0.362755558262557	-0.23933789521815452	0.6056259102200124	0.9689713821157722	0.6647205792466548	0.4855817997854527	0.0	-0.10528567319365462	-0.08901834972164074	
-0.9896096298669202	-0.5267223050110018	-0.5980255386190593	-0.5891787590205547	-0.6651606883152402	-0.9532091447867699	-0.4299197709179309	-0.2626253003250217	-0.13578197354188118	0.6860408734159	0.9896096255819321	0.7396841650401368	0.5749227575466456	0.10528567319365462	0.0	0.01634410028852193	
-0.9871274840465621	-0.5405450455713368	-0.6110450793360689	-0.6023061376495561	-0.6772759840431142	-0.958022832812769	-0.4446188952732632	-0.27836060848126876	-0.15195657000271948	0.674057873728986	0.9871274792801153	0.7285865319686973	0.5614730944395439	0.08901834972164074	-0.01634410028852193	0.0	
