0.0	0.6155716149650465	0.8229925857682245	0.9582351806020014	0.8524189348455232	0.007793457982964602	-0.09096606688397646	-0.543359633002743	-0.958235176340547	0.0923546384291273	0.37602483657668234	0.027198359333041933	0.2626127337633481	0.6500679215623222	0.7669496756189893	0.5382649960157062	
-0.6155716149650465	0.0	0.2989080234961491	0.9312089013787063	0.34991771606225985	-0.6094110446043883	-0.684708075110946	-0.9449837693120258	-0.9312089068099695	-0.5401578398374781	-0.27405654726427897	-0.5939093791448601	-0.387005768930278	0.04454798436383012	0.20940166207818223	-0.09459237666244968	
-0.8229925857682245	-0.2989080234961491	0.0	0.7796880591790805	0.053908962232943336	-0.8185405016525646	-0.871253919017833	-0.9995588927562922	-0.7796880685097126	-0.7670130140604131	-0.5489911148445795	-0.807238039254332	-0.6449289116357563	-0.25609994499022504	-0.09245292495436003	-0.3878355416910586	
-0.9582351806020014	-0.9312089013787063	-0.7796880591790805	0.0	-0.7447982051790685	-0.9604348632403533	-0.9282477309163484	-0.6490477407301084	-1.4901161193847656e-08	-0.9805515587870987	-0.9954459970631062	-0.9656589112441059	-0.99970473494898	-0.9140473269697602	-0.8342397746771149	-0.9615110319190443	
-0.8524189348455232	-0.34991771606225985	-0.053908962232943336	0.7447982051790685	0.0	-0.8483181645275313	-0.8964472634663756	-0.9997064213843913	-0.7447982151224607	-0.8004873562234959	-0.5932514320446565	-0.8378826697088254	-0.6851906148432577	-0.3078386533925172	-0.14599655815647822	-0.4369610041497162	
-0.007793457982964602	0.6094110446043883	0.8185405016525646	0.9604348632403533	0.8483181645275313	0.0	-0.0987244505429985	-0.549885739718515	-0.9604348590903097	0.08459168354143412	0.36879192404318456	0.019406958492228177	0.2550848404839609	0.644126116845037	0.7619252652830106	0.5316805125939164	
0.09096606688397646	0.684708075110946	0.871253919017833	0.9282477309163484	0.8964472634663756	0.0987244505429985	0.0	-0.4647408436125383	-0.9282477253736742	0.1825490294891459	0.45875586428850756	0.11801800928644246	0.34929721720182144	0.7164956759160649	0.8221434812756266	0.6126973314146752	
0.543359633002743	0.9449837693120258	0.9995588927562922	0.6490477407301084	0.9997064213843913	0.549885739718515	0.4647408436125383	0.0	-0.6490477293940845	0.6185691326515659	0.8191551073961095	0.5659916440923976	0.7447518248919844	0.9586180454817786	0.99253209574453	0.9098037503298642	
0.958235176340547	0.9312089068099695	0.7796880685097126	1.4901161193847656e-08	0.7447982151224607	0.9604348590903097	0.9282477253736742	0.6490477293940845	0.0	0.9805515558625718	0.9954459984835914	0.9656589073725883	0.9997047345868961	0.9140473330137836	0.8342397828936425	0.9615110360133815	
-0.0923546384291273	0.5401578398374781	0.7670130140604131	0.9805515587870987	0.8004873562234959	-0.08459168354143412	-0.1825490294891459	-0.6185691326515659	-0.9805515558625718	0.0	0.28884108005673714	-0.06523835402711334	0.1723772613035574	0.577111563644115	0.7044072278393119	0.4581303067055382	
-0.37602483657668234	0.27405654726427897	0.5489911148445795	0.9954459970631062	0.5932514320446565	-0.36879192404318456	-0.45875586428850756	-0.8191551073961095	-0.9954459984835914	-0.28884108005673714	0.0	-0.3506834680746218	-0.11948738399447001	0.3166268779659913	0.4693650564180726	0.18185692878601006	
-0.027198359333041933	0.5939093791448601	0.807238039254332	0.9656589112441059	0.8378826697088254	-0.019406958492228177	-0.11801800928644246	-0.5659916440923976	-0.9656589073725883	0.06523835402711334	0.3506834680746218	0.0	0.23627184906155424	0.6291600495668566	0.7492125629583359	0.515143753284454	
-0.2626127337633481	0.387005768930278	0.6449289116357563	0.99970473494898	0.6851906148432577	-0.2550848404839609	-0.34929721720182144	-0.7447518248919844	-0.9997047345868961	-0.1723772613035574	0.11948738399447001	-0.23627184906155424	0.0	0.4276982521579004	0.571510257009935	0.29804898663696666	
-0.6500679215623222	-0.04454798436383012	0.25609994499022504	0.9140473269697602	0.3078386533925172	-0.644126116845037	-0.7164956759160649	-0.9586180454817786	-0.9140473330137836	-0.577111563644115	-0.3166268779659913	-0.6291600495668566	-0.4276982521579004	0.0	0.1656334350103681	-0.13884670482013195	
-0.7669496756189893	-0.20940166207818223	0.09245292495436003	0.8342397746771149	0.14599655815647822	-0.7619252652830106	-0.8221434812756266	-0.99253209574453	-0.8342397828936425	-0.7044072278393119	-0.4693650564180726	-0.7492125629583359	-0.571510257009935	-0.1656334350103681	0.0	-0.300957959882555	
-0.5382649960157062	0.09459237666244968	0.3878355416910586	0.9615110319190443	0.4369610041497162	-0.5316805125939164	-0.6126973314146752	-0.9098037503298642	-0.9615110360133815	-0.4581303067055382	-0.18185692878601006	-0.515143753284454	-0.29804898663696666	0.13884670482013195	0.300957959882555	0.0	
