0.0	0.658324149672179	0.8934599782938284	0.7190202827089544	0.2552893161646129	-0.6155248356409603	-0.8863127121109069	-0.6241202049858111	-0.4092209405912761	0.5348618154492288	0.779257594297107	0.9056158252109028	0.8863127121109069	0.8834219764929597	0.741689415784199	0.992058674635263	
-0.658324149672179	0.0	0.3768566403722724	0.0837033136125703	-0.4443452968234137	-0.9821635906356413	-0.9720197095802218	-0.98416415915887	-0.9087129528811593	-0.15363513697446213	0.17399990103439916	0.40249370194972844	0.9720197095802218	0.35650584787857775	0.11672862570010584	0.6639555112745974	
-0.8934599782938284	-0.3768566403722724	0.0	-0.2980021429192607	-0.7491935599098777	-0.9806099913947038	-0.8118308858690664	-0.9784047037633099	-0.9990230901339598	-0.514690328690979	-0.20993677846830638	0.027835340477161907	0.8118308858690664	-0.021873314220848483	-0.2661579802823182	0.33320025951574944	
-0.7190202827089544	-0.0837033136125703	0.2980021429192607	0.0	-0.5177720471062272	-0.9944555042942034	-0.948946770054698	-0.9955476538828532	-0.9404635936006009	-0.23580554651784263	0.0909628110444915	0.32445732097280106	0.948946770054698	0.2770513414542771	0.03318788728848643	0.5990345048926721	
-0.2552893161646129	0.4443452968234137	0.7491935599098777	0.5177720471062272	0.0	-0.7963272158119552	-0.9751657028201474	-0.8029045770028462	-0.6285962756347485	0.3014349742251552	0.5934458928510726	0.7673400327850335	0.9751657028201474	0.7345265014499194	0.5458796776909676	0.9270772688317476	
0.6155248356409603	0.9821635906356413	0.9806099913947038	0.9944555042942034	0.7963272158119552	0.0	-0.4134768622862585	-0.010953052855071477	0.23911242306840957	0.9416152269350528	0.9998982669661808	0.9747751486954004	0.4134768622862585	0.9846618833306517	0.9973976678834813	0.8592770040905957	
0.8863127121109069	0.9720197095802218	0.8118308858690664	0.948946770054698	0.9751657028201474	0.4134768622862585	0.0	0.403479144438588	0.6191980381909425	0.9965683345697889	0.9163197440112402	0.7952634687499096	0.0	0.8244083228316476	0.9379553613695066	0.5708865079214918	
0.6241202049858111	0.98416415915887	0.9784047037633099	0.9955476538828532	0.8029045770028462	0.010953052855071477	-0.403479144438588	0.0	0.2497334050408201	0.9452465360099175	0.9999945186368984	0.9722720724919829	0.403479144438588	0.982691800298059	0.998127513277213	0.8536228571295027	
0.4092209405912761	0.9087129528811593	0.9990230901339598	0.9404635936006009	0.6285962756347485	-0.23911242306840957	-0.6191980381909425	-0.2497334050408201	0.0	0.8337937704915436	0.9674824578771228	0.9998660686185548	0.6191980381909425	0.9978174655008039	0.9512258990451269	0.9566595257643818	
-0.5348618154492288	0.15363513697446213	0.514690328690979	0.23580554651784263	-0.3014349742251552	-0.9416152269350528	-0.9965683345697889	-0.9452465360099175	-0.8337937704915436	0.0	0.32322564848856133	0.5383562545301045	0.9965683345697889	0.4958135312852897	0.2679276458735391	0.7709568618360423	
-0.779257594297107	-0.17399990103439916	0.20993677846830638	-0.0909628110444915	-0.5934458928510726	-0.9998982669661808	-0.9163197440112402	-0.9999945186368984	-0.9674824578771228	-0.32322564848856133	0.0	0.23707046143896748	0.9163197440112402	0.18850068458086644	-0.05786240245782959	0.5237150473683523	
-0.9056158252109028	-0.40249370194972844	-0.027835340477161907	-0.32445732097280106	-0.7673400327850335	-0.9747751486954004	-0.7952634687499096	-0.9722720724919829	-0.9998660686185548	-0.5383562545301045	-0.23707046143896748	0.0	0.7952634687499096	-0.049693519673579045	-0.2928861535199521	0.3068264316926052	
-0.8863127121109069	-0.9720197095802218	-0.8118308858690664	-0.948946770054698	-0.9751657028201474	-0.4134768622862585	-0.0	-0.403479144438588	-0.6191980381909425	-0.9965683345697889	-0.9163197440112402	-0.7952634687499096	0.0	-0.8244083228316476	-0.9379553613695066	-0.5708865079214918	
-0.8834219764929597	-0.35650584787857775	0.021873314220848483	-0.2770513414542771	-0.7345265014499194	-0.9846618833306517	-0.8244083228316476	-0.982691800298059	-0.9978174655008039	-0.4958135312852897	-0.18850068458086644	0.049693519673579045	0.8244083228316476	0.0	-0.2450099709812224	0.35374392879772176	
-0.741689415784199	-0.11672862570010584	0.2661579802823182	-0.03318788728848643	-0.5458796776909676	-0.9973976678834813	-0.9379553613695066	-0.998127513277213	-0.9512258990451269	-0.2679276458735391	0.05786240245782959	0.2928861535199521	0.9379553613695066	0.2450099709812224	0.0	0.5721302032554464	
-0.992058674635263	-0.6639555112745974	-0.33320025951574944	-0.5990345048926721	-0.9270772688317476	-0.8592770040905957	-0.5708865079214918	-0.8536228571295027	-0.9566595257643818	-0.7709568618360423	-0.5237150473683523	-0.3068264316926052	0.5708865079214918	-0.35374392879772176	-0.5721302032554464	0.0	
