0.0	-0.9982758033874828	-0.5991864352150753	-0.3308819259620964	-0.9982607106695651	-0.9325228606830747	-0.6605686812557383	-0.9954757452477597	-0.28523772246906803	-0.8780104589669336	0.28523772246906803	-0.2255251744764073	-0.7762707392916323	-0.9067973898583821	-0.8882365074080197	-0.5811288568336905	
0.9982758033874828	0.0	0.764058251883395	0.922623077461269	-0.11744778844668172	0.3057513681396822	0.7106972887865981	0.036420035741610846	-0.9735470334264724	-0.5293533715634836	0.9735470334264724	0.9593197540298244	0.5837474238445064	0.3676129252507803	0.4064569306372844	0.7782974575490703	
0.5991864352150753	-0.764058251883395	0.0	0.3005283368411166	-0.8345413686020743	-0.5302139074602169	-0.07900900392103738	-0.7400550667590841	-0.8026583528869933	-0.9897390007221389	0.8026583528869933	0.403192195700412	-0.24376282112245884	-0.4733935738840984	-0.435872483631936	0.02236754670269353	
0.3308819259620964	-0.922623077461269	-0.3005283368411166	0.0	-0.9615375992993744	-0.7605107800816001	-0.374945501648773	-0.9079636719361869	-0.5863069311719136	-0.9869278324181627	0.5863069311719136	0.10953569838656818	-0.5239572318355324	-0.7162306482068677	-0.6862013940674853	-0.2791195896191179	
0.9982607106695651	0.11744778844668172	0.8345413686020743	0.9615375992993744	0.0	0.4154586581214852	0.7884028728683685	0.15353784492580738	-0.9399739136106989	-0.4260468748319298	0.9399739136106989	0.9858384316828679	0.67506734857986	0.47429266182110585	0.5109523802103385	0.8466558733116476	
0.9325228606830747	-0.3057513681396822	0.5302139074602169	0.7605107800816001	-0.4154586581214852	0.0	0.4615675239360346	-0.27087259275026926	-0.9967853424211488	-0.763403276776503	0.9967853424211488	0.8270589829883939	0.3075422403035727	0.06566613543250768	0.10763643871374118	0.5490458916000859	
0.6605686812557383	-0.7106972887865981	0.07900900392103738	0.374945501648773	-0.7884028728683685	-0.4615675239360346	0.0	-0.6846043707562508	-0.847273221648034	-0.9753556161353859	0.847273221648034	0.47423412764497874	-0.16637510721980664	-0.402318537465094	-0.3634011339619928	0.10128686063251946	
0.9954757452477597	-0.036420035741610846	0.7400550667590841	0.9079636719361869	-0.15353784492580738	0.27087259275026926	0.6846043707562508	0.0	-0.981222647445994	-0.5599009937504265	0.981222647445994	0.9484011421953539	0.5537894355867885	0.33349917552640773	0.3729113831340328	0.7549131264971842	
0.28523772246906803	0.9735470334264724	0.8026583528869933	0.5863069311719136	0.9399739136106989	0.9967853424211488	0.847273221648034	0.981222647445994	0.0	0.705008500827506	0.0	0.49404537770020807	0.9238357354933959	0.9893728556905187	0.9823706661196753	0.7891166610776306	
0.8780104589669336	0.5293533715634836	0.9897390007221389	0.9869278324181627	0.4260468748319298	0.763403276776503	0.9753556161353859	0.5599009937504265	-0.705008500827506	0.0	0.705008500827506	0.9633362701470035	0.925052849610281	0.8041707974329351	0.8284929108316921	0.9926874158729404	
-0.28523772246906803	-0.9735470334264724	-0.8026583528869933	-0.5863069311719136	-0.9399739136106989	-0.9967853424211488	-0.847273221648034	-0.981222647445994	-0.0	-0.705008500827506	0.0	-0.49404537770020807	-0.9238357354933959	-0.9893728556905187	-0.9823706661196753	-0.7891166610776306	
0.2255251744764073	-0.9593197540298244	-0.403192195700412	-0.10953569838656818	-0.9858384316828679	-0.8270589829883939	-0.47423412764497874	-0.9484011421953539	-0.49404537770020807	-0.9633362701470035	0.49404537770020807	0.0	-0.6141009458356665	-0.7883619709265742	-0.7617499643159119	-0.3826224384011952	
0.7762707392916323	-0.5837474238445064	0.24376282112245884	0.5239572318355324	-0.67506734857986	-0.3075422403035727	0.16637510721980664	-0.5537894355867885	-0.9238357354933959	-0.925052849610281	0.9238357354933959	0.6141009458356665	0.0	-0.2443948678243897	-0.20333574172514704	0.2653946622396585	
0.9067973898583821	-0.3676129252507803	0.4733935738840984	0.7162306482068677	-0.47429266182110585	-0.06566613543250768	0.402318537465094	-0.33349917552640773	-0.9893728556905187	-0.8041707974329351	0.9893728556905187	0.7883619709265742	0.2443948678243897	0.0	0.042119485262751444	0.4929776143633692	
0.8882365074080197	-0.4064569306372844	0.435872483631936	0.6862013940674853	-0.5109523802103385	-0.10763643871374118	0.3634011339619928	-0.3729113831340328	-0.9823706661196753	-0.8284929108316921	0.9823706661196753	0.7617499643159119	0.20333574172514704	-0.042119485262751444	0.0	0.455894415571546	
0.5811288568336905	-0.7782974575490703	-0.02236754670269353	0.2791195896191179	-0.8466558733116476	-0.5490458916000859	-0.10128686063251946	-0.7549131264971842	-0.7891166610776306	-0.9926874158729404	0.7891166610776306	0.3826224384011952	-0.2653946622396585	-0.4929776143633692	-0.455894415571546	0.0	
