0.0	-0.04467127326966697	-0.22986487635259611	-0.29308539912147547	-0.77308147896411	-0.8831652204128718	-0.996415438949324	-0.9935643573325744	-0.4135161400811595	0.19558208273523137	0.5907591738899818	0.5008188619815797	0.42569763566107544	0.8831652064337332	-0.12255946875656432	-0.7648071163162972	
0.04467127326966697	0.0	-0.18616032089652804	-0.2500832329351746	-0.7439744537217381	-0.9032371906458407	-0.9916418021463175	-0.9875126514424137	-0.37243029277835515	0.23919539297696396	0.6262123676997955	0.5389842299041662	0.46569417170050376	0.9032371778564215	-0.07810261839719607	-0.7352637560198052	
0.22986487635259611	0.18616032089652804	0.0	-0.06546666911207852	-0.6065754931036539	-0.9673371978295843	-0.9502886143205798	-0.9409226747201549	-0.1931520020476863	0.4157704669629384	0.7604061536996413	0.6863682420759455	0.6222953299022693	0.9673371902749008	0.10885432529738129	-0.5962349451259845	
0.29308539912147547	0.2500832329351746	0.06546666911207852	0.0	-0.5532265439218517	-0.9818573721923	-0.9278656285082774	-0.9167357448578561	-0.12850378781119678	0.47441848223387706	0.8012920834715636	0.7325067236127851	0.6722065212050997	0.981857366541155	0.17369845361791872	-0.542398579645246	
0.77308147896411	0.7439744537217381	0.6065754931036539	0.5532265439218517	0.0	-0.9228208148067599	-0.566634377777383	-0.542658386803571	0.441592133512565	0.8822102465140456	0.9984817182580139	0.9868150851721841	0.9695576125656811	0.9228208262874921	0.6895130543778907	0.012942649472453549	
0.8831652204128718	0.9032371906458407	0.9673371978295843	0.9818573721923	0.9228208148067599	0.0	0.5420918021157681	0.566078567284689	0.9980838194255562	0.7743688164201046	0.4354773380820702	0.5295104113306631	0.599467114673947	2.980232238769532e-08	0.9339951830626378	0.9277294096918548	
0.996415438949324	0.9916418021463175	0.9502886143205798	0.9278656285082774	0.566634377777383	-0.5420918021157681	0.0	0.028812650824804553	0.8722517595297211	0.9937172202083842	0.8539308735633948	0.9048161429928926	0.937633715114299	0.5420918271592337	0.9785357451228724	0.5772512631227831	
0.9935643573325744	0.9875126514424137	0.9409226747201549	0.9167357448578561	0.542658386803571	-0.566078567284689	-0.028812650824804553	0.0	0.8577985941647426	0.9965293698892534	0.8685700598034549	0.9167089879466213	0.9472604297454521	0.5660785918522716	0.9721918566144065	0.553484157626853	
0.4135161400811595	0.37243029277835515	0.1931520020476863	0.12850378781119678	-0.441592133512565	-0.9980838194255562	-0.8722517595297211	-0.8577985941647426	0.0	0.5836068995922277	0.8715289764394089	0.8139137359792502	0.7617728075524542	0.998083817581495	0.2988087100483525	-0.4299427949209276	
-0.19558208273523137	-0.23919539297696396	-0.4157704669629384	-0.47441848223387706	-0.8822102465140456	-0.7743688164201046	-0.9937172202083842	-0.9965293698892534	-0.5836068995922277	0.0	0.4215450392559322	0.32186022925881563	0.24050080613590918	0.7743687975631467	-0.3143001417111922	-0.8760422327909276	
-0.5907591738899818	-0.6262123676997955	-0.7604061536996413	-0.8012920834715636	-0.9984817182580139	-0.4354773380820702	-0.8539308735633948	-0.8685700598034549	-0.8715289764394089	-0.4215450392559322	0.0	-0.10724818652000045	-0.1910843184637439	0.43547731125402844	-0.6851923966064593	-0.9976851516081326	
-0.5008188619815797	-0.5389842299041662	-0.6863682420759455	-0.7325067236127851	-0.9868150851721841	-0.5295104113306631	-0.9048161429928926	-0.9167089879466213	-0.8139137359792502	-0.32186022925881563	0.10724818652000045	0.0	-0.08471020628510029	0.5295103860492503	-0.6031248820491937	-0.9846376395250813	
-0.42569763566107544	-0.46569417170050376	-0.6222953299022693	-0.6722065212050997	-0.9695576125656811	-0.599467114673947	-0.937633715114299	-0.9472604297454521	-0.7617728075524542	-0.24050080613590918	0.1910843184637439	0.08471020628510029	0.0	0.5994670908201861	-0.5333882057083801	-0.9663072229455993	
-0.8831652064337332	-0.9032371778564215	-0.9673371902749008	-0.981857366541155	-0.9228208262874921	-2.980232238769532e-08	-0.5420918271592337	-0.5660785918522716	-0.998083817581495	-0.7743687975631467	-0.43547731125402844	-0.5295103860492503	-0.5994670908201861	0.0	-0.9339951724146967	-0.927729420815674	
0.12255946875656432	0.07810261839719607	-0.10885432529738129	-0.17369845361791872	-0.6895130543778907	-0.9339951830626378	-0.9785357451228724	-0.9721918566144065	-0.2988087100483525	0.3143001417111922	0.6851923966064593	0.6031248820491937	0.5333882057083801	0.9339951724146967	0.0	-0.6800812861822016	
0.7648071163162972	0.7352637560198052	0.5962349451259845	0.542398579645246	-0.012942649472453549	-0.9277294096918548	-0.5772512631227831	-0.553484157626853	0.4299427949209276	0.8760422327909276	0.9976851516081326	0.9846376395250813	0.9663072229455993	0.927729420815674	0.6800812861822016	0.0	
