0.0	-0.7401210650911435	-0.6005940773508738	-0.32157073870450725	-0.27883400611354003	-0.03529357368378075	0.18275819447753333	-0.09123944313182403	-0.9827036333693737	-0.3377080834043668	0.9827036333693737	0.8990883201325522	-0.31084674695908654	-0.6359954311733484	-0.2207310877211494	0.010041048353573306	
0.7401210650911435	0.0	0.18788313902561532	0.48456209956382684	0.5232588339079556	0.7159259623135722	0.8505559368188204	0.6756778864989282	-0.5237828097438303	0.46953982888401874	0.5237828097438303	0.9286139902046788	0.4944192556060819	0.1434559448001098	0.5734299206618565	0.7468360940955207	
0.6005940773508738	-0.18788313902561532	0.0	0.3115806564318657	0.3538312319197316	0.5720007784455934	0.7366038707504746	0.5251381188586939	-0.674503564708272	0.2952938320933123	0.674503564708272	0.9817901864749381	0.3223018845454568	-0.04503861432855388	0.40929380174634	0.6085921611945171	
0.32157073870450725	-0.48456209956382684	-0.3115806564318657	0.0	0.04479312896895837	0.2879514209845417	0.4892059048424356	0.23383615076468187	-0.8709577274430483	-0.017092160871162665	0.8709577274430483	0.9921068937657898	0.011303843790568868	-0.35406105792863	0.10463202242162406	0.33106225116203214	
0.27883400611354003	-0.5232588339079556	-0.3538312319197316	-0.04479312896895837	0.0	0.24476648279164456	0.44964773293582944	0.19005016064221153	-0.8920929934171505	-0.06186159071181724	0.8920929934171505	0.9854942649211731	-0.03349776917175262	-0.39559721470848846	0.05997974186810218	0.2884627628498257	
0.03529357368378075	-0.7159259623135722	-0.5720007784455934	-0.2879514209845417	-0.24476648279164456	0.0	0.21734348942020962	-0.05603623624244103	-0.9755555484562365	-0.3042775792584995	0.9755555484562365	0.913978548900734	-0.27710795394677457	-0.6083634007582088	-0.18617052227118194	0.04532658710059159	
-0.18275819447753333	-0.8505559368188204	-0.7366038707504746	-0.4892059048424356	-0.44964773293582944	-0.21734348942020962	0.0	-0.27169868565758537	-0.999996951576363	-0.5040416821097811	0.999996951576363	0.8039402204064325	-0.47931579476484126	-0.766317114839893	-0.39526392080899597	-0.1728770452206725	
0.09123944313182403	-0.6756778864989282	-0.5251381188586939	-0.23383615076468187	-0.19005016064221153	0.05603623624244103	0.27169868565758537	0.0	-0.9617085629703457	-0.2504202896992972	0.9617085629703457	0.9352798507207547	-0.22283075463461283	-0.5629338602723909	-0.13082141931441765	0.10123401048796113	
0.9827036333693737	0.5237828097438303	0.674503564708272	0.8709577274430483	0.8920929934171505	0.9755555484562365	0.999996951576363	0.9617085629703457	0.0	0.8624321273386498	0.0	0.5966933741988503	0.8764563150677981	0.6405683805923507	0.9175888214421805	0.9845135465640602	
0.3377080834043668	-0.46953982888401874	-0.2952938320933123	0.017092160871162665	0.06186159071181724	0.3042775792584995	0.5040416821097811	0.2504202896992972	-0.8624321273386498	0.0	0.8624321273386498	0.9941052370270743	0.02839326135114456	-0.3380243659487455	0.12161507969561369	0.3471422044288319	
-0.9827036333693737	-0.5237828097438303	-0.674503564708272	-0.8709577274430483	-0.8920929934171505	-0.9755555484562365	-0.999996951576363	-0.9617085629703457	-0.0	-0.8624321273386498	0.0	-0.5966933741988503	-0.8764563150677981	-0.6405683805923507	-0.9175888214421805	-0.9845135465640602	
-0.8990883201325522	-0.9286139902046788	-0.9817901864749381	-0.9921068937657898	-0.9854942649211731	-0.913978548900734	-0.8039402204064325	-0.9352798507207547	-0.5966933741988503	-0.9941052370270743	0.5966933741988503	0.0	-0.9906260618451543	-0.9722379938322308	-0.9735408897243519	-0.8946473523162151	
0.31084674695908654	-0.4944192556060819	-0.3223018845454568	-0.011303843790568868	0.03349776917175262	0.27710795394677457	0.47931579476484126	0.22283075463461283	-0.8764563150677981	-0.02839326135114456	0.8764563150677981	0.9906260618451543	0.0	-0.3646100436869848	0.09338354037798191	0.3203746916519681	
0.6359954311733484	-0.1434559448001098	0.04503861432855388	0.35406105792863	0.39559721470848846	0.6083634007582088	0.766317114839893	0.5629338602723909	-0.6405683805923507	0.3380243659487455	0.6405683805923507	0.9722379938322308	0.3646100436869848	0.0	0.4499718203024407	0.6437119739319612	
0.2207310877211494	-0.5734299206618565	-0.40929380174634	-0.10463202242162406	-0.05997974186810218	0.18617052227118194	0.39526392080899597	0.13082141931441765	-0.9175888214421805	-0.12161507969561369	0.9175888214421805	0.9735408897243519	-0.09338354037798191	-0.4499718203024407	0.0	0.2305133430283606	
-0.010041048353573306	-0.7468360940955207	-0.6085921611945171	-0.33106225116203214	-0.2884627628498257	-0.04532658710059159	0.1728770452206725	-0.10123401048796113	-0.9845135465640602	-0.3471422044288319	0.9845135465640602	0.8946473523162151	-0.3203746916519681	-0.6437119739319612	-0.2305133430283606	0.0	
