0.0	-0.1261457225786427	0.16140266732346797	0.5175115856940756	0.49819264193936585	0.4916860125358347	0.4884201387887094	0.04994531460280682	-0.8038769725574281	0.407478705589994	0.8038769725574281	0.9548958261186495	0.38998466531240955	0.13643819366324444	0.21008473397318433	0.19806529846625764	
0.1261457225786427	0.0	0.2846051179905499	0.6213174518027639	0.6035896545192945	0.5976025227856547	0.5945943452811517	0.17553462445698692	-0.7224244583457635	0.5194217817485343	0.7224244583457635	0.909810015030581	0.5030270341204394	0.26031436904706756	0.33173707018251064	0.3201297257166169	
-0.16140266732346797	-0.2846051179905499	0.0	0.3726178816966935	0.3517138316382677	0.34469432293368746	0.3411749288467667	-0.11191076598394373	-0.8893386459293935	0.2547408139259071	0.8893386459293935	0.9903029093971972	0.23624841202453112	-0.02524402124607794	0.04952956307358397	0.03726330091533692	
-0.5175115856940756	-0.6213174518027639	-0.3726178816966935	0.0	-0.022425305942515253	-0.029910873778579136	-0.033655571850084554	-0.47412869042118566	-0.9956720101333557	-0.1239293618213346	0.9956720101333557	0.9707520426304201	-0.14283512125719108	-0.395925205136821	-0.32619786709869925	-0.3377793125188445	
-0.49819264193936585	-0.6035896545192945	-0.3517138316382677	0.022425305942515253	0.0	-0.007488079646557996	-0.011234506387627255	-0.45426497191270565	-0.9933374836308398	-0.10164576599993352	0.9933374836308398	0.9758918829859312	-0.12060383325451801	-0.3752328664524792	-0.30491715960339516	-0.3165871020293952	
-0.4916860125358347	-0.5976025227856547	-0.34469432293368746	0.029910873778579136	0.007488079646557996	0.0	-0.003746584335413014	-0.4475813559042522	-0.9924466955205405	-0.09419361994438077	0.9924466955205405	0.977498830002495	-0.11316702995689137	-0.3682814164079092	-0.2977771220408437	-0.3094753075573102	
-0.4884201387887094	-0.5945943452811517	-0.3411749288467667	0.033655571850084554	0.011234506387627255	0.003746584335413014	0.0	-0.44422785694103234	-0.9919801117058907	-0.09046303221331894	0.9919801117058907	0.9782822770957931	-0.10944371950344688	-0.3647955783632352	-0.2941984099890079	-0.3059104804475909	
-0.04994531460280682	-0.17553462445698692	0.11191076598394373	0.47412869042118566	0.45426497191270565	0.4475813559042522	0.44422785694103234	0.0	-0.8325809507585151	0.36135935747293724	0.8325809507585151	0.9685348841505619	0.3435072344186781	0.08678965726923443	0.16099184444236048	0.14886226449653844	
0.8038769725574281	0.7224244583457635	0.8893386459293935	0.9956720101333557	0.9933374836308398	0.9924466955205405	0.9919801117058907	0.8325809507585151	0.0	0.9764788191079541	0.0	0.3292638043982949	0.9721882454266652	0.8775124236091315	0.9108944732110196	0.9057595964215452	
-0.407478705589994	-0.5194217817485343	-0.2547408139259071	0.1239293618213346	0.10164576599993352	0.09419361994438077	0.09046303221331894	-0.36135935747293724	-0.9764788191079541	0.0	0.9764788191079541	0.9930220507573646	-0.019075359669787184	-0.27907083787731407	-0.20653260834449538	-0.21852993078542396	
-0.8038769725574281	-0.7224244583457635	-0.8893386459293935	-0.9956720101333557	-0.9933374836308398	-0.9924466955205405	-0.9919801117058907	-0.8325809507585151	-0.0	-0.9764788191079541	0.0	-0.3292638043982949	-0.9721882454266652	-0.8775124236091315	-0.9108944732110196	-0.9057595964215452	
-0.9548958261186495	-0.909810015030581	-0.9903029093971972	-0.9707520426304201	-0.9758918829859312	-0.977498830002495	-0.9782822770957931	-0.9685348841505619	-0.3292638043982949	-0.9930220507573646	0.3292638043982949	0.0	-0.9950909038442819	-0.9864802936672963	-0.9959683621768849	-0.9947919292344617	
-0.38998466531240955	-0.5030270341204394	-0.23624841202453112	0.14283512125719108	0.12060383325451801	0.11316702995689137	0.10944371950344688	-0.3435072344186781	-0.9721882454266652	0.019075359669787184	0.9721882454266652	0.9950909038442819	0.0	-0.2607025550878852	-0.1878309399477399	-0.19987585607406014	
-0.13643819366324444	-0.26031436904706756	0.02524402124607794	0.395925205136821	0.3752328664524792	0.3682814164079092	0.3647955783632352	-0.08678965726923443	-0.8775124236091315	0.27907083787731407	0.8775124236091315	0.9864802936672963	0.2607025550878852	0.0	0.07472681713749812	0.06247791462579655	
-0.21008473397318433	-0.33173707018251064	-0.04952956307358397	0.32619786709869925	0.30491715960339516	0.2977771220408437	0.2941984099890079	-0.16099184444236048	-0.9108944732110196	0.20653260834449538	0.9108944732110196	0.9959683621768849	0.1878309399477399	-0.07472681713749812	0.0	-0.012277597800413431	
-0.19806529846625764	-0.3201297257166169	-0.03726330091533692	0.3377793125188445	0.3165871020293952	0.3094753075573102	0.3059104804475909	-0.14886226449653844	-0.9057595964215452	0.21852993078542396	0.9057595964215452	0.9947919292344617	0.19987585607406014	-0.06247791462579655	0.012277597800413431	0.0	
