0.0	-0.9879962908087427	-0.9973374343069499	-0.9635667128284078	-0.6419046118161643	-0.996567343317977	-0.9403528488923711	-0.5752555715518738	0.6419046118161643	-0.66569794124855	-0.8734328847022846	-0.91843094051043	-0.9940770775702625	-0.7780058742412457	-0.8554146880695388	-0.9910134061533868	
0.9879962908087427	0.0	0.08201675659146856	0.413106975334161	-0.6584203569882795	0.07215502160325182	0.48138048713045045	0.897019114804583	0.6584203569882795	0.8400993126311085	0.6160252274439753	0.5327099190988877	0.2609354496815545	0.7409000682932616	0.6438688971455367	0.2852463106235213	
0.9973374343069499	-0.08201675659146856	0.0	0.33702397207971496	-0.7179320514005187	-0.009891046349746913	0.4078700426218722	0.8577462832375027	0.7179320514005187	0.7927804125363289	0.5493430416215842	0.46150458386517984	0.18088095660218212	0.6833202321260116	0.5789457116127334	0.20567599307997658	
0.9635667128284078	-0.413106975334161	-0.33702397207971496	0.0	-0.9105370334402141	-0.3463198669040529	0.07629167553811023	0.6343097402476968	0.9105370334402141	0.5409810493200142	0.23558811752246706	0.1355180368541976	-0.1611660516697625	0.3972757726836974	0.27027719107282305	-0.1361753096740495	
0.6419046118161643	0.6584203569882795	0.7179320514005187	0.9105370334402141	0.0	0.7110116440903644	0.9394243903792957	0.9661581671320074	0.0	0.9894497665416545	0.9823067508157716	0.9581641048215294	0.8320033794375035	0.9998439117424607	0.988389195241936	0.8457565384870714	
0.996567343317977	-0.07215502160325182	0.009891046349746913	0.3463198669040529	-0.7110116440903644	0.0	0.4168810114874507	0.8627890467642908	0.7110116440903644	0.7987702971374653	0.5575810970050012	0.47025672950813546	0.1906000018533494	0.6905084446231532	0.5869822147826984	0.21534550910618105	
0.9403528488923711	-0.48138048713045045	-0.4078700426218722	-0.07629167553811023	-0.9394243903792957	-0.4168810114874507	0.0	0.5734815789596303	0.9394243903792957	0.47524043067092225	0.16075721293726863	0.05953519974364119	-0.23599067782943817	0.32610511418801275	0.19603718587242266	-0.21135943253908618	
0.5752555715518738	-0.897019114804583	-0.8577462832375027	-0.6343097402476968	-0.9661581671320074	-0.8627890467642908	-0.5734815789596303	0.0	0.9661581671320074	-0.11525546077187279	-0.4343275908677151	-0.5236920068391059	-0.7506116934081241	-0.2749800286733841	-0.4017567267647613	-0.73367526339905	
-0.6419046118161643	-0.6584203569882795	-0.7179320514005187	-0.9105370334402141	-0.0	-0.7110116440903644	-0.9394243903792957	-0.9661581671320074	0.0	-0.9894497665416545	-0.9823067508157716	-0.9581641048215294	-0.8320033794375035	-0.9998439117424607	-0.988389195241936	-0.8457565384870714	
0.66569794124855	-0.8400993126311085	-0.7927804125363289	-0.5409810493200142	-0.9894497665416545	-0.7987702971374653	-0.47524043067092225	0.11525546077187279	0.9894497665416545	0.0	-0.32761625059970034	-0.4220150513458324	-0.6694552237396825	-0.1623351742626618	-0.2935345961275031	-0.6504698505100546	
0.8734328847022846	-0.6160252274439753	-0.5493430416215842	-0.23558811752246706	-0.9823067508157716	-0.5575810970050012	-0.16075721293726863	0.4343275908677151	0.9823067508157716	0.32761625059970034	0.0	-0.10171117908671634	-0.3891380553219513	0.1698946037093824	0.03584956821847676	-0.3657359388376815	
0.91843094051043	-0.5327099190988877	-0.46150458386517984	-0.1355180368541976	-0.9581641048215294	-0.47025672950813546	-0.05953519974364119	0.5236920068391059	0.9581641048215294	0.4220150513458324	0.10171117908671634	0.0	-0.29342572619343066	0.2692460515247055	0.13730945020270907	-0.269174729246301	
0.9940770775702625	-0.2609354496815545	-0.18088095660218212	0.1611660516697625	-0.8320033794375035	-0.1906000018533494	0.23599067782943817	0.7506116934081241	0.8320033794375035	0.6694552237396825	0.3891380553219513	0.29342572619343066	0.0	0.5399842762302627	0.4219118018914557	0.025269619237952567	
0.7780058742412457	-0.7409000682932616	-0.6833202321260116	-0.3972757726836974	-0.9998439117424607	-0.6905084446231532	-0.32610511418801275	0.2749800286733841	0.9998439117424607	0.1623351742626618	-0.1698946037093824	-0.2692460515247055	-0.5399842762302627	0.0	-0.13445699930773958	-0.5185430348209825	
0.8554146880695388	-0.6438688971455367	-0.5789457116127334	-0.27027719107282305	-0.988389195241936	-0.5869822147826984	-0.19603718587242266	0.4017567267647613	0.988389195241936	0.2935345961275031	-0.03584956821847676	-0.13730945020270907	-0.4219118018914557	0.13445699930773958	0.0	-0.3988667049841213	
0.9910134061533868	-0.2852463106235213	-0.20567599307997658	0.1361753096740495	-0.8457565384870714	-0.21534550910618105	0.21135943253908618	0.73367526339905	0.8457565384870714	0.6504698505100546	0.3657359388376815	0.269174729246301	-0.025269619237952567	0.5185430348209825	0.3988667049841213	0.0	
