0.0	0.8081643619954106	0.9222880489819842	0.8878553579301454	0.9938839601012436	0.9938839601012436	0.9861855727142296	0.0	0.9321923413400715	0.7848924540557906	0.9780034216981894	0.7147436661797391	0.9945464469172293	0.8642470488334908	0.9998306129404257	0.9899947331923918	
-0.8081643619954106	0.0	0.855546159656895	0.8947633771825483	0.6746001132735379	0.6746001132735379	0.7146886861057131	0.8081643619954106	0.8415470661252937	-0.03849659726159771	0.4074279020840577	-0.14426595818255294	0.5014579213327155	0.9155656898071662	0.6037315478824496	0.6970998219039306	
-0.9222880489819842	-0.855546159656895	0.0	0.08120665884381412	-0.2822915654580971	-0.2822915654580971	-0.22839221102378535	0.9222880489819842	-0.026460924234591177	-0.8748426800784448	-0.570380492296291	-0.9212865635494291	-0.4805850933453304	0.12993897662539383	-0.3694630249049491	-0.2524973470371823	
-0.8878553579301454	-0.8947633771825483	-0.08120665884381412	0.0	-0.35926311192525595	-0.35926311192525595	-0.3066981990488761	0.8878553579301454	-0.10755175555725172	-0.9112904103299571	-0.6351982626302766	-0.9498238187772059	-0.5502118829873921	0.048991637047986925	-0.4437037107412266	-0.33023878746105984	
-0.9938839601012436	-0.6746001132735379	0.2822915654580971	0.35926311192525595	0.0	0.0	0.05572718204667444	0.9938839601012436	0.2568079977184543	-0.7025176011826971	-0.3153135355427963	-0.7740378188022897	-0.2134840005093419	0.4045524794878745	-0.09211831973472018	0.03091669665594432	
-0.9938839601012436	-0.6746001132735379	0.2822915654580971	0.35926311192525595	0.0	0.0	0.05572718204667444	0.9938839601012436	0.2568079977184543	-0.7025176011826971	-0.3153135355427963	-0.7740378188022897	-0.2134840005093419	0.4045524794878745	-0.09211831973472018	0.03091669665594432	
-0.9861855727142296	-0.7146886861057131	0.22839221102378535	0.3066981990488761	-0.05572718204667444	-0.05572718204667444	0.0	0.9861855727142296	0.20255069815060467	-0.7410850734157968	-0.3677079508555894	-0.8081180623521667	-0.2675947322681087	0.3529604864710072	-0.1474654047875939	-0.024831889349811703	
-0.0	-0.8081643619954106	-0.9222880489819842	-0.8878553579301454	-0.9938839601012436	-0.9938839601012436	-0.9861855727142296	0.0	-0.9321923413400715	-0.7848924540557906	-0.9780034216981894	-0.7147436661797391	-0.9945464469172293	-0.8642470488334908	-0.9998306129404257	-0.9899947331923918	
-0.9321923413400715	-0.8415470661252937	0.026460924234591177	0.10755175555725172	-0.2568079977184543	-0.2568079977184543	-0.20255069815060467	0.9321923413400715	0.0	-0.8617184917062722	-0.5484462827898315	-0.9106737332761007	-0.4572119585247913	0.1561300666205679	-0.3447449638746203	-0.22680540826696255	
-0.7848924540557906	0.03849659726159771	0.8748426800784448	0.9112904103299571	0.7025176011826971	0.7025176011826971	0.7410850734157968	0.7848924540557906	0.8617184917062722	0.0	0.4422824199777914	-0.10606513590969452	0.5343927705982272	0.9303691266947582	0.6339730341232869	0.7241841461875358	
-0.9780034216981894	-0.4074279020840577	0.570380492296291	0.6351982626302766	0.3153135355427963	0.3153135355427963	0.3677079508555894	0.9780034216981894	0.5484462827898315	-0.4422824199777914	0.0	-0.5349148434474504	0.1054508148540469	0.6722741573147837	0.2265537051081753	0.34450236481719687	
-0.7147436661797391	0.14426595818255294	0.9212865635494291	0.9498238187772059	0.7740378188022897	0.7740378188022897	0.8081180623521667	0.7147436661797391	0.9106737332761007	0.10606513590969452	0.5349148434474504	0.0	0.6210284601149414	0.9640071290003098	0.712422928296905	0.7932423790597442	
-0.9945464469172293	-0.5014579213327155	0.4805850933453304	0.5502118829873921	0.2134840005093419	0.2134840005093419	0.2675947322681087	0.9945464469172293	0.4572119585247913	-0.5343927705982272	-0.1054508148540469	-0.6210284601149414	0.0	0.5904604280159694	0.12258160548407245	0.24358590806719133	
-0.8642470488334908	-0.9155656898071662	-0.12993897662539383	-0.048991637047986925	-0.4045524794878745	-0.4045524794878745	-0.3529604864710072	0.8642470488334908	-0.1561300666205679	-0.9303691266947582	-0.6722741573147837	-0.9640071290003098	-0.5904604280159694	0.0	-0.48707591523848426	-0.3760853129275399	
-0.9998306129404257	-0.6037315478824496	0.3694630249049491	0.4437037107412266	0.09211831973472018	0.09211831973472018	0.1474654047875939	0.9998306129404257	0.3447449638746203	-0.6339730341232869	-0.2265537051081753	-0.712422928296905	-0.12258160548407245	0.48707591523848426	0.0	0.12285952489169161	
-0.9899947331923918	-0.6970998219039306	0.2524973470371823	0.33023878746105984	-0.03091669665594432	-0.03091669665594432	0.024831889349811703	0.9899947331923918	0.22680540826696255	-0.7241841461875358	-0.34450236481719687	-0.7932423790597442	-0.24358590806719133	0.3760853129275399	-0.12285952489169161	0.0	
