0.0	-0.31514176571777835	0.9093410083524743	0.9826692398238839	0.7039381085349268	0.07284442604555619	0.9414257467425406	0.996159460273917	0.8723983891425264	0.9877964793694803	0.961890856939725	0.766954795027193	0.9945458536575734	0.31514176571777835	0.9851399234777503	0.9644340511093035	
0.31514176571777835	0.0	0.9941204151743118	0.991014031306873	0.8919016718609307	0.3834371433149085	0.999727244571999	0.9178067140650034	0.9819848671304269	0.986546305774115	0.8267069571617119	0.9301011403060873	0.9767377487881546	0.0	0.8808149700737811	0.9985903391047376	
-0.9093410083524743	-0.9941204151743118	0.0	0.240278701175122	-0.3529951692507115	-0.8766181367582645	0.08503339279674199	0.49407343083246447	-0.08151905982049396	0.2693442854397278	0.6488406877778743	-0.2644323876067571	0.3189378828924316	0.9941204151743118	0.5660517141145812	0.16089404490387532	
-0.9826692398238839	-0.991014031306873	-0.240278701175122	0.0	-0.567464597236692	-0.9665555980308993	-0.15686618651383366	0.27069587663418726	-0.31860987433120974	0.030054609750002792	0.44699831626886455	-0.4884113564043292	0.08186396552364106	0.991014031306873	0.35139014229646737	-0.08096779062578532	
-0.7039381085349268	-0.8919016718609307	0.3529951692507115	0.567464597236692	0.0	-0.6503293892656803	0.43127603714534435	0.7691686476615421	0.2755490426015255	0.5919551491829027	0.8756742575414077	0.09302044242373614	0.6329665182544767	0.8919016718609307	0.8206107501325713	0.49893275083749933	
-0.07284442604555619	-0.3834371433149085	0.8766181367582645	0.9665555980308993	0.6503293892656803	0.0	0.9143600531170594	0.9998910608025204	0.8344746737546282	0.9738266843669122	0.9792535364536574	0.718172887720848	0.9843059665802523	0.3834371433149085	0.9950340170310461	0.9426173540966986	
-0.9414257467425406	-0.999727244571999	-0.08503339279674199	0.15686618651383366	-0.43127603714534435	-0.9143600531170594	0.0	0.4183541997986967	-0.16597418930650285	0.1864778531485069	0.5817866796758535	-0.3454812038859717	0.2371901457835204	0.999727244571999	0.4939025772037885	0.07638575214085595	
-0.996159460273917	-0.9178067140650034	-0.49407343083246447	-0.27069587663418726	-0.7691686476615421	-0.9998910608025204	-0.4183541997986967	0.0	-0.56330336265956	-0.2416410735868116	0.18816271563071602	-0.7063893583261792	-0.19097972175302314	0.9178067140650034	0.08483759939144869	-0.34775195730304126	
-0.8723983891425264	-0.9819848671304269	0.08151905982049396	0.31860987433120974	-0.2755490426015255	-0.8344746737546282	0.16597418930650285	0.56330336265956	0.0	0.34695428682598783	0.7087110371309678	-0.18493497337648476	0.3951381658916068	0.9819848671304269	0.6313696167279025	0.24081555839961136	
-0.9877964793694803	-0.986546305774115	-0.2693442854397278	-0.030054609750002792	-0.5919551491829027	-0.9738266843669122	-0.1864778531485069	0.2416410735868116	-0.34695428682598783	0.0	0.4199114941676651	-0.5144167792321469	0.05187325231677256	0.986546305774115	0.32309340379192264	-0.11088714609374495	
-0.961890856939725	-0.8267069571617119	-0.6488406877778743	-0.44699831626886455	-0.8756742575414077	-0.9792535364536574	-0.5817866796758535	-0.18816271563071602	-0.7087110371309678	-0.4199114941676651	0.0	-0.8269577262110918	-0.3722678061568906	0.8267069571617119	-0.10416213090013493	-0.5179592012048658	
-0.766954795027193	-0.9301011403060873	0.2644323876067571	0.4884113564043292	-0.09302044242373614	-0.718172887720848	0.3454812038859717	0.7063893583261792	0.18493497337648476	0.5144167792321469	0.8269577262110918	0.0	0.5582076125510996	0.9301011403060873	0.7638927224056815	0.4161541760225491	
-0.9945458536575734	-0.9767377487881546	-0.3189378828924316	-0.08186396552364106	-0.6329665182544767	-0.9843059665802523	-0.2371901457835204	0.19097972175302314	-0.3951381658916068	-0.05187325231677256	0.3722678061568906	-0.5582076125510996	0.0	0.9767377487881546	0.27356727717836266	-0.1622912063321621	
-0.31514176571777835	-0.0	-0.9941204151743118	-0.991014031306873	-0.8919016718609307	-0.3834371433149085	-0.999727244571999	-0.9178067140650034	-0.9819848671304269	-0.986546305774115	-0.8267069571617119	-0.9301011403060873	-0.9767377487881546	0.0	-0.8808149700737811	-0.9985903391047376	
-0.9851399234777503	-0.8808149700737811	-0.5660517141145812	-0.35139014229646737	-0.8206107501325713	-0.9950340170310461	-0.4939025772037885	-0.08483759939144869	-0.6313696167279025	-0.32309340379192264	0.10416213090013493	-0.7638927224056815	-0.27356727717836266	0.8808149700737811	0.0	-0.4260408330183796	
-0.9644340511093035	-0.9985903391047376	-0.16089404490387532	0.08096779062578532	-0.49893275083749933	-0.9426173540966986	-0.07638575214085595	0.34775195730304126	-0.24081555839961136	0.11088714609374495	0.5179592012048658	-0.4161541760225491	0.1622912063321621	0.9985903391047376	0.4260408330183796	0.0	
