0.0	-0.6325173226761542	-0.6503511656758467	-0.8796686297138838	-0.5251140221158291	-0.596231926158014	-0.9295669409802602	-0.9285320324341575	-0.702555941101626	0.6513672793214547	0.5562084539685708	0.1316914745488642	0.9295669299935331	-0.19649817924986412	-0.6922751345366507	-0.6217173902262498	
0.6325173226761542	0.0	-0.023245557238884718	-0.3805269187793697	0.13156732999205417	0.045983467040328685	-0.9531721924508196	-0.4843674634977747	-0.09404467797074623	0.9844445413990311	0.9564581264299956	0.7290097055516751	0.9531722014638795	0.4679889641354824	-0.07975329393154401	0.013865062907933823	
0.6503511656758467	0.023245557238884718	0.0	-0.3589273045604365	0.1545752677089671	0.06919200975157916	-0.9458845212095196	-0.4638998640411573	-0.07087673332298788	0.9882626724313848	0.9629843486551661	0.744724378602062	0.9458845308804746	0.4884054032148624	-0.056560231834561936	0.03710463913614298	
0.8796686297138838	0.3805269187793697	0.3589273045604365	0.0	0.4988885875847638	0.4226485213852872	-0.7663828565409869	-0.11501887299331698	0.29187073289003546	0.9772415312716738	0.995567864613403	0.9346381458612658	0.7663828756855241	0.7690667750249834	0.3055613596275057	0.3933123328399928	
0.5251140221158291	-0.13156732999205417	-0.1545752677089671	-0.4988885875847638	0.0	-0.08584441454112113	-0.9846761533507445	-0.5952605782649666	-0.22421139052536612	0.9527711967140564	0.9097433609060142	0.6326143174069186	0.9846761585480565	0.34765028337948634	-0.2102082571615691	-0.11781014593551911	
0.596231926158014	-0.045983467040328685	-0.06919200975157916	-0.4226485213852872	0.08584441454112113	0.0	-0.9660706215478815	-0.5240844099515638	-0.13972486489242153	0.9753241038898286	0.9420252106305209	0.6967627220764916	0.9660706292451667	0.4268567583506443	-0.12550592378115857	-0.03212865044072985	
0.9295669409802602	0.9531721924508196	0.9458845212095196	0.7663828565409869	0.9846761533507445	0.9660706215478815	0.0	0.6874103145862804	0.9205059564519585	0.4651918811433194	0.5674618075497493	0.8729226072033774	2.980232238769532e-08	0.983883994669273	0.9260163497408703	0.9572737541460065	
0.9285320324341575	0.4843674634977747	0.4638998640411573	0.11501887299331698	0.5952605782649666	0.5240844099515638	-0.6874103145862804	0.0	0.3999443716585989	0.9463569652463868	0.9781435351521626	0.9693359787752781	0.6874103362307911	0.8374791483171399	0.41305123746672134	0.49645095731053923	
0.702555941101626	0.09404467797074623	0.07087673332298788	-0.29187073289003546	0.22421139052536612	0.13972486489242153	-0.9205059564519585	-0.3999443716585989	0.0	0.9966046978024565	0.9796678636064863	0.7901526164154136	0.9205059680965755	0.5490253352168979	0.014345285568201749	0.10783925060544214	
-0.6513672793214547	-0.9844445413990311	-0.9882626724313848	-0.9772415312716738	-0.9527711967140564	-0.9753241038898286	-0.4651918811433194	-0.9463569652463868	-0.9966046978024565	0.0	-0.11928392868202581	-0.5457717960594992	0.46519185476200914	-0.7877638135989614	-0.9953210270860868	-0.9819138814685605	
-0.5562084539685708	-0.9564581264299956	-0.9629843486551661	-0.995567864613403	-0.9097433609060142	-0.9420252106305209	-0.5674618075497493	-0.9781435351521626	-0.9796678636064863	0.11928392868202581	0.0	-0.44192304339826743	0.5674617830105251	-0.7086631188089652	-0.976689016551614	-0.9523193971674807	
-0.1316914745488642	-0.7290097055516751	-0.744724378602062	-0.9346381458612658	-0.6326143174069186	-0.6967627220764916	-0.8729226072033774	-0.9693359787752781	-0.7901526164154136	0.5457717960594992	0.44192304339826743	0.0	0.8729225926640543	-0.3239108704393193	-0.7812789395561738	-0.7194489476413015	
-0.9295669299935331	-0.9531722014638795	-0.9458845308804746	-0.7663828756855241	-0.9846761585480565	-0.9660706292451667	-2.980232238769532e-08	-0.6874103362307911	-0.9205059680965755	-0.46519185476200914	-0.5674617830105251	-0.8729225926640543	0.0	-0.98388398934038	-0.9260163609907518	-0.9572737627643386	
0.19649817924986412	-0.4679889641354824	-0.4884054032148624	-0.7690667750249834	-0.34765028337948634	-0.4268567583506443	-0.983883994669273	-0.8374791483171399	-0.5490253352168979	0.7877638135989614	0.7086631188089652	0.3239108704393193	0.98388398934038	0.0	-0.5369789695533522	-0.45569094708885605	
0.6922751345366507	0.07975329393154401	0.056560231834561936	-0.3055613596275057	0.2102082571615691	0.12550592378115857	-0.9260163497408703	-0.41305123746672134	-0.014345285568201749	0.9953210270860868	0.976689016551614	0.7812789395561738	0.9260163609907518	0.5369789695533522	0.0	0.0935665252686157	
0.6217173902262498	-0.013865062907933823	-0.03710463913614298	-0.3933123328399928	0.11781014593551911	0.03212865044072985	-0.9572737541460065	-0.49645095731053923	-0.10783925060544214	0.9819138814685605	0.9523193971674807	0.7194489476413015	0.9572737627643386	0.45569094708885605	-0.0935665252686157	0.0	
