0.0	-0.719860107879897	-0.6868633779819691	-0.7339267222965252	-0.5383147037467451	0.09228736726648298	0.8287037438850943	0.8055025307177023	0.8462981909295154	0.9964683356757158	0.7203868843077093	0.3368870060073729	-0.5383147037467451	-0.8034650420197028	-0.9964683356757158	-0.7386048315083111	
0.719860107879897	0.0	0.04641961032689673	-0.020482995723755615	0.23300315773579128	0.7808464744855504	0.9781158653941457	0.9856983304373812	0.9709080911857424	0.7521139797814248	0.9993094830465697	0.9116204754365578	0.23300315773579128	-0.12913038178082908	-0.7521139797814248	-0.027394261680872556	
0.6868633779819691	-0.04641961032689673	0.0	-0.06687078720514633	0.1876100310926535	0.7510053479269336	0.9867195923967973	0.9924583827999107	0.9809767699795761	0.7818952800190422	0.9999570162999659	0.8915577842327369	0.1876100310926535	-0.17502215084953782	-0.7818952800190422	-0.07376692082023922	
0.7339267222965252	0.020482995723755615	0.06687078720514633	0.0	0.25287349531392533	0.7934788518413088	0.9736489467890256	0.9820397493909268	0.9657996924387036	0.7384572161964608	0.9983387662612124	0.9198484054940737	0.25287349531392533	-0.10879178603197764	-0.7384572161964608	-0.0069132058095326965	
0.5383147037467451	-0.23300315773579128	-0.1876100310926535	-0.25287349531392533	0.0	0.6137920156152213	0.9996730386710135	0.9978335097217234	0.9999779741437427	0.8849695601027538	0.9804618972863378	0.7907570320023126	0.0	-0.35662856202721305	-0.8849695601027538	-0.2595559746625407	
-0.09228736726648298	-0.7808464744855504	-0.7510053479269336	-0.7934788518413088	-0.6137920156152213	0.0	0.7735150935739178	0.7473761937574058	0.7935241874145601	0.9844665095523805	0.6533045968995002	0.24855659503560454	-0.6137920156152213	-0.8549796491396724	-0.9844665095523805	-0.7976672524939029	
-0.8287037438850943	-0.9781158653941457	-0.9867195923967973	-0.9736489467890256	-0.9996730386710135	-0.7735150935739178	0.0	-0.04025378201601837	0.0322041977528717	0.4881251423266218	-0.17157454314436033	-0.591710487792035	-0.9996730386710135	-0.9430597231694704	-0.4881251423266218	-0.9720491093748564	
-0.8055025307177023	-0.9856983304373812	-0.9924583827999107	-0.9820397493909268	-0.9978335097217234	-0.7473761937574058	0.04025378201601837	0.0	0.07241099865987738	0.5228619513528675	-0.13177861558754678	-0.5587802911254223	-0.9978335097217234	-0.9556847137880313	-0.5228619513528675	-0.980711938933316	
-0.8462981909295154	-0.9709080911857424	-0.9809767699795761	-0.9657996924387036	-0.9999779741437427	-0.7935241874145601	-0.0322041977528717	-0.07241099865987738	0.0	0.4597649816029867	-0.2032121954269836	-0.6173650051775238	-0.9999779741437427	-0.9318586964935522	-0.4597649816029867	-0.9639840927450122	
-0.9964683356757158	-0.7521139797814248	-0.7818952800190422	-0.7384572161964608	-0.8849695601027538	-0.9844665095523805	-0.4881251423266218	-0.5228619513528675	-0.4597649816029867	0.0	-0.6306325435845713	-0.9099316713499604	-0.8849695601027538	-0.6607158092857257	-0.0	-0.7337779926755289	
-0.7203868843077093	-0.9993094830465697	-0.9999570162999659	-0.9983387662612124	-0.9804618972863378	-0.6533045968995002	0.17157454314436033	0.13177861558754678	0.2032121954269836	0.6306325435845713	0.0	-0.44462118493433767	-0.9804618972863378	-0.9861449392950419	-0.6306325435845713	-0.9979165919414001	
-0.3368870060073729	-0.9116204754365578	-0.8915577842327369	-0.9198484054940737	-0.7907570320023126	-0.24855659503560454	0.591710487792035	0.5587802911254223	0.6173650051775238	0.9099316713499604	0.44462118493433767	0.0	-0.7907570320023126	-0.9570648913008932	-0.9099316713499604	-0.9225382954137713	
0.5383147037467451	-0.23300315773579128	-0.1876100310926535	-0.25287349531392533	0.0	0.6137920156152213	0.9996730386710135	0.9978335097217234	0.9999779741437427	0.8849695601027538	0.9804618972863378	0.7907570320023126	0.0	-0.35662856202721305	-0.8849695601027538	-0.2595559746625407	
0.8034650420197028	0.12913038178082908	0.17502215084953782	0.10879178603197764	0.35662856202721305	0.8549796491396724	0.9430597231694704	0.9556847137880313	0.9318586964935522	0.6607158092857257	0.9861449392950419	0.9570648913008932	0.35662856202721305	0.0	-0.6607158092857257	0.10191701340610004	
0.9964683356757158	0.7521139797814248	0.7818952800190422	0.7384572161964608	0.8849695601027538	0.9844665095523805	0.4881251423266218	0.5228619513528675	0.4597649816029867	0.0	0.6306325435845713	0.9099316713499604	0.8849695601027538	0.6607158092857257	0.0	0.7337779926755289	
0.7386048315083111	0.027394261680872556	0.07376692082023922	0.0069132058095326965	0.2595559746625407	0.7976672524939029	0.9720491093748564	0.980711938933316	0.9639840927450122	0.7337779926755289	0.9979165919414001	0.9225382954137713	0.2595559746625407	-0.10191701340610004	-0.7337779926755289	0.0	
