0.0	-0.33939633724408413	0.03548074412705993	-0.34869200069628215	-0.9494376976444487	-0.9735436413566909	-0.9182301193157907	-0.29258173307336166	0.9735436413566909	0.6587893345412329	0.5185923735581066	0.602638159828569	-0.29258173307336166	-0.6544574616221372	-0.9373374756654196	-0.9636737395130277	
0.33939633724408413	0.0	0.37255736985275356	-0.009899920711466531	-0.7865270167067163	-0.9933099185711731	-0.7293101639317829	0.04932943466216155	0.9933099185711731	0.8750230672547544	0.7780017286478738	0.8377108670991245	0.04932943466216155	-0.3589939624089157	-0.7634469434063718	-0.8158266699110901	
-0.03548074412705993	-0.37255736985275356	0.0	-0.38172632965477854	-0.9599792687519877	-0.9648232684536268	-0.9317040172673672	-0.32632563712760926	0.9648232684536268	0.6316813962992269	0.48792904425142225	0.573944564200004	-0.32632563712760926	-0.6808723380325482	-0.9491095913421069	-0.9725432488230185	
0.34869200069628215	0.009899920711466531	0.38172632965477854	0.0	-0.7803747184799715	-0.9921180077948205	-0.7225010641085647	0.059214885428070976	0.9921180077948205	0.8797725521245129	0.7841833476717514	0.8430763000486434	0.059214885428070976	-0.3497363789338681	-0.7570154631576939	-0.810061600464647	
0.9494376976444487	0.7865270167067163	0.9599792687519877	0.7803747184799715	0.0	-0.522596995906825	0.08773881805977779	0.8160331510284866	0.522596995906825	0.9211185923918457	0.9746046767482944	0.9468666796943735	0.8160331510284866	0.512398204192354	0.03652349421842627	-0.0489727257356421	
0.9735436413566909	0.9933099185711731	0.9648232684536268	0.9921180077948205	0.522596995906825	0.0	0.5953859550029539	0.9977971408042475	0.0	0.5818894939209521	0.713901892714784	0.6391984906323158	0.9977971408042475	0.8856394885233206	0.5533875111485927	0.48021678167523807	
0.9182301193157907	0.7293101639317829	0.9317040172673672	0.7225010641085647	-0.08773881805977779	-0.5953859550029539	0.0	0.7621726459610003	0.5953859550029539	0.9517214608192002	0.9904936920666577	0.9714342146106609	0.7621726459610003	0.4350766153950478	-0.05129763638502943	-0.1364174047616979	
0.29258173307336166	-0.04932943466216155	0.32632563712760926	-0.059214885428070976	-0.8160331510284866	-0.9977971408042475	-0.7621726459610003	0.0	0.9977971408042475	0.8500783281095187	0.7460627441229395	0.8097515113806062	0.0	-0.4045980383635406	-0.7943779233531758	-0.8433604913454147	
-0.9735436413566909	-0.9933099185711731	-0.9648232684536268	-0.9921180077948205	-0.522596995906825	-0.0	-0.5953859550029539	-0.9977971408042475	0.0	-0.5818894939209521	-0.713901892714784	-0.6391984906323158	-0.9977971408042475	-0.8856394885233206	-0.5533875111485927	-0.48021678167523807	
-0.6587893345412329	-0.8750230672547544	-0.6316813962992269	-0.8797725521245129	-0.9211185923918457	-0.5818894939209521	-0.9517214608192002	-0.8500783281095187	0.5818894939209521	0.0	-0.1731278310168265	-0.07234224687162238	-0.8500783281095187	-0.9904761630203271	-0.9347219589385591	-0.900949152524072	
-0.5185923735581066	-0.7780017286478738	-0.48792904425142225	-0.7841833476717514	-0.9746046767482944	-0.713901892714784	-0.9904936920666577	-0.7460627441229395	0.713901892714784	0.1731278310168265	0.0	0.10142438027163991	-0.7460627441229395	-0.9516823547142834	-0.9821332093151484	-0.9624686839138599	
-0.602638159828569	-0.8377108670991245	-0.573944564200004	-0.8430763000486434	-0.9468666796943735	-0.6391984906323158	-0.9714342146106609	-0.8097515113806062	0.6391984906323158	0.07234224687162238	-0.10142438027163991	0.0	-0.8097515113806062	-0.9779205911718554	-0.9579818422412534	-0.9299796320631246	
0.29258173307336166	-0.04932943466216155	0.32632563712760926	-0.059214885428070976	-0.8160331510284866	-0.9977971408042475	-0.7621726459610003	0.0	0.9977971408042475	0.8500783281095187	0.7460627441229395	0.8097515113806062	0.0	-0.4045980383635406	-0.7943779233531758	-0.8433604913454147	
0.6544574616221372	0.3589939624089157	0.6808723380325482	0.3497363789338681	-0.512398204192354	-0.8856394885233206	-0.4350766153950478	0.4045980383635406	0.8856394885233206	0.9904761630203271	0.9516823547142834	0.9779205911718554	0.4045980383635406	0.0	-0.4806918527352427	-0.5538386148265089	
0.9373374756654196	0.7634469434063718	0.9491095913421069	0.7570154631576939	-0.03652349421842627	-0.5533875111485927	0.05129763638502943	0.7943779233531758	0.5533875111485927	0.9347219589385591	0.9821332093151484	0.9579818422412534	0.7943779233531758	0.4806918527352427	0.0	-0.08541972113838064	
0.9636737395130277	0.8158266699110901	0.9725432488230185	0.810061600464647	0.0489727257356421	-0.48021678167523807	0.1364174047616979	0.8433604913454147	0.48021678167523807	0.900949152524072	0.9624686839138599	0.9299796320631246	0.8433604913454147	0.5538386148265089	0.08541972113838064	0.0	
