0.0	-0.5149263500746653	-0.9003414032156876	-0.725862011418116	-0.6267258077025806	-0.06062174015079885	0.3629590838811153	0.46341940427035244	0.8465902781385859	0.948401062009906	0.9887300673221642	0.43774841885431537	-0.948401062009906	-0.8760336676379716	-0.3513533484630008	-0.11806590274904205	
0.5149263500746653	0.0	-0.5477157892828584	-0.2680467833497615	-0.13599979763836512	0.46201226082755587	0.7909520082318943	0.8535554233341793	0.9997933806663901	0.6497326812151021	0.9246626757321874	0.8382220088730383	-0.6497326812151021	-0.5026430086113921	0.1809039703454728	0.4101146765505818	
0.9003414032156876	0.5477157892828584	0.0	0.30340740461832433	0.42884069101330935	0.872303876866271	0.9968967790986188	0.9995005357824457	0.8476251270143306	0.12725508740296113	0.565069202064812	0.9999959389536861	-0.12725508740296113	0.05295351464340342	0.690034819595459	0.8426637759236164	
0.725862011418116	0.2680467833497615	-0.30340740461832433	0.0	0.1345333174747661	0.682828935325652	0.9260198097055051	0.9619732525046196	0.968655485100872	0.42219711001797267	0.788756674589348	0.9537217462535453	-0.42219711001797267	-0.2525243824104386	0.4379081680913529	0.6395746681841157	
0.6267258077025806	0.13599979763836512	-0.42884069101330935	-0.1345333174747661	0.0	0.5783342640854523	0.8668184764472685	0.9164810983884253	0.9932686634704546	0.5403139436767953	0.8642845198373925	0.9045986267682581	-0.5403139436767953	-0.3804018652501824	0.31297907205279274	0.5303406802819638	
0.06062174015079885	-0.46201226082755587	-0.872303876866271	-0.682828935325652	-0.5783342640854523	0.0	0.41877917883854804	0.5162863809890983	0.8772988658653424	0.9274352429804928	0.9959872399862777	0.4914481720394732	-0.9274352429804928	-0.8451876450681236	-0.29395046761200716	-0.057651019990622776	
-0.3629590838811153	-0.7909520082318943	-0.9968967790986188	-0.9260198097055051	-0.8668184764472685	-0.41877917883854804	0.0	0.11018432822073526	0.5956739076991499	0.9988095303143177	0.8669653720384947	0.08156059319458273	-0.9988095303143177	-0.9913296196594896	-0.6672107105473295	-0.47043486924866107	
-0.46341940427035244	-0.8535554233341793	-0.9995005357824457	-0.9619732525046196	-0.9164810983884253	-0.5162863809890983	-0.11018432822073526	0.0	0.5035439929374825	0.9873531192121905	0.8067741819336356	-0.02875325185248709	-0.9873531192121905	-0.9997716456920982	-0.7452210713225619	-0.5648009480379447	
-0.8465902781385859	-0.9997933806663901	-0.8476251270143306	-0.968655485100872	-0.9932686634704546	-0.8772988658653424	-0.5956739076991499	-0.5035439929374825	0.0	0.7732129704590263	0.39950440429436845	-0.528177732653515	-0.7732129704590263	-0.874532790204489	-0.9796202788346033	-0.9035090281806446	
-0.948401062009906	-0.6497326812151021	-0.12725508740296113	-0.42219711001797267	-0.5403139436767953	-0.9274352429804928	-0.9988095303143177	-0.9873531192121905	-0.7732129704590263	0.0	-0.4554842182617008	-0.9915033275367434	-0.0	-0.17959954956045734	-0.7765290525339106	-0.90433218317943	
-0.9887300673221642	-0.9246626757321874	-0.565069202064812	-0.788756674589348	-0.8642845198373925	-0.9959872399862777	-0.8669653720384947	-0.8067741819336356	-0.39950440429436845	0.4554842182617008	0.0	-0.823429756366346	-0.4554842182617008	-0.6079653514737744	-0.9782923752547206	-0.9994902090943735	
-0.43774841885431537	-0.8382220088730383	-0.9999959389536861	-0.9537217462535453	-0.9045986267682581	-0.4914481720394732	-0.08156059319458273	0.02875325185248709	0.528177732653515	0.9915033275367434	0.823429756366346	0.0	-0.9915033275367434	-0.9987438366390297	-0.7257397810423497	-0.5408394605370167	
0.948401062009906	0.6497326812151021	0.12725508740296113	0.42219711001797267	0.5403139436767953	0.9274352429804928	0.9988095303143177	0.9873531192121905	0.7732129704590263	0.0	0.4554842182617008	0.9915033275367434	0.0	0.17959954956045734	0.7765290525339106	0.90433218317943	
0.8760336676379716	0.5026430086113921	-0.05295351464340342	0.2525243824104386	0.3804018652501824	0.8451876450681236	0.9913296196594896	0.9997716456920982	0.874532790204489	0.17959954956045734	0.6079653514737744	0.9987438366390297	-0.17959954956045734	0.0	0.6507401937006279	0.8129692037749954	
0.3513533484630008	-0.1809039703454728	-0.690034819595459	-0.4379081680913529	-0.31297907205279274	0.29395046761200716	0.6672107105473295	0.7452210713225619	0.9796202788346033	0.7765290525339106	0.9782923752547206	0.7257397810423497	-0.7765290525339106	-0.6507401937006279	0.0	0.2383575326303387	
0.11806590274904205	-0.4101146765505818	-0.8426637759236164	-0.6395746681841157	-0.5303406802819638	0.057651019990622776	0.47043486924866107	0.5648009480379447	0.9035090281806446	0.90433218317943	0.9994902090943735	0.5408394605370167	-0.90433218317943	-0.8129692037749954	-0.2383575326303387	0.0	
