0.0	-0.9990118584482954	-0.9999725646723854	-0.9318036300834276	-0.9995609476667562	-0.6464422341257386	-0.9840706549223097	-0.9982426254773504	-0.9900464773561248	-0.9998902558082832	-0.9732780827888556	-0.8595145703829271	-0.8161940093736957	-0.9503735241130498	-0.8108996424598411	-0.0	
0.9990118584482954	0.0	0.05184330556437342	0.4040176165484169	0.07402520884345583	-0.733478266461123	-0.13386567839460306	0.10356702694729497	-0.09659968397319851	0.05923963966756598	-0.1861459555601242	-0.47240556471045264	-0.540931734638393	-0.26856495314330014	-0.5485670319908003	-0.9990118584482954	
0.9999725646723854	-0.05184330556437342	0.0	0.3560505802451861	0.022224595343626016	-0.7677304718978732	-0.1850623492028337	0.051863236310780506	-0.14807063052033057	0.007407718220112209	-0.236832825986144	-0.5174640083065304	-0.5838079743444738	-0.3181424597705689	-0.5911758652574716	-0.9999725646723854	
0.9318036300834276	-0.4040176165484169	-0.3560505802451861	0.0	-0.33519449295957965	-0.9455661151117143	-0.5228350406169437	-0.3071069397439333	-0.4904928305914366	-0.34911854521557545	-0.5672334753299296	-0.7882271281610749	-0.8346236385689415	-0.6348447607819971	-0.8396041402977193	-0.9318036300834276	
0.9995609476667562	-0.07402520884345583	-0.022224595343626016	0.33519449295957965	0.0	-0.7817817635481644	-0.2068573444408202	0.02965574084484149	-0.1700136664757767	-0.014818097018576469	-0.2583666439016286	-0.5363538930897992	-0.601707741720416	-0.3391337498255427	-0.6089549314104796	-0.9995609476667562	
0.6464422341257386	0.733478266461123	0.7677304718978732	0.9455661151117143	0.7817817635481644	0.0	0.6358863555636072	0.799929814612563	0.6643879677610344	0.772456072439177	0.5941328008705888	0.32537386385240125	0.24922571833025342	0.5239843673649958	0.24039791346476774	-0.6464422341257386	
0.9840706549223097	0.13386567839460306	0.1850623492028337	0.5228350406169437	0.2068573444408202	-0.6358863555636072	0.0	0.23578068298826627	0.03750939365111697	0.1923370346348066	-0.05294455829805275	-0.3501669669292595	-0.4234731330061976	-0.1372000658812376	-0.4317036720285016	-0.9840706549223097	
0.9982426254773504	-0.10356702694729497	-0.051863236310780506	0.3071069397439333	-0.02965574084484149	-0.799929814612563	-0.23578068298826627	0.0	-0.19916289347970925	-0.04446406442316507	-0.2869018444615067	-0.5611472327764444	-0.6251296185037177	-0.3668828765336932	-0.6322101725278896	-0.9982426254773504	
0.9900464773561248	0.09659968397319851	0.14807063052033057	0.4904928305914366	0.1700136664757767	-0.6643879677610344	-0.03750939365111697	0.19916289347970925	0.0	0.15539262920542712	-0.09036408486798655	-0.3850551183177706	-0.4571552090602128	-0.17425819547869903	-0.4652339253935402	-0.9900464773561248	
0.9998902558082832	-0.05923963966756598	-0.007407718220112209	0.34911854521557545	0.014818097018576469	-0.772456072439177	-0.1923370346348066	0.04446406442316507	-0.15539262920542712	0.0	-0.24402329960536528	-0.5237886316933851	-0.5898062215715135	-0.3251565655308564	-0.5971342857708688	-0.9998902558082832	
0.9732780827888556	0.1861459555601242	0.236832825986144	0.5672334753299296	0.2583666439016286	-0.5941328008705888	0.05294455829805275	0.2869018444615067	0.09036408486798655	0.24402329960536528	0.0	-0.30008334612167387	-0.3749162581442715	-0.08456375587547232	-0.38334137591015316	-0.9732780827888556	
0.8595145703829271	0.47240556471045264	0.5174640083065304	0.7882271281610749	0.5363538930897992	-0.32537386385240125	0.3501669669292595	0.5611472327764444	0.3850551183177706	0.5237886316933851	0.30008334612167387	0.0	-0.07944261614272735	0.21834200383008068	-0.0885153189727041	-0.8595145703829271	
0.8161940093736957	0.540931734638393	0.5838079743444738	0.8346236385689415	0.601707741720416	-0.24922571833025342	0.4234731330061976	0.6251296185037177	0.4571552090602128	0.5898062215715135	0.3749162581442715	0.07944261614272735	0.0	0.29517777048974614	-0.009104771840719839	-0.8161940093736957	
0.9503735241130498	0.26856495314330014	0.3181424597705689	0.6348447607819971	0.3391337498255427	-0.5239843673649958	0.1372000658812376	0.3668828765336932	0.17425819547869903	0.3251565655308564	0.08456375587547232	-0.21834200383008068	-0.29517777048974614	0.0	-0.30386462018148125	-0.9503735241130498	
0.8108996424598411	0.5485670319908003	0.5911758652574716	0.8396041402977193	0.6089549314104796	-0.24039791346476774	0.4317036720285016	0.6322101725278896	0.4652339253935402	0.5971342857708688	0.38334137591015316	0.0885153189727041	0.009104771840719839	0.30386462018148125	0.0	-0.8108996424598411	
0.0	0.9990118584482954	0.9999725646723854	0.9318036300834276	0.9995609476667562	0.6464422341257386	0.9840706549223097	0.9982426254773504	0.9900464773561248	0.9998902558082832	0.9732780827888556	0.8595145703829271	0.8161940093736957	0.9503735241130498	0.8108996424598411	0.0	
