0.0	-0.6761642742791385	0.0	-0.03506410707611013	-0.8757960703259842	-0.7886663790552666	0.6488760257529465	0.925361790202221	0.6381026065845963	0.2854423459438542	-0.8380197989343043	-0.8838296738486786	-0.8551232121351385	-0.7460287724523122	-0.9519043502580149	-0.925361790202221	
0.6761642742791385	0.0	0.6761642742791385	0.6499149651838033	-0.3188716794258959	-0.16533039732703103	0.9925494284201566	0.9380849636181363	0.9907362513752013	0.8583329586743371	-0.24846967782767526	-0.3348466764620524	-0.27947244682986155	-0.09937030098800681	-0.4941427907530468	-0.9380849636181363	
0.0	-0.6761642742791385	0.0	-0.03506410707611013	-0.8757960703259842	-0.7886663790552666	0.6488760257529465	0.925361790202221	0.6381026065845963	0.2854423459438542	-0.8380197989343043	-0.8838296738486786	-0.8551232121351385	-0.7460287724523122	-0.9519043502580149	-0.925361790202221	
0.03506410707611013	-0.6499149651838033	0.03506410707611013	0.0	-0.8583327237803142	-0.7666232375154391	0.6751570831052585	0.9380850355466102	0.6647078712102741	0.3188721133275743	-0.8183720981505201	-0.86688287702012	-0.8364192637152825	-0.7222203436718238	-0.9405755118608211	-0.9380850355466102	
0.8757960703259842	0.3188716794258959	0.8757960703259842	0.8583327237803142	0.0	0.15778364011524543	0.9795884315978975	0.7786561294023188	0.9823205560281083	0.9771370318437127	0.07337272187972887	-0.016902920511138175	0.04128242963054635	0.22311046915386573	-0.19112659514526958	-0.7786561294023188	
0.7886663790552666	0.16533039732703103	0.7886663790552666	0.7666232375154391	-0.15778364011524543	0.0	0.9990344924862311	0.8679039419572405	0.9995538661213101	0.93135067028497	-0.08490471469061073	-0.17445228800789703	-0.11688381842623963	0.06650930788829196	-0.3436074485326455	-0.8679039419572405	
-0.6488760257529465	-0.9925494284201566	-0.6488760257529465	-0.6751570831052585	-0.9795884315978975	-0.9990344924862311	0.0	0.4581230992515494	-0.014074425823377479	-0.4046887007977687	-0.9916969601550711	-0.9760507646512344	-0.9870516828749276	-0.9997443689556635	-0.9231110431061765	-0.4581230992515494	
-0.925361790202221	-0.9380849636181363	-0.925361790202221	-0.9380850355466102	-0.7786561294023188	-0.8679039419572405	-0.4581230992515494	0.0	-0.4705883212292958	-0.7786559724409289	-0.822595111671576	-0.7679391343418076	-0.8038950360304624	-0.8990195391451038	-0.644379357039357	-0.0	
-0.6381026065845963	-0.9907362513752013	-0.6381026065845963	-0.6647078712102741	-0.9823205560281083	-0.9995538661213101	0.014074425823377479	0.4705883212292958	0.0	-0.39177819432389177	-0.993408659177399	-0.9790158783116969	-0.9892114894373307	-0.9993271266517004	-0.928431697322573	-0.4705883212292958	
-0.2854423459438542	-0.8583329586743371	-0.2854423459438542	-0.3188721133275743	-0.9771370318437127	-0.93135067028497	0.4046887007977687	0.7786559724409289	0.39177819432389177	0.0	-0.9589034357118997	-0.9805911718195257	-0.9675269616258925	-0.9050708754709705	-0.9997594159035239	-0.7786559724409289	
0.8380197989343043	0.24846967782767526	0.8380197989343043	0.8183720981505201	-0.07337272187972887	0.08490471469061073	0.9916969601550711	0.822595111671576	0.993408659177399	0.9589034357118997	0.0	-0.09021959971467669	-0.03213901636702371	0.15098586685348203	-0.2626315551936749	-0.822595111671576	
0.8838296738486786	0.3348466764620524	0.8838296738486786	0.86688287702012	0.016902920511138175	0.17445228800789703	0.9760507646512344	0.7679391343418076	0.9790158783116969	0.9805911718195257	0.09021959971467669	0.0	0.058165042895243046	0.2395554459911871	-0.17450796807931257	-0.7679391343418076	
0.8551232121351385	0.27947244682986155	0.8551232121351385	0.8364192637152825	-0.04128242963054635	0.11688381842623963	0.9870516828749276	0.8038950360304624	0.9892114894373307	0.9675269616258925	0.03213901636702371	-0.058165042895243046	0.0	0.18267844097902353	-0.2314850673446754	-0.8038950360304624	
0.7460287724523122	0.09937030098800681	0.7460287724523122	0.7222203436718238	-0.22311046915386573	-0.06650930788829196	0.9997443689556635	0.8990195391451038	0.9993271266517004	0.9050708754709705	-0.15098586685348203	-0.2395554459911871	-0.18267844097902353	0.0	-0.4053064147716072	-0.8990195391451038	
0.9519043502580149	0.4941427907530468	0.9519043502580149	0.9405755118608211	0.19112659514526958	0.3436074485326455	0.9231110431061765	0.644379357039357	0.928431697322573	0.9997594159035239	0.2626315551936749	0.17450796807931257	0.2314850673446754	0.4053064147716072	0.0	-0.644379357039357	
0.925361790202221	0.9380849636181363	0.925361790202221	0.9380850355466102	0.7786561294023188	0.8679039419572405	0.4581230992515494	0.0	0.4705883212292958	0.7786559724409289	0.822595111671576	0.7679391343418076	0.8038950360304624	0.8990195391451038	0.644379357039357	0.0	
