0.0	0.6491226256342615	0.8856321310011158	0.978133654439134	0.9876470055780261	0.807590541641725	0.0	0.9080769200631961	0.9756410292746401	0.9996712135120055	0.6990225312377886	0.655741277208152	0.9867261200858679	0.9322466810181768	0.860191280060745	0.9344381721891734	
-0.6491226256342615	0.0	0.3722415810704102	0.6090476420468877	0.6495726464700006	0.9971369437952798	0.6491226256342615	0.9626141639782323	0.5997542288251787	0.7437894761004777	0.9959224615742084	0.9888900421311966	0.8559996826937013	0.474277218284735	0.3232994978099223	0.4796429069195749	
-0.8856321310011158	-0.3722415810704102	0.0	0.27004164723007673	0.3198765780726791	0.8973308175569856	0.8856321310011158	0.7926053177014246	0.2587915592880128	0.4415262299426737	0.9579325310321276	0.9731576139717911	0.6020439230788072	0.11248131268510358	-0.05218511507390555	0.11854528575601886	
-0.978133654439134	-0.6090476420468877	-0.27004164723007673	0.0	0.052139280402320326	0.7448085594183097	0.978133654439134	0.5985051016910737	-0.0116650883189022	0.18282851081323875	0.844843841259923	0.8748561976512981	0.3640589184773041	-0.1600254405561427	-0.3199200634182511	-0.15399632071319735	
-0.9876470055780261	-0.6495726464700006	-0.3198765780726791	-0.052139280402320326	0.0	0.7090040819985011	0.9876470055780261	0.5559212607382453	-0.06378495460428735	0.1313193682117065	0.8157995122815885	0.848410870878168	0.31500246355321204	-0.2112751333618257	-0.3688839918476993	-0.20530419129272665	
-0.807590541641725	-0.9971369437952798	-0.8973308175569856	-0.7448085594183097	-0.7090040819985011	0.0	0.807590541641725	-0.1973108711139478	-0.7525417423033843	-0.6102571950608215	0.16526364279563588	0.22300007110621167	-0.45076817352921705	-0.8419916194367979	-0.9191404889751497	-0.8386824410204851	
-0.0	-0.6491226256342615	-0.8856321310011158	-0.978133654439134	-0.9876470055780261	-0.807590541641725	0.0	-0.9080769200631961	-0.9756410292746401	-0.9996712135120055	-0.6990225312377886	-0.655741277208152	-0.9867261200858679	-0.9322466810181768	-0.860191280060745	-0.9344381721891734	
-0.9080769200631961	-0.9626141639782323	-0.7926053177014246	-0.5985051016910737	-0.5559212607382453	0.1973108711139478	0.9080769200631961	0.0	-0.6078095035527593	-0.4419497972897068	0.35661245329796776	0.4109583796024096	-0.26577872487159115	-0.7189915208665281	-0.8233444292064409	-0.714735163964149	
-0.9756410292746401	-0.5997542288251787	-0.2587915592880128	0.0116650883189022	0.06378495460428735	0.7525417423033843	0.9756410292746401	0.6078095035527593	0.0	0.19428454240747622	0.8510273321535753	0.8804470402877673	0.3748987304679201	-0.14849979346486225	-0.3088462720149977	-0.14245990249450327	
-0.9996712135120055	-0.7437894761004777	-0.4415262299426737	-0.18282851081323875	-0.1313193682117065	0.6102571950608215	0.9996712135120055	0.4419497972897068	-0.19428454240747622	0.0	0.7327882200519332	0.7715513643138794	0.18764056719170122	-0.3378005625868696	-0.487747626929125	-0.3320483113919354	
-0.6990225312377886	-0.9959224615742084	-0.9579325310321276	-0.844843841259923	-0.8157995122815885	-0.16526364279563588	0.6990225312377886	-0.35661245329796776	-0.8510273321535753	-0.7327882200519332	0.0	0.058831647373436824	-0.592090964484022	-0.9195719331720207	-0.9716040680903975	-0.917156084597508	
-0.655741277208152	-0.9888900421311966	-0.9731576139717911	-0.8748561976512981	-0.848410870878168	-0.22300007110621167	0.655741277208152	-0.4109583796024096	-0.8804470402877673	-0.7715513643138794	-0.058831647373436824	0.0	-0.6384761412982096	-0.9410953904172894	-0.9838414813249079	-0.939013565398829	
-0.9867261200858679	-0.8559996826937013	-0.6020439230788072	-0.3640589184773041	-0.31500246355321204	0.45076817352921705	0.9867261200858679	0.26577872487159115	-0.3748987304679201	-0.18764056719170122	0.592090964484022	0.6384761412982096	0.0	-0.5084110931707779	-0.642891477215774	-0.5031446777875445	
-0.9322466810181768	-0.474277218284735	-0.11248131268510358	0.1600254405561427	0.2112751333618257	0.8419916194367979	0.9322466810181768	0.7189915208665281	0.14849979346486225	0.3378005625868696	0.9195719331720207	0.9410953904172894	0.5084110931707779	0.0	-0.16418198886183932	0.006104811214766193	
-0.860191280060745	-0.3232994978099223	0.05218511507390555	0.3199200634182511	0.3688839918476993	0.9191404889751497	0.860191280060745	0.8233444292064409	0.3088462720149977	0.487747626929125	0.9716040680903975	0.9838414813249079	0.642891477215774	0.16418198886183932	0.0	0.17020089873476907	
-0.9344381721891734	-0.4796429069195749	-0.11854528575601886	0.15399632071319735	0.20530419129272665	0.8386824410204851	0.9344381721891734	0.714735163964149	0.14245990249450327	0.3320483113919354	0.917156084597508	0.939013565398829	0.5031446777875445	-0.006104811214766193	-0.17020089873476907	0.0	
