0.0	-0.17187563805002642	-0.43632987039930626	-0.9762919440974586	0.29434773291748156	0.9762919440974586	0.9391794830463278	0.42265238555513707	0.4392214354260922	0.807054389960325	0.49498557762848006	0.4425261898523026	0.915559519528116	0.6564851905298278	0.5753042746301684	0.6036922237489745	
0.17187563805002642	0.0	-0.2751852687819027	-0.9245595605730713	0.45422871336365167	0.9245595605730713	0.9842299127097608	0.5721322438361041	0.5870946652785431	0.8965329645946178	0.63696247306186	0.5900712426743866	0.9710601371548799	0.7763682899854799	0.7073268432886834	0.7317307334894994	
0.43632987039930626	0.2751852687819027	0.0	-0.7840075168535593	0.6818499524711839	0.7840075168535593	0.9949086078705736	0.7757392437732298	0.7871951603241639	0.9838196672073558	0.8245090212040239	0.789460460390795	0.9992925889680538	0.9198372936261627	0.8745426060490958	0.8910440769516199	
0.9762919440974586	0.9245595605730713	0.7840075168535593	0.0	0.9967545428570636	0.0	0.5385775775085945	0.9762919204566561	0.9721529862980393	0.7511713717896006	0.9554447905682568	0.9712835566962074	0.5908276660798093	0.8785564353373103	0.9230769025716775	0.9089909717054665	
-0.29434773291748156	-0.45422871336365167	-0.6818499524711839	-0.9967545428570636	0.0	0.9967545428570636	0.7964854488926392	0.13716324579855318	0.15532744527105555	0.597494983681516	0.21729782407909876	0.1589635949300231	0.7566172503584876	0.4053638907808947	0.3090587375082584	0.3422885303578327	
-0.9762919440974586	-0.9245595605730713	-0.7840075168535593	-0.0	-0.9967545428570636	0.0	-0.5385775775085945	-0.9762919204566561	-0.9721529862980393	-0.7511713717896006	-0.9554447905682568	-0.9712835566962074	-0.5908276660798093	-0.8785564353373103	-0.9230769025716775	-0.9089909717054665	
-0.9391794830463278	-0.9842299127097608	-0.9949086078705736	-0.5385775775085945	-0.7964854488926392	0.5385775775085945	0.0	-0.7060206195324981	-0.6928986012038373	-0.27739995603918916	-0.6460629066927943	-0.6902391333132945	-0.0632939709064625	-0.48300508677988624	-0.5706171283873739	-0.5414062654806209	
-0.42265238555513707	-0.5721322438361041	-0.7757392437732298	-0.9762919204566561	-0.13716324579855318	0.9762919204566561	0.7060206195324981	0.0	0.018360860214844232	0.48186027845865326	0.0813582460262777	0.022042004530760412	0.6597807581904733	0.27614405281487714	0.17568951709563815	0.210175490118307	
-0.4392214354260922	-0.5870946652785431	-0.7871951603241639	-0.9721529862980393	-0.15532744527105555	0.9721529862980393	0.6928986012038373	-0.018360860214844232	0.0	0.46569038071574176	0.06304453852593792	0.0036818894428794213	0.645872117730891	0.2584505806156043	0.15758463171358944	0.19218931373452544	
-0.807054389960325	-0.8965329645946178	-0.9838196672073558	-0.7511713717896006	-0.597494983681516	0.7511713717896006	0.27739995603918916	-0.48186027845865326	-0.46569038071574176	0.0	-0.40897286886731077	-0.46242894451119776	0.21603377954144526	-0.22115305584808692	-0.3204176447551015	-0.2869314245504035	
-0.49498557762848006	-0.63696247306186	-0.8245090212040239	-0.9554447905682568	-0.21729782407909876	0.9554447905682568	0.6460629066927943	-0.0813582460262777	-0.06304453852593792	0.40897286886731077	0.0	-0.05936954608541642	0.5964562171546339	0.19703388101814956	0.09501432325947179	0.12993774030993832	
-0.4425261898523026	-0.5900712426743866	-0.789460460390795	-0.9712835566962074	-0.1589635949300231	0.9712835566962074	0.6902391333132945	-0.022042004530760412	-0.0036818894428794213	0.46242894451119776	0.05936954608541642	0.0	0.6430568175435454	0.25489203345440725	0.1539476775551561	0.1885747598624106	
-0.915559519528116	-0.9710601371548799	-0.9992925889680538	-0.5908276660798093	-0.7566172503584876	0.5908276660798093	0.0632939709064625	-0.6597807581904733	-0.645872117730891	-0.21603377954144526	-0.5964562171546339	-0.6430568175435454	0.0	-0.42661531460663954	-0.5174949630539124	-0.48710559643257995	
-0.6564851905298278	-0.7763682899854799	-0.9198372936261627	-0.8785564353373103	-0.4053638907808947	0.8785564353373103	0.48300508677988624	-0.27614405281487714	-0.2584505806156043	0.22115305584808692	-0.19703388101814956	-0.25489203345440725	0.42661531460663954	0.0	-0.10299075405974667	-0.06797292911553415	
-0.5753042746301684	-0.7073268432886834	-0.8745426060490958	-0.9230769025716775	-0.3090587375082584	0.9230769025716775	0.5706171283873739	-0.17568951709563815	-0.15758463171358944	0.3204176447551015	-0.09501432325947179	-0.1539476775551561	0.5174949630539124	0.10299075405974667	0.0	0.03514108314613046	
-0.6036922237489745	-0.7317307334894994	-0.8910440769516199	-0.9089909717054665	-0.3422885303578327	0.9089909717054665	0.5414062654806209	-0.210175490118307	-0.19218931373452544	0.2869314245504035	-0.12993774030993832	-0.1885747598624106	0.48710559643257995	0.06797292911553415	-0.03514108314613046	0.0	
