0.0	0.36115845389922513	0.9944937700378076	0.8803928569664115	0.5478299945448386	0.14560405278395636	0.0	0.6260892384454793	0.853906581231145	0.8603112912337144	0.9313516840417541	0.9592921039337713	0.9256706575698266	0.6599242135799387	0.46980373029518807	0.8968802276130698	
-0.36115845389922513	0.0	0.8895220202417071	0.9922478952589919	0.8129953505170276	0.49308599671261377	0.36115845389922513	0.8654448229140534	0.9842280606180138	0.9863515187440993	0.9999949474643337	0.9965410048898012	0.9998292130066586	0.8867322390976642	0.7569142466280232	0.9960756308384402	
-0.9944937700378076	-0.8895220202417071	0.0	0.5638951967877522	0.889393462050837	0.9991540741740519	0.9944937700378076	0.8410693898657677	0.6070464777428857	0.5971190770008832	0.4597176446672777	0.38139040958313664	0.473253465872452	0.8163523922010245	0.9271435731879525	0.5338274524452483	
-0.8803928569664115	-0.9922478952589919	-0.5638951967877522	0.0	0.4767218887897762	0.8019584515684797	0.8803928569664115	0.3895678187267917	0.05321859702323817	0.04079861181981154	-0.12111952250867886	-0.2063027678940448	-0.10591546161046023	0.34850165081113205	0.554383072957414	-0.035966616923284456	
-0.5478299945448386	-0.8129953505170276	-0.889393462050837	-0.4767218887897762	0.0	0.42018089102175304	0.5478299945448386	-0.09660858515800452	-0.42926428985330334	-0.44046077537430284	-0.5796828509691074	-0.6478180546166843	-0.5671458225487216	-0.1404834888363083	0.09057542157029175	-0.5080300506071125	
-0.14560405278395636	-0.49308599671261377	-0.9991540741740519	-0.8019584515684797	-0.42018089102175304	0.0	0.14560405278395636	-0.5058820042012115	-0.7690302697265459	-0.7769184658228555	-0.8684087355987157	-0.9079479950948918	-0.8607193046535035	-0.5434943547405106	-0.3362619852360933	-0.8229253088948703	
-0.0	-0.36115845389922513	-0.9944937700378076	-0.8803928569664115	-0.5478299945448386	-0.14560405278395636	0.0	-0.6260892384454793	-0.853906581231145	-0.8603112912337144	-0.9313516840417541	-0.9592921039337713	-0.9256706575698266	-0.6599242135799387	-0.46980373029518807	-0.8968802276130698	
-0.6260892384454793	-0.8654448229140534	-0.8410693898657677	-0.3895678187267917	0.09660858515800452	0.5058820042012115	0.6260892384454793	0.0	-0.34000154703285296	-0.35166802967355426	-0.49825060500774204	-0.5711919074673688	-0.48492445872315226	-0.04417585052882811	0.18636323570310975	-0.42244093961743795	
-0.853906581231145	-0.9842280606180138	-0.6070464777428857	-0.05321859702323817	0.42926428985330334	0.7690302697265459	0.853906581231145	0.34000154703285296	0.0	-0.012433491137575692	-0.17377468039987048	-0.2580841829188314	-0.15868461712210502	0.2981255587574236	0.5093056532329351	-0.0890998123010156	
-0.8603112912337144	-0.9863515187440993	-0.5971190770008832	-0.04079861181981154	0.44046077537430284	0.7769184658228555	0.8603112912337144	0.35166802967355426	0.012433491137575692	0.0	-0.16151692679331325	-0.2460519586092959	-0.14639640059665804	0.3099706128084535	0.5199663692043783	-0.07670888554745015	
-0.9313516840417541	-0.9999949474643337	-0.4597176446672777	0.12111952250867886	0.5796828509691074	0.8684087355987157	0.9313516840417541	0.49825060500774204	0.17377468039987048	0.16151692679331325	0.0	-0.08626992839026076	0.015302537272521677	0.45946227506753773	0.6511047966296132	0.08533932900599522	
-0.9592921039337713	-0.9965410048898012	-0.38139040958313664	0.2063027678940448	0.6478180546166843	0.9079479950948918	0.9592921039337713	0.5711919074673688	0.2580841829188314	0.2460519586092959	0.08626992839026076	0.0	0.10150531333871349	0.5343740240168648	0.7141551744705025	0.1709763778922192	
-0.9256706575698266	-0.9998292130066586	-0.473253465872452	0.10591546161046023	0.5671458225487216	0.8607193046535035	0.9256706575698266	0.48492445872315226	0.15868461712210502	0.14639640059665804	-0.015302537272521677	-0.10150531333871349	0.0	0.4458168042527907	0.6394141185905584	0.07008262378638103	
-0.6599242135799387	-0.8867322390976642	-0.8163523922010245	-0.34850165081113205	0.1404834888363083	0.5434943547405106	0.6599242135799387	0.04417585052882811	-0.2981255587574236	-0.3099706128084535	-0.45946227506753773	-0.5343740240168648	-0.4458168042527907	0.0	0.22958323239333334	-0.38198797119963285	
-0.46980373029518807	-0.7569142466280232	-0.9271435731879525	-0.554383072957414	-0.09057542157029175	0.3362619852360933	0.46980373029518807	-0.18636323570310975	-0.5093056532329351	-0.5199663692043783	-0.6511047966296132	-0.7141551744705025	-0.6394141185905584	-0.22958323239333334	0.0	-0.5839580175911739	
-0.8968802276130698	-0.9960756308384402	-0.5338274524452483	0.035966616923284456	0.5080300506071125	0.8229253088948703	0.8968802276130698	0.42244093961743795	0.0890998123010156	0.07670888554745015	-0.08533932900599522	-0.1709763778922192	-0.07008262378638103	0.38198797119963285	0.5839580175911739	0.0	
