0.0	-0.872503694299592	0.034485846558391764	0.9797371074598309	0.994714375711229	0.8931350744149298	0.9440899037521483	0.8372301741256327	0.6571424061118816	0.8725036942995923	0.9827494700385466	0.37659875648492497	0.07390935436781437	0.6764714784876898	0.9998279775084741	0.9797371074598309	
0.872503694299592	0.0	0.88883476092151	0.6534587529890831	0.5756141436234606	0.8288346797057902	0.17363532262335352	0.8862061686747357	0.9787487283578677	0.0	0.6415412028739484	0.9922758806974745	0.9062300307625893	0.9731008235185408	0.5047063580411201	0.6534587529890831	
-0.034485846558391764	-0.88883476092151	0.0	0.9722472522802793	0.9905816776861351	0.8770924865434802	0.9548979199058458	0.8178735704678695	0.6307572547349006	0.8888347609215105	0.975787041735914	0.3444278733507601	0.039473865562875354	0.6506713528839058	0.9985936346439814	0.9722472522802793	
-0.9797371074598309	-0.6534587529890831	-0.9722472522802793	0.0	0.09862912903198379	-0.2617904785637779	0.5120973646240896	-0.3680828916366755	-0.6068753568341848	0.6534587529890834	0.01563835300777877	-0.8321772757073369	-0.9622543491545021	-0.5860568621959432	0.18208151676655426	0.0	
-0.994714375711229	-0.5756141436234606	-0.9905816776861351	-0.09862912903198379	0.0	-0.35570346809943704	0.4248852495744838	-0.4579928872971304	-0.6823065287440389	0.5756141436234609	-0.08305496353836656	-0.882810603015149	-0.9844047368419104	-0.6631156190798616	0.08421334564885702	-0.09862912903198379	
-0.8931350744149298	-0.8288346797057902	-0.8770924865434802	0.2617904785637779	0.35570346809943704	0.0	0.7190968477231195	-0.11183495248483527	-0.3776401232422181	0.8288346797057905	0.27685142634871623	-0.6579895152179938	-0.8574487360859189	-0.35349701925515253	0.4331456168283147	0.2617904785637779	
-0.9440899037521483	-0.17363532262335352	-0.9548979199058458	-0.5120973646240896	-0.4248852495744838	-0.7190968477231195	0.0	-0.7923010178762792	-0.9282753349352465	0.1736353226233536	-0.4986025320333526	-0.9987428131418639	-0.9658748191386475	-0.918317394687074	-0.347142052833072	-0.5120973646240896	
-0.8372301741256327	-0.8862061686747357	-0.8178735704678695	0.3680828916366755	0.4579928872971304	0.11183495248483527	0.7923010178762792	0.0	-0.2717172612827781	0.8862061686747361	0.38257831089990346	-0.5696470634016311	-0.794522940382741	-0.24666505844503167	0.5312279274973043	0.3680828916366755	
-0.6571424061118816	-0.9787487283578677	-0.6307572547349006	0.6068753568341848	0.6823065287440389	0.3776401232422181	0.9282753349352465	0.2717172612827781	0.0	0.9787487283578682	0.6192304605103278	-0.3248937598884418	-0.599634706102777	0.02593660397269959	0.7414483345875661	0.6068753568341848	
-0.8725036942995923	-0.0	-0.8888347609215105	-0.6534587529890834	-0.5756141436234609	-0.8288346797057905	-0.1736353226233536	-0.8862061686747361	-0.9787487283578682	0.0	-0.6415412028739488	-0.992275880697475	-0.9062300307625898	-0.9731008235185412	-0.5047063580411203	-0.6534587529890834	
-0.9827494700385466	-0.6415412028739484	-0.975787041735914	-0.01563835300777877	0.08305496353836656	-0.27685142634871623	0.4986025320333526	-0.38257831089990346	-0.6192304605103278	0.6415412028739488	0.0	-0.8407471297186532	-0.9663926833422236	-0.5986564824889504	0.16668231712710802	-0.01563835300777877	
-0.37659875648492497	-0.9922758806974745	-0.3444278733507601	0.8321772757073369	0.882810603015149	0.6579895152179938	0.9987428131418639	0.5696470634016311	0.3248937598884418	0.992275880697475	0.8407471297186532	0.0	-0.3071008578278601	0.3493140189580728	0.9192320964826541	0.8321772757073369	
-0.07390935436781437	-0.9062300307625893	-0.039473865562875354	0.9622543491545021	0.9844047368419104	0.8574487360859189	0.9658748191386475	0.794522940382741	0.599634706102777	0.9062300307625898	0.9663926833422236	0.3071008578278601	0.0	0.6201893684739699	0.9957225664747058	0.9622543491545021	
-0.6764714784876898	-0.9731008235185408	-0.6506713528839058	0.5860568621959432	0.6631156190798616	0.35349701925515253	0.918317394687074	0.24666505844503167	-0.02593660397269959	0.9731008235185412	0.5986564824889504	-0.3493140189580728	-0.6201893684739699	0.0	0.7237951841236745	0.5860568621959432	
-0.9998279775084741	-0.5047063580411201	-0.9985936346439814	-0.18208151676655426	-0.08421334564885702	-0.4331456168283147	0.347142052833072	-0.5312279274973043	-0.7414483345875661	0.5047063580411203	-0.16668231712710802	-0.9192320964826541	-0.9957225664747058	-0.7237951841236745	0.0	-0.18208151676655426	
-0.9797371074598309	-0.6534587529890831	-0.9722472522802793	0.0	0.09862912903198379	-0.2617904785637779	0.5120973646240896	-0.3680828916366755	-0.6068753568341848	0.6534587529890834	0.01563835300777877	-0.8321772757073369	-0.9622543491545021	-0.5860568621959432	0.18208151676655426	0.0	
