0.0	0.14967612503728167	0.27002286564327954	-0.12071341754928082	0.9878953924185565	0.6412583640552076	0.12071341754928082	0.969548451880253	0.922101022822178	0.825470198931916	0.9973985780642018	0.9253181674990736	0.9556605537529981	0.9207913995122154	0.7736056376075553	0.9375344296134587	
-0.14967612503728167	0.0	0.12286483732253406	-0.2679351936639811	0.9535488377161656	0.7488848776151391	0.2679351936639811	0.9952821844097641	0.9696306889558446	0.9006553883243185	0.996952188657291	0.9716504651405069	0.988970324829589	0.8520367800151045	0.6700461573260816	0.8749019771713272	
-0.27002286564327954	-0.12286483732253406	0.0	-0.38427768206632307	0.909312577245369	0.8246334282000916	0.38427768206632307	0.9996620015662246	0.9923337141881484	0.9472204546363661	0.9798133991942076	0.9933366249458485	0.9996752831285296	0.7812637281661822	0.5737645377752657	0.8087697608679293	
0.12071341754928082	0.2679351936639811	0.38427768206632307	0.0	0.9993965587317178	0.5439426696382093	0.0	0.9328958661934397	0.8686481018312505	0.7512976944576509	0.9814035158323747	0.8727781673040159	0.9131256421008496	0.9611429366125864	0.8444407198132056	0.9726739067028586	
-0.9878953924185565	-0.9535488377161656	-0.909312577245369	-0.9993965587317178	0.0	0.8575098553316237	0.9993965587317178	0.3923330104927036	0.5253030927848361	0.6856615208077894	0.22592927746381808	0.5181384432416531	0.4391496428645746	-0.24249932730960735	-0.5059941593376898	-0.1982496113122345	
-0.6412583640552076	-0.7488848776151391	-0.8246334282000916	-0.5439426696382093	-0.8575098553316237	0.0	0.5439426696382093	-0.5869149028177396	-0.45941677251669105	-0.27144842236924693	-0.7191045499118919	-0.4668599945096129	-0.5444705641548485	-0.956672567717523	-0.9999514653150887	-0.9424826167591187	
-0.12071341754928082	-0.2679351936639811	-0.38427768206632307	-0.0	-0.9993965587317178	-0.5439426696382093	0.0	-0.9328958661934397	-0.8686481018312505	-0.7512976944576509	-0.9814035158323747	-0.8727781673040159	-0.9131256421008496	-0.9611429366125864	-0.8444407198132056	-0.9726739067028586	
-0.969548451880253	-0.9952821844097641	-0.9996620015662246	-0.9328958661934397	-0.3923330104927036	0.5869149028177396	0.9328958661934397	0.0	0.1493438791672303	0.34510015980481323	-0.17437373118207236	0.14103463206259687	0.05146260900722616	-0.6036790066622519	-0.8038268916700847	-0.566900416018103	
-0.922101022822178	-0.9696306889558446	-0.9923337141881484	-0.8686481018312505	-0.5253030927848361	0.45941677251669105	0.8686481018312505	-0.1493438791672303	0.0	0.2010609044949041	-0.3194740479442816	-0.00839816319046649	-0.0982605146521151	-0.715969983408577	-0.883651419571059	-0.6835702545186232	
-0.825470198931916	-0.9006553883243185	-0.9472204546363661	-0.7512976944576509	-0.6856615208077894	0.27144842236924693	0.7512976944576509	-0.34510015980481323	-0.2010609044949041	0.0	-0.5034742990922797	-0.20928047618014917	-0.29634182713341245	-0.8417158392202422	-0.9597318953307197	-0.816362172650785	
-0.9973985780642018	-0.996952188657291	-0.9798133991942076	-0.9814035158323747	-0.22592927746381808	0.7191045499118919	0.9814035158323747	0.17437373118207236	0.3194740479442816	0.5034742990922797	0.0	0.3115047239657859	0.22481685069581042	-0.4554148377242393	-0.6877833655194721	-0.41456854627286754	
-0.9253181674990736	-0.9716504651405069	-0.9933366249458485	-0.8727781673040159	-0.5181384432416531	0.4668599945096129	0.8727781673040159	-0.14103463206259687	0.00839816319046649	0.20928047618014917	-0.3115047239657859	0.0	-0.08989952729538164	-0.7100817159821685	-0.87968869548926	-0.677416457276756	
-0.9556605537529981	-0.988970324829589	-0.9996752831285296	-0.9131256421008496	-0.4391496428645746	0.5444705641548485	0.9131256421008496	-0.05146260900722616	0.0982605146521151	0.29634182713341245	-0.22481685069581042	0.08989952729538164	0.0	-0.6439064910634575	-0.8333749750226633	-0.608543422592713	
-0.9207913995122154	-0.8520367800151045	-0.7812637281661822	-0.9611429366125864	0.24249932730960735	0.956672567717523	0.9611429366125864	0.6036790066622519	0.715969983408577	0.8417158392202422	0.4554148377242393	0.7100817159821685	0.6439064910634575	0.0	-0.2817264110498937	0.04535392289686055	
-0.7736056376075553	-0.6700461573260816	-0.5737645377752657	-0.8444407198132056	0.5059941593376898	0.9999514653150887	0.8444407198132056	0.8038268916700847	0.883651419571059	0.9597318953307197	0.6877833655194721	0.87968869548926	0.8333749750226633	0.2817264110498937	0.0	0.32495336152123677	
-0.9375344296134587	-0.8749019771713272	-0.8087697608679293	-0.9726739067028586	0.1982496113122345	0.9424826167591187	0.9726739067028586	0.566900416018103	0.6835702545186232	0.816362172650785	0.41456854627286754	0.677416457276756	0.608543422592713	-0.04535392289686055	-0.32495336152123677	0.0	
