0.0	0.7991575487737006	0.9645388926474949	0.8085353330385767	0.9278280630737341	0.06967154434593276	0.9998386341774697	0.9715628700437462	0.16026265087272096	0.35456582740242604	-0.18179785174084412	-0.8085353330385767	-0.5306170133607924	0.6535502453813843	0.6144071401684787	0.5130736057518368	
-0.7991575487737006	0.0	0.36887493943836114	0.9562904430015345	0.25964523161510056	-0.755334512120941	0.5866685548990721	0.3948015444891408	-0.6924906169783629	-0.5340999384619054	-0.8951229480193515	-0.9562904430015345	-0.9963406474900468	-0.21200568133680597	-0.26119320803356716	-0.3775329356966534	
-0.9645388926474949	-0.36887493943836114	0.0	0.7809860569939244	-0.11488923120752936	-0.9438058887864351	0.24657118357385127	0.028049850399995357	-0.9097718085997555	-0.8082894446887583	-0.996449607135619	-0.7809860569939244	-0.9576059030357943	-0.5575446706100461	-0.5988436260137309	-0.6924857255407687	
-0.8085353330385767	-0.9562904430015345	-0.7809860569939244	0.0	-0.847568500966569	-0.8475686356961553	-0.6028772120445436	-0.7631602680549878	-0.8923907108413139	-0.9646490669618277	-0.6880833241869716	-0.0	-0.3730836790878158	-0.9965468499513208	-0.9994720251663853	-0.9959188959106232	
-0.9278280630737341	-0.25964523161510056	0.11488923120752936	0.847568500966569	0.0	-0.8995853730290844	0.3562804551448512	0.1427081381834417	-0.8560560580359258	-0.7352921068834315	-0.9801787481745734	-0.847568500966569	-0.9843623913663424	-0.4584778384083869	-0.502867392205056	-0.6050155797400991	
-0.06967154434593276	0.755334512120941	0.9438058887864351	0.8475686356961553	0.8995853730290844	0.0	0.9961574315436417	0.9527050090715325	0.09110221206059255	0.2885591696680092	-0.2498666128145937	-0.8475686356961553	-0.5883820220890559	0.5992288920346887	0.5579440298982595	0.45202463464879195	
-0.9998386341774697	-0.5866685548990721	-0.24657118357385127	0.6028772120445436	-0.3562804551448512	-0.9961574315436417	0.0	-0.21929036172891947	-0.9840361661588211	-0.9285107494804115	-0.9864430662185402	-0.6028772120445436	-0.8570069278325076	-0.7450206155108026	-0.7778246108954016	-0.8489892470744396	
-0.9715628700437462	-0.3948015444891408	-0.028049850399995357	0.7631602680549878	-0.1427081381834417	-0.9527050090715325	0.21929036172891947	0.0	-0.9210575743516773	-0.824486744065488	-0.9984190839365376	-0.7631602680549878	-0.949148467374873	-0.5806107884671767	-0.6210721671569236	-0.7124492978920057	
-0.16026265087272096	0.6924906169783629	0.9097718085997555	0.8923907108413139	0.8560560580359258	-0.09110221206059255	0.9840361661588211	0.9210575743516773	0.0	0.20013229788532907	-0.33704002851159465	-0.8923907108413139	-0.6595989703273093	0.5238026229017548	0.480020071449516	0.3688812414876835	
-0.35456582740242604	0.5340999384619054	0.8082894446887583	0.9646490669618277	0.7352921068834315	-0.2885591696680092	0.9285107494804115	0.824486744065488	-0.20013229788532907	0.0	-0.5186439529410495	-0.9646490669618277	-0.7966775277437869	0.3427248812740919	0.29474116861896005	0.1754000869498463	
0.18179785174084412	0.8951229480193515	0.996449607135619	0.6880833241869716	0.9801787481745734	0.2498666128145937	0.9864430662185402	0.9984190839365376	0.33704002851159465	0.5186439529410495	0.0	-0.6880833241869716	-0.36768078635289203	0.7802591625459485	0.7476051444653652	0.6605689153692207	
0.8085353330385767	0.9562904430015345	0.7809860569939244	0.0	0.847568500966569	0.8475686356961553	0.6028772120445436	0.7631602680549878	0.8923907108413139	0.9646490669618277	0.6880833241869716	0.0	0.3730836790878158	0.9965468499513208	0.9994720251663853	0.9959188959106232	
0.5306170133607924	0.9963406474900468	0.9576059030357943	0.3730836790878158	0.9843623913663424	0.5883820220890559	0.8570069278325076	0.949148467374873	0.6595989703273093	0.7966775277437869	0.36768078635289203	-0.3730836790878158	0.0	0.9555718985184342	0.9394297394385972	0.8903394436320486	
-0.6535502453813843	0.21200568133680597	0.5575446706100461	0.9965468499513208	0.4584778384083869	-0.5992288920346887	0.7450206155108026	0.5806107884671767	-0.5238026229017548	-0.3427248812740919	-0.7802591625459485	-0.9965468499513208	-0.9555718985184342	0.0	-0.05060964623901077	-0.17263457451218972	
-0.6144071401684787	0.26119320803356716	0.5988436260137309	0.9994720251663853	0.502867392205056	-0.5579440298982595	0.7778246108954016	0.6210721671569236	-0.480020071449516	-0.29474116861896005	-0.7476051444653652	-0.9994720251663853	-0.9394297394385972	0.05060964623901077	0.0	-0.12256355514306125	
-0.5130736057518368	0.3775329356966534	0.6924857255407687	0.9959188959106232	0.6050155797400991	-0.45202463464879195	0.8489892470744396	0.7124492978920057	-0.3688812414876835	-0.1754000869498463	-0.6605689153692207	-0.9959188959106232	-0.8903394436320486	0.17263457451218972	0.12256355514306125	0.0	
