0.0	0.9978737215734281	0.9976234812076183	0.9360167990792922	0.7121291542658907	0.979947652562523	0.2703714400777072	0.0	0.5914638410952153	0.9096982067846794	0.7815552044853592	0.548536469017298	0.9227183252047727	0.9901988429745174	0.9113891461298015	0.934607923136011	
-0.9978737215734281	0.0	0.13377686427604124	-0.29020024430413194	-0.6541413173725869	-0.1349614300607787	0.9783309880618339	0.9978737215734284	0.8431668511413466	0.4736783813556185	-0.5715702465333646	-0.7985968542937958	-0.32451529191653294	-0.07482966799560054	-0.35126902045758424	-0.2940084983857677	
-0.9976234812076183	-0.13377686427604124	0.0	-0.4156116764018791	-0.749446675754741	-0.26630124639565467	0.941839134873926	0.9976234812076186	0.7636626306568601	0.3516037096220619	-0.676203700957297	-0.8719344380131481	-0.4481352998029694	-0.20755885802834595	-0.4733635077482002	-0.4192300988638969	
-0.9360167990792922	0.29020024430413194	0.4156116764018791	0.0	-0.40649152164159474	0.15839166719916528	0.9963145399615297	0.9360167990792925	0.9629087002741323	0.708872825156805	-0.3088485393165319	-0.5895682402225019	-0.036055345096111246	0.21777717473590633	-0.06444538010282863	-0.003981912593351511	
-0.7121291542658907	0.6541413173725869	0.749446675754741	0.40649152164159474	0.0	0.5460753876718138	0.8754205369147617	0.7121291542658909	0.989448475748785	0.9343781165378782	0.10443777858963704	-0.21033095615226582	0.3732850884649719	0.5957082289762613	0.3467657066713284	0.4028502064677588	
-0.979947652562523	0.1349614300607787	0.26630124639565467	-0.15839166719916528	-0.5460753876718138	0.0	0.9973234587354707	0.9799476525625233	0.9080148747571508	0.5882048761289577	-0.45559784115700974	-0.7100616351463038	-0.19388887555456955	0.060438002418735676	-0.22169425321971253	-0.16232205786378756	
-0.2703714400777072	-0.9783309880618339	-0.941839134873926	-0.9963145399615297	-0.8754205369147617	-0.9973234587354707	0.0	0.27037144007770725	-0.3514263986626621	-0.7635403387309991	-0.9211144919624885	-0.7541715860318963	-0.9925740864698916	-0.991081332377464	-0.9887156394920686	-0.9959650930867656	
-0.0	-0.9978737215734284	-0.9976234812076186	-0.9360167990792925	-0.7121291542658909	-0.9799476525625233	-0.27037144007770725	0.0	-0.5914638410952154	-0.9096982067846796	-0.7815552044853594	-0.5485364690172981	-0.9227183252047729	-0.9901988429745177	-0.9113891461298017	-0.9346079231360113	
-0.5914638410952153	-0.8431668511413466	-0.7636626306568601	-0.9629087002741323	-0.989448475748785	-0.9080148747571508	0.3514263986626621	0.5914638410952154	0.0	-0.4879011513155511	-0.999169085901264	-0.9368409148710928	-0.9720113325311572	-0.8810352094540986	-0.9782961706467058	-0.9639754956724189	
-0.9096982067846794	-0.4736783813556185	-0.3516037096220619	-0.708872825156805	-0.9343781165378782	-0.5882048761289577	0.7635403387309991	0.9096982067846796	0.4879011513155511	0.0	-0.8920589983269351	-0.9884136356435904	-0.7338430565204097	-0.538252675001166	-0.7528549126923152	-0.7116757928793039	
-0.7815552044853592	0.5715702465333646	0.676203700957297	0.3088485393165319	-0.10443777858963704	0.45559784115700974	0.9211144919624885	0.7815552044853594	0.999169085901264	0.8920589983269351	0.0	-0.31128227571762634	0.2743550805747398	0.5085660333092369	0.2469117910427046	0.30505884901205277	
-0.548536469017298	0.7985968542937958	0.8719344380131481	0.5895682402225019	0.21033095615226582	0.7100616351463038	0.7541715860318963	0.5485364690172981	0.9368409148710928	0.9884136356435904	0.31128227571762634	0.0	0.5600623279832848	0.7513203956133986	0.5362889365760506	0.5863473014664558	
-0.9227183252047727	0.32451529191653294	0.4481352998029694	0.036055345096111246	-0.3732850884649719	0.19388887555456955	0.9925740864698916	0.9227183252047729	0.9720113325311572	0.7338430565204097	-0.2743550805747398	-0.5600623279832848	0.0	0.25282553814219716	-0.028423082834919455	0.032075735722384424	
-0.9901988429745174	0.07482966799560054	0.20755885802834595	-0.21777717473590633	-0.5957082289762613	-0.060438002418735676	0.991081332377464	0.9901988429745177	0.8810352094540986	0.538252675001166	-0.5085660333092369	-0.7513203956133986	-0.25282553814219716	0.0	-0.28022306266297325	-0.2216617890119084	
-0.9113891461298015	0.35126902045758424	0.4733635077482002	0.06444538010282863	-0.3467657066713284	0.22169425321971253	0.9887156394920686	0.9113891461298017	0.9782961706467058	0.7528549126923152	-0.2469117910427046	-0.5362889365760506	0.028423082834919455	0.28022306266297325	0.0	0.06047123405357002	
-0.934607923136011	0.2940084983857677	0.4192300988638969	0.003981912593351511	-0.4028502064677588	0.16232205786378756	0.9959650930867656	0.9346079231360113	0.9639754956724189	0.7116757928793039	-0.30505884901205277	-0.5863473014664558	-0.032075735722384424	0.2216617890119084	-0.06047123405357002	0.0	
