0.0	0.8338785233157924	0.9999789168787807	0.9994727885497869	0.918205684528906	0.900399073075868	0.8229030829704567	0.8923729023535907	2.1073424255447017e-08	0.49851149558324104	0.3711538655195671	0.509636756650355	0.6347381570358313	0.6185895126803838	0.8769839949489807	0.9630058095222295	
-0.8338785233157924	0.0	0.5465215689685575	0.524582986008631	0.176499244881338	0.13418216211753065	-0.019594848661768194	0.8688718232078905	0.8338785349472267	0.9980276186824413	0.9791733696617824	0.9987534584935249	0.9947031595931286	0.9966195606561332	0.884744535749169	0.7562432536309271	
-0.9999789168787807	-0.5465215689685575	0.0	-0.025976817692255395	-0.39013318909404504	-0.42920901662432676	-0.562826246788394	0.45708392208377385	0.9999789170156211	0.8701019059048122	0.9309618979411532	0.8636808619808385	0.776832687934675	0.7897145919636088	0.4862041680614236	0.27572824732618995	
-0.9994727885497869	-0.524582986008631	0.025976817692255395	0.0	-0.3660831629143466	-0.4056017814961862	-0.5411645244191561	0.4800340710207997	0.9994727892339902	0.8826115286612747	0.9401323013924966	0.8764827396496976	0.7929283276383838	0.8053842123985429	0.508739814835881	0.3006050442801819	
-0.918205684528906	-0.176499244881338	0.39013318909404504	0.3660831629143466	0.0	-0.0428275000164825	-0.1957525822040061	0.7678575306538018	0.9182056928761719	0.9934393404952053	0.9996350233954904	0.9918838022476184	0.9609448711507573	0.9664731030881282	0.7885926196833217	0.6288890306087653	
-0.900399073075868	-0.13418216211753065	0.42920901662432676	0.4056017814961862	0.0428275000164825	0.0	-0.1535740457123851	0.7945891880636647	0.900399082244176	0.997425607198428	0.9975608473074035	0.9964191463440715	0.9719152633540151	0.9765830724494869	0.8142043862852282	0.6616101836295863	
-0.8229030829704567	0.019594848661768194	0.562826246788394	0.5411645244191561	0.1957525822040061	0.1535740457123851	0.0	0.878405179549183	0.8229030949439918	0.9966059064706587	0.9750071092482587	0.9975836191739123	0.9965263183566979	0.9980380278748952	0.8937073613620923	0.7689187814034539	
-0.8923729023535907	-0.8688718232078905	-0.45708392208377385	-0.4800340710207997	-0.7678575306538018	-0.7945891880636647	-0.878405179549183	0.0	0.8923728928431794	0.5486053398235134	0.6611306449956471	0.5377899682363845	0.4031043327587546	0.4219814785323713	0.03302083675571299	-0.1941261488636678	
-2.1073424255447017e-08	-0.8338785349472267	-0.9999789170156211	-0.9994727892339902	-0.9182056928761719	-0.900399082244176	-0.8229030949439918	-0.8923728928431794	0.0	-0.4985114773150458	-0.3711538459513884	-0.5096367385189985	-0.634738140751821	-0.6185894961226921	-0.8769839848227874	-0.9630058038433496	
-0.49851149558324104	-0.9980276186824413	-0.8701019059048122	-0.8826115286612747	-0.9934393404952053	-0.997425607198428	-0.9966059064706587	-0.5486053398235134	0.4985114773150458	0.0	0.14115649832070815	-0.012881346646923142	-0.1650303344616671	-0.14455715934835695	-0.5206980564142606	-0.7004742574972556	
-0.3711538655195671	-0.9791733696617824	-0.9309618979411532	-0.9401323013924966	-0.9996350233954904	-0.9975608473074035	-0.9750071092482587	-0.6611306449956471	0.3711538459513884	-0.14115649832070815	0.0	-0.15389715636473117	-0.30259896411147824	-0.2827836052679507	-0.6359955367649917	-0.7942008555660311	
-0.509636756650355	-0.9987534584935249	-0.8636808619808385	-0.8764827396496976	-0.9918838022476184	-0.9964191463440715	-0.9975836191739123	-0.5377899682363845	0.5096367385189985	0.012881346646923142	0.15389715636473117	0.0	-0.15231191827246648	-0.13179911893310958	-0.5096575225915561	-0.6912230111150408	
-0.6347381570358313	-0.9947031595931286	-0.776832687934675	-0.7929283276383838	-0.9609448711507573	-0.9719152633540151	-0.9965263183566979	-0.4031043327587546	0.634738140751821	0.1650303344616671	0.30259896411147824	0.15231191827246648	0.0	0.020721867705230046	-0.3726653534422794	-0.5730912345092823	
-0.6185895126803838	-0.9966195606561332	-0.7897145919636088	-0.8053842123985429	-0.9664731030881282	-0.9765830724494869	-0.9980380278748952	-0.4219814785323713	0.6185894961226921	0.14455715934835695	0.2827836052679507	0.13179911893310958	-0.020721867705230046	0.0	-0.3918145190184624	-0.5899495757581271	
-0.8769839949489807	-0.884744535749169	-0.4862041680614236	-0.508739814835881	-0.7885926196833217	-0.8142043862852282	-0.8937073613620923	-0.03302083675571299	0.8769839848227874	0.5206980564142606	0.6359955367649917	0.5096575225915561	0.3726653534422794	0.3918145190184624	0.0	-0.22641295208838513	
-0.9630058095222295	-0.7562432536309271	-0.27572824732618995	-0.3006050442801819	-0.6288890306087653	-0.6616101836295863	-0.7689187814034539	0.1941261488636678	0.9630058038433496	0.7004742574972556	0.7942008555660311	0.6912230111150408	0.5730912345092823	0.5899495757581271	0.22641295208838513	0.0	
