0.0	0.7242106976549826	0.9038081062191209	0.9999385429094223	0.9901953620379003	0.9860756912881073	0.9785080889220729	0.9973194331831918	0.9930709262896786	0.999702510960291	0.9914060758286372	0.999997541788895	0.9555280964656914	0.5749596173189074	0.0	0.8838082945179991	
-0.7242106976549826	0.0	0.3133296159901511	0.6815074205362033	0.7839822899766856	0.5595427008990812	0.5254200372453052	0.7407212855894236	0.7699073471628273	0.671709858841689	0.5889109950641548	0.6879712723900662	0.8724816716064383	0.9890159432114627	0.7242106976549826	0.9482768418420873	
-0.9038081062191209	-0.3133296159901511	0.0	0.4178916059173201	0.5499946597866355	0.2716785485175738	0.232367908444264	0.492923107186732	0.5311851518677256	0.40576646069489397	0.3060237122545873	0.4259329060880145	0.6754398372960122	0.9855263846021175	0.9038081062191209	0.8010610516318148	
-0.9999385429094223	-0.6815074205362033	-0.4178916059173201	0.0	0.15065867164074642	-0.15535477196745545	-0.19534753857503112	0.08422296004806498	0.12851898737958223	-0.013305661006200531	-0.11982120039801679	0.008869306199105724	0.3054754146348051	0.8245057928459869	0.9999385429094223	0.4776188111842136	
-0.9901953620379003	-0.7839822899766856	-0.5499946597866355	-0.15065867164074642	0.0	-0.3024110137603913	-0.3408739046676752	-0.06686174571654721	-0.022357215372189	-0.1637991227719092	-0.2680267914956398	-0.14188467524641643	0.15853148794307037	0.7298440139468123	0.9901953620379003	0.33980343134976765	
-0.9860756912881073	-0.5595427008990812	-0.2716785485175738	0.15535477196745545	0.3024110137603913	0.0	-0.04061405414060884	0.2380031736552141	0.28102502760578807	0.1421969057589113	0.035869096234358716	0.16411028305468928	0.4496953671613729	0.9024032989720124	0.9860756912881073	0.6083095204017614	
-0.9785080889220729	-0.5254200372453052	-0.232367908444264	0.19534753857503112	0.3408739046676752	0.04061405414060884	0.0	0.2772537833362494	0.3197704819755848	0.18228093035599616	0.07642741983450621	0.20403828582790756	0.48560006943829065	0.9191590225254983	0.9785080889220729	0.6400429802507954	
-0.9973194331831918	-0.7407212855894236	-0.492923107186732	-0.08422296004806498	0.06686174571654721	-0.2380031736552141	-0.2772537833362494	0.0	0.044537847863442545	-0.09747388939503994	-0.20301164248510445	-0.07538185432847837	0.22419294092742825	0.7739184118726551	0.9973194331831918	0.4019262725878719	
-0.9930709262896786	-0.7699073471628273	-0.5311851518677256	-0.12851898737958223	0.022357215372189	-0.28102502760578807	-0.3197704819755848	-0.044537847863442545	0.0	-0.14170292813945612	-0.24642059970897806	-0.11971817886104962	0.18056634668192245	0.744945285800697	0.9930709262896786	0.3607453785483582	
-0.999702510960291	-0.671709858841689	-0.40576646069489397	0.013305661006200531	0.1637991227719092	-0.1421969057589113	-0.18228093035599616	0.09747388939503994	0.14170292813945612	0.0	-0.10660079311430828	0.02217365870434998	0.31811802258865185	0.8319618591250723	0.999702510960291	0.48926644727641905	
-0.9914060758286372	-0.5889109950641548	-0.3060237122545873	0.11982120039801679	0.2680267914956398	-0.035869096234358716	-0.07642741983450621	0.20301164248510445	0.24642059970897806	0.10660079311430828	0.0	0.12862189463381815	0.41736835586261956	0.8863668776404392	0.9914060758286372	0.5794487733446992	
-0.999997541788895	-0.6879712723900662	-0.4259329060880145	-0.008869306199105724	0.14188467524641643	-0.16411028305468928	-0.20403828582790756	0.07538185432847837	0.11971817886104962	-0.02217365870434998	-0.12862189463381815	0.0	0.29701804630732076	0.8194546344362618	0.999997541788895	0.4698077437280188	
-0.9555280964656914	-0.8724816716064383	-0.6754398372960122	-0.3054754146348051	-0.15853148794307037	-0.4496953671613729	-0.48560006943829065	-0.22419294092742825	-0.18056634668192245	-0.31811802258865185	-0.41736835586261956	-0.29701804630732076	0.0	0.6122400497564926	0.9555280964656914	0.18640794435141278	
-0.5749596173189074	-0.9890159432114627	-0.9855263846021175	-0.8245057928459869	-0.7298440139468123	-0.9024032989720124	-0.9191590225254983	-0.7739184118726551	-0.744945285800697	-0.8319618591250723	-0.8863668776404392	-0.8194546344362618	-0.6122400497564926	0.0	0.5749596173189074	-0.4541214386750254	
-0.0	-0.7242106976549826	-0.9038081062191209	-0.9999385429094223	-0.9901953620379003	-0.9860756912881073	-0.9785080889220729	-0.9973194331831918	-0.9930709262896786	-0.999702510960291	-0.9914060758286372	-0.999997541788895	-0.9555280964656914	-0.5749596173189074	0.0	-0.8838082945179991	
-0.8838082945179991	-0.9482768418420873	-0.8010610516318148	-0.4776188111842136	-0.33980343134976765	-0.6083095204017614	-0.6400429802507954	-0.4019262725878719	-0.3607453785483582	-0.48926644727641905	-0.5794487733446992	-0.4698077437280188	-0.18640794435141278	0.4541214386750254	0.8838082945179991	0.0	
