0.0	0.36303187709443174	0.9983556356767977	0.42656143354317344	0.8138838702196798	-0.27722085279943165	-0.42656143354317344	0.15391762222795385	0.6024045088815411	0.9553076838001859	0.9984640545935148	0.9965759836842027	0.9877588735577434	0.9999999779064439	0.9980602709288788	0.8932972179738967	
-0.36303187709443174	0.0	0.9510549275779678	0.7258073136505877	0.5474265110787636	-0.607111223754995	-0.7258073136505877	-0.21528901712881415	0.2715377352157935	0.7828164053848987	0.9102323782121984	0.8985701094114334	0.8637419306907915	0.9318530115167672	0.9073687454354915	0.6691829066103163	
-0.9983556356767977	-0.9510549275779678	0.0	0.878519184775568	-0.6267271199853895	-0.9433349390061687	-0.878519184775568	-0.9952820658690082	-0.8314105932820393	-0.3498891365453153	-0.11254806298006936	-0.13967359454197642	-0.21235413346468193	-0.057113995227004555	-0.11936538022784016	-0.4999345960618366	
-0.42656143354317344	-0.7258073136505877	-0.878519184775568	0.0	-0.9839682151368655	-0.1591080979695226	-0.0	-0.5606905082673441	-0.885327413394043	-0.9901334794166892	-0.9267023266005792	-0.9366306514964474	-0.9599256714693853	-0.9043689050077723	-0.9292598049489786	-0.9996753922204255	
-0.8138838702196798	-0.5474265110787636	0.6267271199853895	0.9839682151368655	0.0	-0.9430576480979228	-0.9839682151368655	-0.714754989239919	-0.2996211147560679	0.31446520413124246	0.5350432542991207	0.5117446049787071	0.44695863289335236	0.5811986489827765	0.5292321319775318	0.15321683310629525	
0.27722085279943165	0.607111223754995	0.9433349390061687	0.1591080979695226	0.9430576480979228	0.0	-0.1591080979695226	0.4218024106881442	0.80006917955389	0.9998157417836868	0.974689442585674	0.980437574344618	0.9922881339207154	0.9607479282449546	0.9762009272797603	0.9828869960059594	
0.42656143354317344	0.7258073136505877	0.878519184775568	0.0	0.9839682151368655	0.1591080979695226	0.0	0.5606905082673441	0.885327413394043	0.9901334794166892	0.9267023266005792	0.9366306514964474	0.9599256714693853	0.9043689050077723	0.9292598049489786	0.9996753922204255	
-0.15391762222795385	0.21528901712881415	0.9952820658690082	0.5606905082673441	0.714754989239919	-0.4218024106881442	-0.5606905082673441	0.0	0.47237041152737363	0.8984238372378078	0.9780384883084184	0.9719742560664667	0.9519790493470162	0.9881160162627358	0.9765849142023637	0.8134715999216166	
-0.6024045088815411	-0.2715377352157935	0.8314105932820393	0.885327413394043	0.2996211147560679	-0.80006917955389	-0.885327413394043	-0.47237041152737363	0.0	0.5844391656046386	0.7635897511396441	0.7456499468920029	0.6944520357572597	0.7983175716015634	0.7591399413665025	0.4422611536219045	
-0.9553076838001859	-0.7828164053848987	0.3498891365453153	0.9901334794166892	-0.31446520413124246	-0.9998157417836868	-0.9901334794166892	-0.8984238372378078	-0.5844391656046386	0.0	0.2422320142537482	0.2156144009716485	0.1429776713803836	0.29581411650161016	0.23556713970435098	-0.1653081956394381	
-0.9984640545935148	-0.9102323782121984	0.11254806298006936	0.9267023266005792	-0.5350432542991207	-0.974689442585674	-0.9267023266005792	-0.9780384883084184	-0.7635897511396441	-0.2422320142537482	0.0	-0.027341326051025516	-0.1010237410340924	0.05561323766901338	-0.006863577511967478	-0.3992844213242616	
-0.9965759836842027	-0.8985701094114334	0.13967359454197642	0.9366306514964474	-0.5117446049787071	-0.980437574344618	-0.9366306514964474	-0.9719742560664667	-0.7456499468920029	-0.2156144009716485	0.027341326051025516	0.0	-0.07378452567805771	0.08289145923887359	0.02047967043118465	-0.37406788229943677	
-0.9877588735577434	-0.8637419306907915	0.21235413346468193	0.9599256714693853	-0.44695863289335236	-0.9922881339207154	-0.9599256714693853	-0.9519790493470162	-0.6944520357572597	-0.1429776713803836	0.1010237410340924	0.07378452567805771	0.0	0.15619611650461857	0.09419289790379676	-0.3046203837004043	
-0.9999999779064439	-0.9318530115167672	0.057113995227004555	0.9043689050077723	-0.5811986489827765	-0.9607479282449546	-0.9043689050077723	-0.9881160162627358	-0.7983175716015634	-0.29581411650161016	-0.05561323766901338	-0.08289145923887359	-0.15619611650461857	0.0	-0.06246488306570569	-0.4496542073091228	
-0.9980602709288788	-0.9073687454354915	0.11936538022784016	0.9292598049489786	-0.5292321319775318	-0.9762009272797603	-0.9292598049489786	-0.9765849142023637	-0.7591399413665025	-0.23556713970435098	0.006863577511967478	-0.02047967043118465	-0.09419289790379676	0.06246488306570569	0.0	-0.39298230238997023	
-0.8932972179738967	-0.6691829066103163	0.4999345960618366	0.9996753922204255	-0.15321683310629525	-0.9828869960059594	-0.9996753922204255	-0.8134715999216166	-0.4422611536219045	0.1653081956394381	0.3992844213242616	0.37406788229943677	0.3046203837004043	0.4496542073091228	0.39298230238997023	0.0	
