0.0	0.7620807037950449	0.99658403457825	0.6637789636473759	0.8434609382577221	0.4212657767759932	-0.03838737075230486	-0.6118377440623413	-0.7620807037950449	-0.07811837503880326	0.9194247569720426	0.8855621315183955	0.018731504040324587	-0.08827958333775482	0.36589569483222795	0.7646563456081947	
-0.7620807037950449	0.0	-0.5823339287817416	-0.9997670670366263	-0.9555083377498966	-0.9639213925087892	-0.7366638660619762	-0.20663915227039029	-0.0	-0.7091716087324259	-0.8950114240224425	-0.927388032519983	-0.7740753093008443	-0.7019458941869342	-0.9461457705797426	-0.9862152197541031	
-0.99658403457825	0.5823339287817416	0.0	-0.8001920039775456	-0.6050126057021857	-0.9386293498172793	-0.9926792693038733	-0.7377527793951886	-0.5823339287817416	-0.9870871674604287	-0.4678531594142973	-0.5360682009221678	-0.9979561228664635	-0.9854025487603808	-0.9576942287254328	-0.7053859336447423	
-0.6637789636473759	0.9997670670366263	0.8001920039775456	0.0	0.27427296501925885	-0.28692905066073715	-0.6920007343227476	-0.9826491413538322	-0.9997670670366263	-0.7201774975454143	0.42662258147932497	0.3539981873813589	-0.6496526723110759	-0.7272142379841474	-0.34408585873543723	0.14414394025589328	
-0.8434609382577221	0.9555083377498966	0.6050126057021857	-0.27427296501925885	0.0	-0.5386661517208646	-0.86346058257406	-0.9958369438790042	-0.9555083377498966	-0.8828478477644071	0.16220177882414122	0.08391029966336422	-0.8332505667886317	-0.8875907985610079	-0.5884161742840538	-0.13279236743810952	
-0.4212657767759932	0.9639213925087892	0.9386293498172793	0.28692905066073715	0.5386661517208646	0.0	-0.4557702116062631	-0.8881126235962932	-0.9639213925087892	-0.49082688960022625	0.668191054763005	0.6074624915296046	-0.4042035672382636	-0.49968508502324616	-0.06020903702514413	0.42201552569136846	
0.03838737075230486	0.7366638660619762	0.9926792693038733	0.6920007343227476	0.86346058257406	0.4557702116062631	0.0	-0.5810230097527052	-0.7366638660619762	-0.03979073416258461	0.933843525812473	0.9027411509726955	0.057098333359113906	-0.0499770190716729	0.40135143704382636	0.788831033318614	
0.6118377440623413	0.20663915227039029	0.7377527793951886	0.9826491413538322	0.9958369438790042	0.8881126235962932	0.5810230097527052	0.0	-0.20663915227039029	0.5481776934710343	0.9678645834593865	0.9846763027724886	0.6265467039315612	0.5396212921303123	0.8588277681954973	0.9991220489604783	
0.7620807037950449	0.0	0.5823339287817416	0.9997670670366263	0.9555083377498966	0.9639213925087892	0.7366638660619762	0.20663915227039029	0.0	0.7091716087324259	0.8950114240224425	0.927388032519983	0.7740753093008443	0.7019458941869342	0.9461457705797426	0.9862152197541031	
0.07811837503880326	0.7091716087324259	0.9870871674604287	0.7201774975454143	0.8828478477644071	0.49082688960022625	0.03979073416258461	-0.5481776934710343	-0.7091716087324259	0.0	0.9473363759256698	0.9191435553795281	0.09677893142709887	-0.010196428640857791	0.43747887463849133	0.8126620947939752	
-0.9194247569720426	0.8950114240224425	0.4678531594142973	-0.42662258147932497	-0.16220177882414122	-0.668191054763005	-0.933843525812473	-0.9678645834593865	-0.8950114240224425	-0.9473363759256698	0.0	-0.07883061692635912	-0.9118969809445172	-0.9505524351399894	-0.7117737210753652	-0.2917991793606208	
-0.8855621315183955	0.927388032519983	0.5360682009221678	-0.3539981873813589	-0.08391029966336422	-0.6074624915296046	-0.9027411509726955	-0.9846763027724886	-0.927388032519983	-0.9191435553795281	0.07883061692635912	0.0	-0.8767055836146792	-0.9231123788685358	-0.6541873771387324	-0.21549123001805928	
-0.018731504040324587	0.7740753093008443	0.9979561228664635	0.6496526723110759	0.8332505667886317	0.4042035672382636	-0.057098333359113906	-0.6265467039315612	-0.7740753093008443	-0.09677893142709887	0.9118969809445172	0.8767055836146792	0.0	-0.10692246598608063	0.3483989143178199	0.7524508887398383	
0.08827958333775482	0.7019458941869342	0.9854025487603808	0.7272142379841474	0.8875907985610079	0.49968508502324616	0.0499770190716729	-0.5396212921303123	-0.7019458941869342	0.010196428640857791	0.9505524351399894	0.9231123788685358	0.10692246598608063	0.0	0.44662505348417086	0.8185616665510934	
-0.36589569483222795	0.9461457705797426	0.9576942287254328	0.34408585873543723	0.5884161742840538	0.06020903702514413	-0.40135143704382636	-0.8588277681954973	-0.9461457705797426	-0.43747887463849133	0.7117737210753652	0.6541873771387324	-0.3483989143178199	-0.44662505348417086	0.0	0.47583472780808556	
-0.7646563456081947	0.9862152197541031	0.7053859336447423	-0.14414394025589328	0.13279236743810952	-0.42201552569136846	-0.788831033318614	-0.9991220489604783	-0.9862152197541031	-0.8126620947939752	0.2917991793606208	0.21549123001805928	-0.7524508887398383	-0.8185616665510934	-0.47583472780808556	0.0	
