0.0	0.28026676192758637	0.41514271790351354	-0.3669091435174207	-0.9689359332324603	-0.9959165374963651	-0.3466859694845049	-0.007391212597506525	0.02598001991412141	0.19737637414606285	0.7376557564563735	0.7531868898954132	0.20909471706371743	-0.4003538620704862	-0.31272258880012627	0.9689359332324601	
-0.28026676192758637	0.0	0.1435302399828839	-0.6129242714917728	-0.8607897734625819	-0.9813044773645179	-0.5956765123247427	-0.28735409505199283	-0.2552333646514925	-0.08528733979419828	0.5188624305359445	0.5386394591273037	-0.07335692400978505	-0.6411339653371161	-0.5663991846840633	0.8607897734625817	
-0.41514271790351354	-0.1435302399828839	0.0	-0.7199872333319807	-0.7788258499604351	-0.9435199035929223	-0.7047958329429251	-0.42185558033903564	-0.39136710482441517	-0.2274115416137985	0.39079215504717824	0.41213290216476256	-0.2157409152405837	-0.7446448860859876	-0.6788223741589496	0.7788258499604349	
0.3669091435174207	0.6129242714917728	0.7199872333319807	0.0	-0.99210020680525	-0.8933340192392578	0.021646925329568786	0.3600233956071227	0.3909533875760251	0.5433019387767221	0.9339378859846912	0.9420124646868719	0.5533105396516028	-0.03621080529457732	0.05759432446087567	0.9921002068052498	
0.9689359332324603	0.8607897734625819	0.7788258499604351	0.99210020680525	0.0	0.333776285913689	0.9945832974330026	0.9707374009274957	0.9621837137318475	0.9010612989838226	0.471772240252328	0.4511003889764973	0.8958063811464463	0.9869069913680609	0.9976784771085703	0.0	
0.9959165374963651	0.9813044773645179	0.9435199035929223	0.8933340192392578	-0.333776285913689	0.0	0.9028526743144237	0.9952220643151527	0.9979258215188271	0.9941435434559637	0.7390145727004134	0.7231172218202937	0.9927790006044057	0.8764752543627674	0.9177336496119576	0.33377628591368896	
0.3466859694845049	0.5956765123247427	0.7047958329429251	-0.021646925329568786	-0.9945832974330026	-0.9028526743144237	0.0	0.3397436807405347	0.3709377216425934	0.5250012282439454	0.9259816674580041	0.9345275009069165	0.5351495378661052	-0.05783504900853459	0.035969835903725364	0.9945832974330023	
0.007391212597506525	0.28735409505199283	0.42185558033903564	-0.3600233956071227	-0.9707374009274957	-0.9952220643151527	-0.3397436807405347	0.0	0.033368028044608034	0.20461679381195116	0.7426259838733235	0.7580283046549672	0.21631683830748633	-0.39356991009531755	-0.30569354399598364	0.9707374009274955	
-0.02598001991412141	0.2552333646514925	0.39136710482441517	-0.3909533875760251	-0.9621837137318475	-0.9979258215188271	-0.3709377216425934	-0.033368028044608034	0.0	0.17184081679360672	0.7198656578657853	0.7358428326486444	0.18361839793799026	-0.424025794700739	-0.33729401228048633	0.9621837137318473	
-0.19737637414606285	0.08528733979419828	0.2274115416137985	-0.5433019387767221	-0.9010612989838226	-0.9941435434559637	-0.5250012282439454	-0.20461679381195116	-0.17184081679360672	0.0	0.5898804454541586	0.6085345563226485	0.01196791400006264	-0.573345951504484	-0.4940475072114335	0.9010612989838224	
-0.7376557564563735	-0.5188624305359445	-0.39079215504717824	-0.9339378859846912	-0.471772240252328	-0.7390145727004134	-0.9259816674580041	-0.7426259838733235	-0.7198656578657853	-0.5898804454541586	0.0	0.023299649576525527	-0.5801742213786638	-0.9462684066361131	-0.911801366556968	0.4717722402523279	
-0.7531868898954132	-0.5386394591273037	-0.41213290216476256	-0.9420124646868719	-0.4511003889764973	-0.7231172218202937	-0.9345275009069165	-0.7580283046549672	-0.7358428326486444	-0.6085345563226485	-0.023299649576525527	0.0	-0.5989941068936918	-0.9535462135979291	-0.9211214076466149	0.4511003889764972	
-0.20909471706371743	0.07335692400978505	0.2157409152405837	-0.5533105396516028	-0.8958063811464463	-0.9927790006044057	-0.5351495378661052	-0.21631683830748633	-0.18361839793799026	-0.01196791400006264	0.5801742213786638	0.5989941068936918	0.0	-0.5831103616962516	-0.5044174467106993	0.8958063811464461	
0.4003538620704862	0.6411339653371161	0.7446448860859876	0.03621080529457732	-0.9869069913680609	-0.8764752543627674	0.05783504900853459	0.39356991009531755	0.424025794700739	0.573345951504484	0.9462684066361131	0.9535462135979291	0.5831103616962516	0.0	0.0937072504541641	0.9869069913680607	
0.31272258880012627	0.5663991846840633	0.6788223741589496	-0.05759432446087567	-0.9976784771085703	-0.9177336496119576	-0.035969835903725364	0.30569354399598364	0.33729401228048633	0.4940475072114335	0.911801366556968	0.9211214076466149	0.5044174467106993	-0.0937072504541641	0.0	0.99767847710857	
-0.9689359332324601	-0.8607897734625817	-0.7788258499604349	-0.9921002068052498	-0.0	-0.33377628591368896	-0.9945832974330023	-0.9707374009274955	-0.9621837137318473	-0.9010612989838224	-0.4717722402523279	-0.4511003889764972	-0.8958063811464461	-0.9869069913680607	-0.99767847710857	0.0	
