0.0	0.9433782037591493	0.5179746213604206	-0.625873160168257	-0.9393506073947072	-0.9433782136451488	-0.6615235679189628	-0.633861707278129	-0.2879678721698298	-0.15488786860089293	0.5848747045046194	0.7681504149222111	-0.6298720324508436	-0.9704035795769175	-0.01024794303101978	0.7771241430608619	
-0.9433782037591493	0.0	-0.6351398502430329	-0.9433781981573958	-0.6351399840363687	-2.980232238769532e-08	-0.9269023163255524	-0.939916515263462	-0.9989412143883634	-0.9833728340086414	-0.571182260986669	-0.3492060544296347	-0.9416614252482339	-0.5497167793480863	-0.9467281040014599	-0.33592563181526963	
-0.5179746213604206	0.6351398502430329	0.0	-0.9393506725929155	-0.9811604647639189	-0.6351398732622618	-0.9543063986529806	-0.9428283666033295	-0.742359814651473	-0.644214193838363	0.0801580072194984	0.32542946662804206	-0.9411003402644187	-0.9551644518131492	-0.5267134710378631	0.3387629252252026	
0.625873160168257	0.9433781981573958	0.9393506725929155	0.0	-0.5179744587450426	-0.9433781882713954	-0.04658113732221747	-0.010285159814027667	0.374767914806553	0.4975192589538365	0.9638188459051152	0.9998270549610285	-0.005137845028899912	-0.60570044995924	0.6178476690658012	0.9999900430516576	
0.9393506073947072	0.6351399840363687	0.9811604647639189	0.5179744587450426	0.0	-0.6351399610171428	0.4775668800413152	0.5091491757570672	0.8007987928320376	0.8748944879604114	0.9625171650722943	0.8648810820033712	0.5135727295804734	-0.10596526723565597	0.9357866629105078	0.857699021324489	
0.9433782136451488	2.980232238769532e-08	0.6351398732622618	0.9433781882713954	0.6351399610171428	0.0	0.9269023051406611	0.9399165050888187	0.9989412157594157	0.9833728394206862	0.5711822854491083	0.34920608235578043	0.9416614152179142	0.5497167544526833	0.9467281135988208	0.33592565988573464	
0.6615235679189628	0.9269023163255524	0.9543063986529806	0.04658113732221747	-0.4775668800413152	-0.9269023051406611	0.0	0.03630467810301513	0.4175473494854056	0.5373861506985937	0.9751892103502015	0.999608036506834	0.04144825455865597	-0.5679786943625246	0.6538036480145826	0.9991124312960369	
0.633861707278129	0.939916515263462	0.9428283666033295	0.010285159814027667	-0.5091491757570672	-0.9399165050888187	-0.03630467810301513	0.0	0.3842836555481304	0.5064148353650999	0.9665094588855959	0.9999654468223617	0.005147450792630737	-0.5974845850710562	0.6259021875588784	0.9999830473236446	
0.2879678721698298	0.9989412143883634	0.742359814651473	-0.374767914806553	-0.8007987928320376	-0.9989412157594157	-0.4175473494854056	-0.3842836555481304	0.0	0.13616586273990072	0.7936770055920445	0.9199886422008351	-0.37952636031431813	-0.8597563053211408	0.27813890964485116	0.9254370316401485	
0.15488786860089293	0.9833728340086414	0.644214193838363	-0.4975192589538365	-0.8748944879604114	-0.9833728394206862	-0.5373861506985937	-0.5064148353650999	-0.13616586273990072	0.0	0.7034496833307852	0.8580503860642132	-0.5019695310180079	-0.9212891016880056	0.14475546376630305	0.8652241198769118	
-0.5848747045046194	0.571182260986669	-0.0801580072194984	-0.9638188459051152	-0.9625171650722943	-0.5711822854491083	-0.9751892103502015	-0.9665094588855959	-0.7936770055920445	-0.7034496833307852	0.0	0.24858757807089676	-0.9651756589613387	-0.9283580498732187	-0.5931563408135039	0.26225443779758073	
-0.7681504149222111	0.3492060544296347	-0.32542946662804206	-0.9998270549610285	-0.8648810820033712	-0.34920608235578043	-0.999608036506834	-0.9999654468223617	-0.9199886422008351	-0.8580503860642132	-0.24858757807089676	0.0	-0.9999094085591514	-0.8068195495098662	-0.774671522775294	0.014135414921875533	
0.6298720324508436	0.9416614252482339	0.9411003402644187	0.005137845028899912	-0.5135727295804734	-0.9416614152179142	-0.04144825455865597	-0.005147450792630737	0.37952636031431813	0.5019695310180079	0.9651756589613387	0.9999094085591514	0.0	-0.6016043093518132	0.6218793905429899	0.9999997719410654	
0.9704035795769175	0.5497167793480863	0.9551644518131492	0.60570044995924	0.10596526723565597	-0.5497167544526833	0.5679786943625246	0.5974845850710562	0.8597563053211408	0.9212891016880056	0.9283580498732187	0.8068195495098662	0.6016043093518132	0.0	0.9678778576107999	0.7983877660740675	
0.01024794303101978	0.9467281040014599	0.5267134710378631	-0.6178476690658012	-0.9357866629105078	-0.9467281135988208	-0.6538036480145826	-0.6259021875588784	-0.27813890964485116	-0.14475546376630305	0.5931563408135039	0.774671522775294	-0.6218793905429899	-0.9678778576107999	0.0	0.7835328506911164	
-0.7771241430608619	0.33592563181526963	-0.3387629252252026	-0.9999900430516576	-0.857699021324489	-0.33592565988573464	-0.9991124312960369	-0.9999830473236446	-0.9254370316401485	-0.8652241198769118	-0.26225443779758073	-0.014135414921875533	-0.9999997719410654	-0.7983877660740675	-0.7835328506911164	0.0	
