0.0	0.8153650334836569	0.9975991840175192	0.7494597599203384	0.9533272143203789	0.8485681969710934	0.8269150125974842	0.9804685405082152	0.9815635860487162	0.9846544675604291	0.5077644205769495	2.9802322387695312e-08	0.9891640474241593	0.9975991881452706	0.7949703480906001	0.9952889657057657	
-0.8153650334836569	0.0	0.5210914285136	0.9737099684280401	0.7981167104076214	0.05987794367296023	0.020238426687440247	0.7280022346712742	0.7241190085684657	0.7123565975630197	0.9964024745467135	0.8153650507376277	0.6923811387089674	0.6340230370864103	0.9548856602103968	0.6552718077129625	
-0.9975991840175192	-0.5210914285136	0.0	0.712362180386327	0.367234216339858	-0.4690505607875697	-0.5037111850011754	0.2641034065011075	0.2586524466806758	0.24228578520342248	0.8945914754003685	0.9975991860813954	0.21496378346000095	0.13817182952982715	0.6602452877374068	0.16564614156145618	
-0.7494597599203384	-0.9737099684280401	-0.712362180386327	0.0	-0.40485897730565096	-0.9583231692603162	-0.968900396706145	-0.5017183651559389	-0.5065954181298759	-0.5210982179579331	0.30949117397245574	0.7494597401897136	-0.5448444232386151	-0.6085587441909485	-0.07165155787740729	-0.5862686233191238	
-0.9533272143203789	-0.7981167104076214	-0.367234216339858	0.40485897730565096	0.0	-0.7606080212103561	-0.7857595314916803	-0.10854522842642347	-0.11415738872246534	-0.13093553119866624	0.6679736118455472	0.953327205321892	-0.1587050806157246	-0.23519424884820894	0.33830168823239193	-0.20808877150336258	
-0.8485681969710934	-0.05987794367296023	0.4690505607875697	0.9583231692603162	0.7606080212103561	0.0	-0.03966356659270798	0.6856451781304834	0.6815234030853532	0.669055020078362	0.9996891311694183	0.8485682127390851	0.6479349538928555	0.5865809518212374	0.9353901405546761	0.6088646672142087	
-0.8269150125974842	-0.020238426687440247	0.5037111850011754	0.968900396706145	0.7857595314916803	0.03966356659270798	0.0	0.7139781723169085	0.7100127582657327	0.698007008176358	0.9979135459307527	0.8269150293561319	0.6776366551083104	0.6182425158863282	0.948679802135544	0.6398496267806207	
-0.9804685405082152	-0.7280022346712742	-0.2641034065011075	0.5017183651559389	0.10854522842642347	-0.6856451781304834	-0.7139781723169085	0.0	-0.005647257904061037	-0.022551150066459857	0.7448046239073591	0.9804685346468138	-0.05059784359357086	-0.12830424675968646	0.4384479895881128	-0.1006901140734238	
-0.9815635860487162	-0.7241190085684657	-0.2586524466806758	0.5065954181298759	0.11415738872246534	-0.6815234030853532	-0.7100127582657327	0.005647257904061037	0.0	-0.016904968715738794	0.7485610642899841	0.9815635803524225	-0.04495701238507924	-0.12270161834261417	0.44351650825258015	-0.0950699508653705	
-0.9846544675604291	-0.7123565975630197	-0.24228578520342248	0.5210982179579331	0.13093553119866624	-0.669055020078362	-0.698007008176358	0.022551150066459857	0.016904968715738794	0.0	0.7596632031159448	0.9846544623594683	-0.028062711584058014	-0.10590685625367945	0.45860448222635575	-0.07822796618919255	
-0.5077644205769495	-0.9964024745467135	-0.8945914754003685	-0.30949117397245574	-0.6679736118455472	-0.9996891311694183	-0.9979135459307527	-0.7448046239073591	-0.7485610642899841	-0.7596632031159448	0.0	0.5077643949023688	-0.7776136709740527	-0.8242638965564523	-0.376829328505813	-0.8082081662724259	
-2.9802322387695312e-08	-0.8153650507376277	-0.9975991860813954	-0.7494597401897136	-0.953327205321892	-0.8485682127390851	-0.8269150293561319	-0.9804685346468138	-0.9815635803524225	-0.9846544623594683	-0.5077643949023688	0.0	-0.9891640430487468	-0.9975991860813953	-0.7949703300110719	-0.9952889628163422	
-0.9891640474241593	-0.6923811387089674	-0.21496378346000095	0.5448444232386151	0.1587050806157246	-0.6479349538928555	-0.6776366551083104	0.05059784359357086	0.04495701238507924	0.028062711584058014	0.7776136709740527	0.9891640430487468	0.0	-0.07796025795590675	0.4833615294321697	-0.05022044392139105	
-0.9975991881452706	-0.6340230370864103	-0.13817182952982715	0.6085587441909485	0.23519424884820894	-0.5865809518212374	-0.6182425158863282	0.12830424675968646	0.12270161834261417	0.10590685625367945	0.8242638965564523	0.9975991860813953	0.07796025795590675	0.0	0.5501384367574802	0.027794288009565238	
-0.7949703480906001	-0.9548856602103968	-0.6602452877374068	0.07165155787740729	-0.33830168823239193	-0.9353901405546761	-0.948679802135544	-0.4384479895881128	-0.44351650825258015	-0.45860448222635575	0.376829328505813	0.7949703300110719	-0.4833615294321697	-0.5501384367574802	0.0	-0.526715626020466	
-0.9952889657057657	-0.6552718077129625	-0.16564614156145618	0.5862686233191238	0.20808877150336258	-0.6088646672142087	-0.6398496267806207	0.1006901140734238	0.0950699508653705	0.07822796618919255	0.8082081662724259	0.9952889628163422	0.05022044392139105	-0.027794288009565238	0.526715626020466	0.0	
