0.0	0.9950160563232405	0.9505598625968347	0.7675192821240638	0.49490715150722675	0.9467608954499728	0.9448043142701925	0.9344381294125701	0.0	0.995570601515965	0.7270262586543985	0.8601911670517315	0.9999634716952537	0.8795624536961585	0.8795624536961585	0.9816127751382364	
-0.9950160563232405	0.0	0.40377857424471364	0.7143640779961097	0.9139646682521199	0.4147391667848699	-0.23179125631968092	0.4475279461030782	0.995016056323241	0.005724830368002212	-0.610692330778962	0.5932038680182652	0.10821582819222222	-0.38570674874899613	0.5611175928111385	-0.09205040146622086	
-0.9505598625968347	-0.40377857424471364	0.0	0.3709869564786177	0.6722959104045683	0.012012510553126465	-0.6048376806485907	0.048336915807775105	0.9505598625968351	-0.3985345578616949	-0.8784353163324096	0.2176336983601001	-0.3024053734696242	-0.7254011862615164	0.1791201129649979	-0.4862772019612954	
-0.7675192821240638	-0.7143640779961097	-0.3709869564786177	0.0	0.34968442255011417	-0.35980491402756987	-0.8571103110183744	-0.32566580486763547	0.7675192821240642	-0.7103462830031365	-0.9930287817785362	-0.15999165240102936	-0.634442273274971	-0.9289952481777836	-0.19864930620662558	-0.7757456356690811	
-0.49490715150722675	-0.9139646682521199	-0.6722959104045683	-0.34968442255011417	0.0	-0.6633547507876703	-0.9831327905193065	-0.6357270818948918	0.49490715150722697	-0.9116265906277373	-0.9715544880219769	-0.49507090354311245	-0.8646840319067992	-0.9997607859875038	-0.5288235233359294	-0.9474377728631896	
-0.9467608954499728	-0.4147391667848699	-0.012012510553126465	0.35980491402756987	0.6633547507876703	0.0	-0.6143601880403016	0.036334959176890724	0.9467608954499732	-0.4095231163690485	-0.8841122483273645	0.2058934185721995	-0.31383363180988	-0.7336173736786041	0.16728895416671707	-0.4967387027012343	
-0.9448043142701925	0.23179125631968092	0.6048376806485907	0.8571103110183744	0.9831327905193065	0.6143601880403016	0.0	0.6426237226432221	0.944804314270193	0.2373563757183796	-0.41051238956900643	0.76365236540926	0.33569867400999465	-0.16134665675703752	0.7376978532055655	0.14126369221874086	
-0.9344381294125701	-0.4475279461030782	-0.048336915807775105	0.32566580486763547	0.6357270818948918	-0.036334959176890724	-0.6426237226432221	0.0	0.9344381294125705	-0.4424010687258335	-0.9005068429038736	0.17020099873604622	-0.3481256411852112	-0.757824827431611	0.1313555641683427	-0.5279458062466439	
-0.0	-0.995016056323241	-0.9505598625968351	-0.7675192821240642	-0.49490715150722697	-0.9467608954499732	-0.944804314270193	-0.9344381294125705	0.0	-0.9955706015159654	-0.7270262586543988	-0.8601911670517318	-0.9999634716952541	-0.8795624536961589	-0.8795624536961589	-0.9816127751382369	
-0.995570601515965	-0.005724830368002212	0.3985345578616949	0.7103462830031365	0.9116265906277373	0.4095231163690485	-0.2373563757183796	0.4424010687258335	0.9955706015159654	0.0	-0.6152156331634262	0.5885853594696784	0.10252284399728877	-0.390982279365247	0.5563697490433862	-0.09774941777486783	
-0.7270262586543985	0.610692330778962	0.8784353163324096	0.9930287817785362	0.9715544880219769	0.8841122483273645	0.41051238956900643	0.9005068429038736	0.7270262586543988	0.6152156331634262	0.0	0.9613783932710508	0.6927986413288943	0.2580090128206295	0.9498231340831679	0.5352077800169207	
-0.8601911670517315	-0.5932038680182652	-0.2176336983601001	0.15999165240102936	0.49507090354311245	-0.2058934185721995	-0.76365236540926	-0.17020099873604622	0.8601911670517318	-0.5885853594696784	-0.9613783932710508	0.0	-0.5026008339889534	-0.8578166981508932	-0.039287258164632854	-0.6647907168626302	
-0.9999634716952537	-0.10821582819222222	0.3024053734696242	0.634442273274971	0.8646840319067992	0.31383363180988	-0.33569867400999465	0.3481256411852112	0.9999634716952541	-0.10252284399728877	-0.6927986413288943	0.5026008339889534	0.0	-0.4832838986395523	0.4682482396161857	-0.19926621001414574	
-0.8795624536961585	0.38570674874899613	0.7254011862615164	0.9289952481777836	0.9997607859875038	0.7336173736786041	0.16134665675703752	0.757824827431611	0.8795624536961589	0.390982279365247	-0.2580090128206295	0.8578166981508932	0.4832838986395523	0.0	0.8369625151167827	0.2991414994362747	
-0.8795624536961585	-0.5611175928111385	-0.1791201129649979	0.19864930620662558	0.5288235233359294	-0.16728895416671707	-0.7376978532055655	-0.1313555641683427	0.8795624536961589	-0.5563697490433862	-0.9498231340831679	0.039287258164632854	-0.4682482396161857	-0.8369625151167827	0.0	-0.6349287234319156	
-0.9816127751382364	0.09205040146622086	0.4862772019612954	0.7757456356690811	0.9474377728631896	0.4967387027012343	-0.14126369221874086	0.5279458062466439	0.9816127751382369	0.09774941777486783	-0.5352077800169207	0.6647907168626302	0.19926621001414574	-0.2991414994362747	0.6349287234319156	0.0	
