0.0	-0.6841163621409372	-0.8255311592157092	-0.9908028130375256	-0.7763004509070195	-0.540125892482061	-0.6230546952716505	-0.8387255099943521	-0.8631482566570452	-0.9017090976912107	-0.9954092973887821	-0.9224407511044755	-0.8707368677040059	-0.7970143374692172	-0.40528240278291483	-2.1073424255447027e-08	
0.6841163621409372	0.0	-0.2160344982855973	-0.8152349911717833	-0.9974541939185009	-0.9696947231264381	-0.9895401525091079	-0.23920505321686442	-0.28411197973738306	-0.9534552696679275	-0.7915010640030807	-0.9369670421843406	-0.971505555602136	-0.9944998264587243	-0.9210153861754335	-0.6841163775113209	
0.8255311592157092	0.2160344982855973	0.0	-0.6708716880333577	-0.958494599496865	-0.9995775872608417	-0.9973375268479177	-0.023793583989821898	-0.07027092767703064	-0.8657982680846747	-0.6407770183494262	-0.8393549626869059	-0.8973603601971065	-0.9483883706921761	-0.9834173776377554	-0.8255311711086335	
0.9908028130375256	0.8152349911717833	0.6708716880333577	0.0	-0.5195214580987801	-0.7607576153321646	-0.690676621505717	0.6530370691875043	0.6171022007617386	-0.30635337289805653	0.03986311472987342	-0.2577684342831361	-0.36940393287143203	-0.4905587233725525	-0.8509433067743588	-0.9908028101860028	
0.7763004509070195	0.9974541939185009	0.958494599496865	0.5195214580987801	0.0	-0.31284679909602076	-0.21445466862532853	0.9514394375568487	0.9360901537184196	0.23277584667807205	0.5531698500568379	0.28171297919938837	0.1671352213538364	0.033553692157207715	-0.45421224282761846	-0.7763004376231104	
0.540125892482061	0.9696947231264381	0.9995775872608417	0.7607576153321646	0.31284679909602076	0.0	0.10187827109578085	0.9999861079146957	0.9991488450831774	0.5253443642692978	0.7860255275153796	0.5677481059526059	0.4671919256149718	0.34454005780990576	-0.1526992422256946	-0.5401258747469991	
0.6230546952716505	0.9895401525091079	0.9973375268479177	0.690676621505717	0.21445466862532853	-0.10187827109578085	0.0	0.9953200584220796	0.9897476394996534	0.4359237580823607	0.7189551966981389	0.4809276093779702	0.37468478923752674	0.24710694274325584	-0.2525882432839313	-0.6230546787884756	
0.8387255099943521	0.23920505321686442	0.023793583989821898	-0.6530370691875043	-0.9514394375568487	-0.9999861079146957	-0.9953200584220796	0.0	-0.046516268567910024	-0.8536470064567288	-0.6223286317553415	-0.8261835305002841	-0.8866062374382586	-0.9405746635166699	-0.987454091352256	-0.8387255214699779	
0.8631482566570452	0.28411197973738306	0.07027092767703064	-0.6171022007617386	-0.9360901537184196	-0.9991488450831774	-0.9897476394996534	0.046516268567910024	0.0	-0.82849487059238	-0.5852440894022186	-0.7990818978645775	-0.8641315776849037	-0.9237602038612428	-0.9937304188965004	-0.8631482672980825	
0.9017090976912107	0.9534552696679275	0.8657982680846747	0.30635337289805653	-0.23277584667807205	-0.5253443642692978	-0.4359237580823607	0.8536470064567288	0.82849487059238	0.0	0.34405627880515766	0.050626312772539706	-0.0669575316019615	-0.20001278829383623	-0.6491137104237805	-0.9017090885802569	
0.9954092973887821	0.7915010640030807	0.6407770183494262	-0.03986311472987342	-0.5531698500568379	-0.7860255275153796	-0.7189551966981389	0.6223286317553415	0.5852440894022186	-0.34405627880515766	0.0	-0.2960795565892896	-0.4061538659698771	-0.5249058453333262	-0.8712053363956215	-0.9954092953718521	
0.9224407511044755	0.9369670421843406	0.8393549626869059	0.2577684342831361	-0.28171297919938837	-0.5677481059526059	-0.4809276093779702	0.8261835305002841	0.7990818978645775	-0.050626312772539706	0.2960795565892896	0.0	-0.11738436821919102	-0.24935962648364157	-0.6867923301047735	-0.9224407429672112	
0.8707368677040059	0.971505555602136	0.8973603601971065	0.36940393287143203	-0.1671352213538364	-0.4671919256149718	-0.37468478923752674	0.8866062374382586	0.8641315776849037	0.0669575316019615	0.4061538659698771	0.11738436821919102	0.0	-0.1339593849066089	-0.5967229687310238	-0.8707368573411652	
0.7970143374692172	0.9944998264587243	0.9483883706921761	0.4905587233725525	-0.033553692157207715	-0.34454005780990576	-0.24710694274325584	0.9405746635166699	0.9237602038612428	0.20001278829383623	0.5249058453333262	0.24935962648364157	0.1339593849066089	0.0	-0.48384924976986965	-0.7970143247417033	
0.40528240278291483	0.9210153861754335	0.9834173776377554	0.8509433067743588	0.45421224282761846	0.1526992422256946	0.2525882432839313	0.987454091352256	0.9937304188965004	0.6491137104237805	0.8712053363956215	0.6867923301047735	0.5967229687310238	0.48384924976986965	0.0	-0.40528238351776835	
2.1073424255447027e-08	0.6841163775113209	0.8255311711086335	0.9908028101860028	0.7763004376231104	0.5401258747469991	0.6230546787884756	0.8387255214699779	0.8631482672980825	0.9017090885802569	0.9954092953718521	0.9224407429672112	0.8707368573411652	0.7970143247417033	0.40528238351776835	0.0	
