0.0	-0.7058423661326556	-0.973882317962551	-0.9617280630096379	-0.6237178237236981	-0.573025338820022	-0.7534970897154667	0.33057793438863914	-0.019796540951479313	-0.6403892405412149	0.973882317962551	0.5201469696181592	0.3631492247843596	0.4071118870306095	-0.5300487763927173	-0.9324657076191404	
0.7058423661326556	0.0	-0.850131869287202	-0.4878534444390391	0.10989906053755272	0.17255104311688024	-0.0696969938428797	0.9003301294803465	0.6916807869808955	0.0884907581623306	0.850131869287202	0.9712995257367578	0.9148988388158756	0.933086513153287	0.22306105302772267	-0.4055381895336853	
0.973882317962551	0.850131869287202	0.0	0.4852129159269977	0.902851942282568	0.9282405586779198	0.8113641897147316	0.8440705527315386	0.9781863367916002	0.8933933652426795	0.0	0.713669145045636	0.8249420840823999	0.7970868479339864	0.9461695762427871	0.5635427428343319	
0.9617280630096379	0.4878534444390391	-0.4852129159269977	0.0	0.5808320936093209	0.6311601387746085	0.4258267994781806	0.9982387022301349	0.9561152270766959	0.5631854381304379	0.4852129159269977	0.9639128414379939	0.9955768053396689	0.9899725237292464	0.6702774138329506	0.09193150326488309	
0.6237178237236981	-0.10989906053755272	-0.902851942282568	-0.5808320936093209	0.0	0.0632552207629743	-0.17890663079515667	0.8470477008796432	0.6081216352407041	-0.02151317849673201	0.902851942282568	0.9392755684408456	0.8649926677787034	0.887909161194286	0.11457982103064773	-0.5035380692873139	
0.573025338820022	-0.17255104311688024	-0.9282405586779198	-0.6311601387746085	-0.0632552207629743	0.0	-0.24078301400166907	0.8117301714896674	0.556689031967083	-0.08471067712385788	0.9282405586779198	0.9156876563729229	0.8315199296663269	0.8570324269920322	0.05151173684655108	-0.5571804808731016	
0.7534970897154667	0.0696969938428797	-0.8113641897147316	-0.4258267994781806	0.17890663079515667	0.24078301400166907	0.0	0.9284733752659817	0.7403341659103594	0.15769913940835778	0.8113641897147316	0.98551563227512	0.9408094994161579	0.9558841035949031	0.29045955644917254	-0.34084350903678795	
-0.33057793438863914	-0.9003301294803465	-0.8440705527315386	-0.9982387022301349	-0.8470477008796432	-0.8117301714896674	-0.9284733752659817	0.0	-0.3491967044214491	-0.8582862817081516	0.8440705527315386	0.20856469472213218	0.034722795678528484	0.08228081598070353	-0.7805679739114255	-0.9994653595678114	
0.019796540951479313	-0.6916807869808955	-0.9781863367916002	-0.9561152270766959	-0.6081216352407041	-0.556689031967083	-0.7403341659103594	0.3491967044214491	0.0	-0.6250589991801937	0.9781863367916002	0.53695280180644	0.38152310889881635	0.4251138358605238	-0.5131580858587322	-0.925131302946575	
0.6403892405412149	-0.0884907581623306	-0.8933933652426795	-0.5631854381304379	0.02151317849673201	0.08471067712385788	-0.15769913940835778	0.8582862817081516	0.6250589991801937	0.0	0.8933933652426795	0.9464407314938696	0.8755874575434835	0.8976001348984596	0.1359247968953859	-0.48483472663811716	
-0.973882317962551	-0.850131869287202	-0.0	-0.4852129159269977	-0.902851942282568	-0.9282405586779198	-0.8113641897147316	-0.8440705527315386	-0.9781863367916002	-0.8933933652426795	0.0	-0.713669145045636	-0.8249420840823999	-0.7970868479339864	-0.9461695762427871	-0.5635427428343319	
-0.5201469696181592	-0.9712995257367578	-0.713669145045636	-0.9639128414379939	-0.9392755684408456	-0.9156876563729229	-0.98551563227512	-0.20856469472213218	-0.53695280180644	-0.9464407314938696	0.713669145045636	0.0	-0.17447973460038074	-0.1273861470037218	-0.8937698927826004	-0.9843048144481976	
-0.3631492247843596	-0.9148988388158756	-0.8249420840823999	-0.9955768053396689	-0.8649926677787034	-0.8315199296663269	-0.9408094994161579	-0.034722795678528484	-0.38152310889881635	-0.8755874575434835	0.8249420840823999	0.17447973460038074	0.0	0.0476261420638065	-0.8018014866760061	-0.999997942676778	
-0.4071118870306095	-0.933086513153287	-0.7970868479339864	-0.9899725237292464	-0.887909161194286	-0.8570324269920322	-0.9558841035949031	-0.08228081598070353	-0.4251138358605238	-0.8976001348984596	0.7970868479339864	0.1273861470037218	-0.0476261420638065	0.0	-0.8293525564269963	-0.9987665688245588	
0.5300487763927173	-0.22306105302772267	-0.9461695762427871	-0.6702774138329506	-0.11457982103064773	-0.05151173684655108	-0.29045955644917254	0.7805679739114255	0.5131580858587322	-0.1359247968953859	0.9461695762427871	0.8937698927826004	0.8018014866760061	0.8293525564269963	0.0	-0.5992156664015327	
0.9324657076191404	0.4055381895336853	-0.5635427428343319	-0.09193150326488309	0.5035380692873139	0.5571804808731016	0.34084350903678795	0.9994653595678114	0.925131302946575	0.48483472663811716	0.5635427428343319	0.9843048144481976	0.999997942676778	0.9987665688245588	0.5992156664015327	0.0	
