0.0	0.947091137069979	0.9999156637730306	0.9939909878743899	0.7744352734454591	0.935109140344466	0.9800976852898787	0.9631355389681016	0.8464503953624207	0.8510736596259348	0.821940542913228	0.9087046309952097	0.9531773395163581	0.9599567019371368	0.0	0.9610317883564115	
-0.947091137069979	0.0	0.3332376807484993	0.42270651228393585	0.8477466232735751	0.635748145195425	0.12656425440363	0.5639158104824518	0.7759760789582277	0.7704313592966865	0.8032517744813498	0.6870155944252008	0.019524703749902395	0.5734383479396716	0.947091137069979	0.5702692052421849	
-0.9999156637730306	-0.3332376807484993	0.0	0.09654362473528987	0.6225421081789541	0.34218557722232995	-0.2112277174506447	0.2564855579263357	0.5214297231965306	0.5139490303422136	0.5588506219805426	0.4056030252719486	-0.31476542983463024	0.26765770623167234	0.9999156637730306	0.2639335295491366	
-0.9939909878743899	-0.42270651228393585	-0.09654362473528987	0.0	0.544080342364157	0.24987162723790438	-0.30460632001551224	0.16197339728055093	0.43661387870745444	0.42873112593547136	0.47617952167113947	0.3154627178202542	-0.4049313463044093	0.1733862709793705	0.9939909878743899	0.1695803592036182	
-0.7744352734454591	-0.8477466232735751	-0.6225421081789541	-0.544080342364157	0.0	-0.31717098354624235	-0.7737995336779253	-0.4009947840909067	-0.1231478291548056	-0.1318200496346313	-0.07890561873645952	-0.25161482715012073	-0.8372290908787132	-0.39036282179669085	0.7744352734454591	-0.393916541857461	
-0.935109140344466	-0.635748145195425	-0.34218557722232995	-0.24987162723790438	0.31717098354624235	0.0	-0.5329412077080373	-0.08973666881394177	0.1979672788945666	0.1893892768433954	0.24135048017087202	0.06834324141258602	-0.6205559039640312	-0.07820076573746093	0.935109140344466	-0.08205148121531575	
-0.9800976852898787	-0.12656425440363	0.2112277174506447	0.30460632001551224	0.7737995336779253	0.5329412077080373	0.0	0.45486018431745723	0.6899040335970262	0.6835482493808387	0.7214056664176636	0.5895239094797913	-0.1071724339571914	0.46513938943041006	0.9800976852898787	0.4617161318300219	
-0.9631355389681016	-0.5639158104824518	-0.2564855579263357	-0.16197339728055093	0.4009947840909067	0.08973666881394177	-0.45486018431745723	0.0	0.2851292422978747	0.27673781293821786	0.32746063306678797	0.1575943649954747	-0.5476841832584829	0.011576595195295802	0.9631355389681016	0.007713638351677488	
-0.8464503953624207	-0.7759760789582277	-0.5214297231965306	-0.43661387870745444	0.1231478291548056	-0.1979672788945666	-0.6899040335970262	-0.2851292422978747	0.0	-0.008743480221442501	0.04445884964034846	-0.1305137701445444	-0.7635127106124213	-0.27401409542508254	0.8464503953624207	-0.2777273214238998	
-0.8510736596259348	-0.7704313592966865	-0.5139490303422136	-0.42873112593547136	0.1318200496346313	-0.1893892768433954	-0.6835482493808387	-0.27673781293821786	0.008743480221442501	0.0	0.053191985015325294	-0.12184008842727084	-0.7578370487990456	-0.2655947918240732	0.8510736596259348	-0.26931719405845245	
-0.821940542913228	-0.8032517744813498	-0.5588506219805426	-0.47617952167113947	0.07890561873645952	-0.24135048017087202	-0.7214056664176636	-0.32746063306678797	-0.04445884964034846	-0.053191985015325294	0.0	-0.1744632910047072	-0.7914689668414938	-0.3165003720242	0.821940542913228	-0.32016254539652755	
-0.9087046309952097	-0.6870155944252008	-0.4056030252719486	-0.3154627178202542	0.25161482715012073	-0.06834324141258602	-0.5895239094797913	-0.1575943649954747	0.1305137701445444	0.12184008842727084	0.1744632910047072	0.0	-0.6726971490358711	-0.1461518711588869	0.9087046309952097	-0.14997242827240992	
-0.9531773395163581	-0.019524703749902395	0.31476542983463024	0.4049313463044093	0.8372290908787132	0.6205559039640312	0.1071724339571914	0.5476841832584829	0.7635127106124213	0.7578370487990456	0.7914689668414938	0.6726971490358711	0.0	0.5573334476349706	0.9531773395163581	0.554121775991426	
-0.9599567019371368	-0.5734383479396716	-0.26765770623167234	-0.1733862709793705	0.39036282179669085	0.07820076573746093	-0.46513938943041006	-0.011576595195295802	0.27401409542508254	0.2655947918240732	0.3165003720242	0.1461518711588869	-0.5573334476349706	0.0	0.9599567019371368	-0.0038631293323342364	
-0.0	-0.947091137069979	-0.9999156637730306	-0.9939909878743899	-0.7744352734454591	-0.935109140344466	-0.9800976852898787	-0.9631355389681016	-0.8464503953624207	-0.8510736596259348	-0.821940542913228	-0.9087046309952097	-0.9531773395163581	-0.9599567019371368	0.0	-0.9610317883564115	
-0.9610317883564115	-0.5702692052421849	-0.2639335295491366	-0.1695803592036182	0.393916541857461	0.08205148121531575	-0.4617161318300219	-0.007713638351677488	0.2777273214238998	0.26931719405845245	0.32016254539652755	0.14997242827240992	-0.554121775991426	0.0038631293323342364	0.9610317883564115	0.0	
