0.0	-0.5591667540181837	-0.5762635555815231	-0.28844595525865846	-0.5762635555815231	-0.6022624997441999	-0.7716705328758521	-0.9637888031616364	-0.6741081571365389	0.30500484446574216	0.6910956531059834	0.4961615034743274	0.36170893215860955	0.9778686575239278	0.9637888111089237	0.0888291922424119	
0.5591667540181837	0.0	-0.020767489901363623	0.296262407834233	-0.020767489901363623	-0.052927097140742285	-0.2841148528492656	-0.6499229608511199	-0.14585405813764518	0.7853887604837367	0.9771016642239551	0.8968307686179798	0.8211828488731541	0.9276958134282983	0.6499229835008874	0.6306006018434288	
0.5762635555815231	0.020767489901363623	0.0	0.31603367996530607	0.0	-0.032177300732260716	-0.2641419115789505	-0.6339994992368632	-0.12527719734631376	0.7980745124705716	0.9813096956328006	0.9058243445735822	0.8328570293777282	0.9197424681968339	0.6339995222839958	0.6465824068030066	
0.28844595525865846	-0.296262407834233	-0.31603367996530607	0.0	-0.31603367996530607	-0.3463981791199467	-0.5554134755438368	-0.8459051568366226	-0.43240038354277904	0.5667427088831646	0.8701995990609817	0.7255102463408168	0.6152505097799766	0.9966540823693687	0.8459051727311948	0.3723593040339247	
0.5762635555815231	0.020767489901363623	0.0	0.31603367996530607	0.0	-0.032177300732260716	-0.2641419115789505	-0.6339994992368632	-0.12527719734631376	0.7980745124705716	0.9813096956328006	0.9058243445735822	0.8328570293777282	0.9197424681968339	0.6339995222839958	0.6465824068030066	
0.6022624997441999	0.052927097140742285	0.032177300732260716	0.3463981791199467	0.032177300732260716	0.0	-0.23297064659364436	-0.6087874162564777	-0.09328852504343516	0.8170499655879784	0.9869935937148091	0.918987312408748	0.8502355122223807	0.9066358944391274	0.6087874398996552	0.67079385679549	
0.7716705328758521	0.2841148528492656	0.2641419115789505	0.5554134755438368	0.2641419115789505	0.23297064659364436	0.0	-0.40721248519147923	0.14123311254943993	0.9288909848109494	0.9972875141651811	0.9855575650906752	0.949476560844824	0.7833951317898762	0.40721251241093703	0.8251173844979275	
0.9637888031616364	0.6499229608511199	0.6339994992368632	0.8459051568366226	0.6339994992368632	0.6087874162564777	0.40721248519147923	0.0	0.532123662848608	0.9991996803800357	0.8808833981850999	0.9691003548269848	0.9949874361082045	0.46240865116285335	2.9802322387695312e-08	0.9836666141878625	
0.6741081571365389	0.14585405813764518	0.12527719734631376	0.43240038354277904	0.12527719734631376	0.09328852504343516	-0.14123311254943993	-0.532123662848608	0.0	0.8672739789402826	0.9976864551216145	0.9517621784532981	0.8956350457304931	0.8633224341021142	0.5321236880812401	0.7370554641644858	
-0.30500484446574216	-0.7853887604837367	-0.7980745124705716	-0.5667427088831646	-0.7980745124705716	-0.8170499655879784	-0.9288909848109494	-0.9991996803800357	-0.8672739789402826	0.0	0.4377191874980503	0.20770537283275858	0.06012049633473339	0.8674609713055677	0.9991996791879428	-0.21920256956341333	
-0.6910956531059834	-0.9771016642239551	-0.9813096956328006	-0.8701995990609817	-0.9813096956328006	-0.9869935937148091	-0.9972875141651811	-0.8808833981850999	-0.9976864551216145	-0.4377191874980503	0.0	-0.24142282069682736	-0.38287236525799484	0.5621767502005955	0.880883384078667	-0.6241611839407225	
-0.4961615034743274	-0.8968307686179798	-0.9058243445735822	-0.7255102463408168	-0.9058243445735822	-0.918987312408748	-0.9855575650906752	-0.9691003548269848	-0.9517621784532981	-0.20770537283275858	0.24142282069682736	0.0	-0.14852030576506747	0.7452083786863374	0.9691003474757413	-0.4170759228299735	
-0.36170893215860955	-0.8211828488731541	-0.8328570293777282	-0.6152505097799766	-0.8328570293777282	-0.8502355122223807	-0.949476560844824	-0.9949874361082045	-0.8956350457304931	-0.06012049633473339	0.38287236525799484	0.14852030576506747	0.0	0.8359815826083644	0.9949874331279716	-0.27746438794462547	
-0.9778686575239278	-0.9276958134282983	-0.9197424681968339	-0.9966540823693687	-0.9197424681968339	-0.9066358944391274	-0.7833951317898762	-0.46240865116285335	-0.8633224341021142	-0.8674609713055677	-0.5621767502005955	-0.7452083786863374	-0.8359815826083644	0.0	0.4624086247381195	-0.9554182010390744	
-0.9637888111089237	-0.6499229835008874	-0.6339995222839958	-0.8459051727311948	-0.6339995222839958	-0.6087874398996552	-0.40721251241093703	-2.9802322387695312e-08	-0.5321236880812401	-0.9991996791879428	-0.880883384078667	-0.9691003474757413	-0.9949874331279716	-0.4624086247381195	0.0	-0.9836666195522794	
-0.0888291922424119	-0.6306006018434288	-0.6465824068030066	-0.3723593040339247	-0.6465824068030066	-0.67079385679549	-0.8251173844979275	-0.9836666141878625	-0.7370554641644858	0.21920256956341333	0.6241611839407225	0.4170759228299735	0.27746438794462547	0.9554182010390744	0.9836666195522794	0.0	
