0.0	-0.8729526539795232	-0.9807790192954058	-0.9831265301694776	-0.9633374492069051	-0.6016225137935566	-0.9071851871529967	-0.9901169601023937	-0.9376573614123251	-2.980232238769534e-08	-0.21951241180869321	-0.576534243780315	-0.9713129413135331	-0.7630481321516561	-0.9863547227474811	-2.980232238769534e-08	
0.8729526539795232	0.0	-0.6487609448530471	-0.6392604455458804	-0.7041275728422158	-0.9907720292089937	-0.809808142094096	-0.36055749655937636	-0.7607982245181838	-0.8729526685172423	-0.9587403231397527	-0.9945022871250977	-0.26621883766058335	0.19200702013045817	-0.6248664165005253	-0.8729526685172423	
0.9807790192954058	0.6487609448530471	0.0	0.01241861596570576	-0.07516769241964646	-0.6660375290788465	-0.23563307277743908	0.3307418625279951	-0.15792318192504046	-0.9807790134803218	-0.9140258759264902	-0.6888736455260759	0.42275838140072486	0.7828056664576846	0.03098971129828998	-0.9807790134803218	
0.9831265301694776	0.6392604455458804	-0.01241861596570576	0.0	-0.08754537848713426	-0.6752494403447175	-0.24768383591280557	0.31899664577353803	-0.1701737835684824	-0.9831265247178319	-0.918993076416136	-0.6978225479451199	0.41147150404561755	0.7750176155797881	0.018574670209572958	-0.9831265247178319	
0.9633374492069051	0.7041275728422158	0.07516769241964646	0.08754537848713426	0.0	-0.608084294765777	-0.16191531735325246	0.40074351263394004	-0.08325195941416691	-0.963337441211159	-0.8809477949392844	-0.6324370929617672	0.4896825112860993	0.8273653547686771	0.10603362817101455	-0.963337441211159	
0.6016225137935566	0.9907720292089937	0.6660375290788465	0.6752494403447175	0.608084294765777	0.0	0.47152030150816276	0.8752601630622315	0.5398819102003565	-0.6016224899880407	-0.41160652179740526	-0.031045169759668312	0.9189346568484382	0.9983616962728981	0.688833424304228	-0.6016224899880407	
0.9071851871529967	0.809808142094096	0.23563307277743908	0.24768383591280557	0.16191531735325246	-0.47152030150816276	0.0	0.5438008049539365	0.07919981198956627	-0.9071851746142182	-0.7927028779289341	-0.49867036508318435	0.6243950801289161	0.9073900068999874	0.26563700496025167	-0.9071851746142182	
0.9901169601023937	0.36055749655937636	-0.3307418625279951	-0.31899664577353803	-0.40074351263394004	-0.8752601630622315	-0.5438008049539365	0.0	-0.4756269799480827	-0.990116964281992	-0.9967530365394542	-0.8898533433443431	0.09923376237455653	0.5329408522351666	-0.3013373589312637	-0.990116964281992	
0.9376573614123251	0.7607982245181838	0.15792318192504046	0.1701737835684824	0.08325195941416691	-0.5398819102003565	-0.07919981198956627	0.4756269799480827	0.0	-0.9376573510541978	-0.8384936630575062	-0.565753662779779	0.5605700447704587	0.8712528183102419	0.18844816580878443	-0.9376573510541978	
2.980232238769534e-08	0.8729526685172423	0.9807790134803218	0.9831265247178319	0.963337441211159	0.6016224899880407	0.9071851746142182	0.990116964281992	0.9376573510541978	0.0	0.21951238273325788	0.5765342194296417	0.9713129484006701	0.7630481514141378	0.9863547178410036	0.0	
0.21951241180869321	0.9587403231397527	0.9140258759264902	0.918993076416136	0.8809477949392844	0.41160652179740526	0.7927028779289341	0.9967530365394542	0.8384936630575062	-0.21951238273325788	0.0	0.3831147428928321	0.9998234613551583	0.8863171826515228	0.9261580313518586	-0.21951238273325788	
0.576534243780315	0.9945022871250977	0.6888736455260759	0.6978225479451199	0.6324370929617672	0.031045169759668312	0.49867036508318435	0.8898533433443431	0.565753662779779	-0.5765342194296417	-0.3831147428928321	0.0	0.9307362337417833	0.9961041195060945	0.7110066484805316	-0.5765342194296417	
0.9713129413135331	0.26621883766058335	-0.42275838140072486	-0.41147150404561755	-0.4896825112860993	-0.9189346568484382	-0.6243950801289161	-0.09923376237455653	-0.5605700447704587	-0.9713129484006701	-0.9998234613551583	-0.9307362337417833	0.0	0.4463434397272533	-0.3944711406265895	-0.9713129484006701	
0.7630481321516561	-0.19200702013045817	-0.7828056664576846	-0.7750176155797881	-0.8273653547686771	-0.9983616962728981	-0.9073900068999874	-0.5329408522351666	-0.8712528183102419	-0.7630481514141378	-0.8863171826515228	-0.9961041195060945	-0.4463434397272533	0.0	-0.7631458361738361	-0.7630481514141378	
0.9863547227474811	0.6248664165005253	-0.03098971129828998	-0.018574670209572958	-0.10603362817101455	-0.688833424304228	-0.26563700496025167	0.3013373589312637	-0.18844816580878443	-0.9863547178410036	-0.9261580313518586	-0.7110066484805316	0.3944711406265895	0.7631458361738361	0.0	-0.9863547178410036	
2.980232238769534e-08	0.8729526685172423	0.9807790134803218	0.9831265247178319	0.963337441211159	0.6016224899880407	0.9071851746142182	0.990116964281992	0.9376573510541978	0.0	0.21951238273325788	0.5765342194296417	0.9713129484006701	0.7630481514141378	0.9863547178410036	0.0	
