0.0	-0.38589985665580767	-0.9934159687881894	-0.9035750917696659	-0.6735765048970817	-0.39335451921242726	-0.43050931754464633	-0.7951029564033818	-0.6451759997520586	-0.07783474427130803	0.01565109213648573	0.3146884052049602	0.9934159687881894	0.719327187803457	-0.38962816574533665	-0.9999509845340118	
0.38589985665580767	0.0	-0.960676539494243	-0.6682537964442252	-0.336176384048132	-0.008094281941053716	-0.048854497893030646	-0.4994764067141923	-0.30036049849849833	0.31292342476785884	0.40029135852084363	0.6566070809217369	0.960676539494243	0.9316821963880653	-0.004044771021803062	-0.9186746884908865	
0.9934159687881894	0.960676539494243	0.0	0.5291253578401072	0.8114181753779554	0.9583975298160653	0.9459639767898308	0.6935709190354575	0.8329169489473037	0.9993192101525402	0.9915012511414505	0.9068938099863948	0.0	0.6076893114618839	0.959545569784538	0.12439327195824491	
0.9035750917696659	0.6682537964442252	-0.5291253578401072	0.0	0.37926795514869244	0.6622102984931347	0.6311113472477653	0.20734946584444058	0.4139494831601525	0.8674871727269018	0.9101698101552914	0.992490863418188	0.5291253578401072	0.9358689715410302	0.66523928989867	-0.4194625146777491	
0.6735765048970817	0.336176384048132	-0.8114181753779554	-0.37926795514869244	0.0	0.32854218417448244	0.2897638384759322	-0.1791675593834141	0.0377744630688569	0.614004036413349	0.6850619975428488	0.87194718186791	0.8114181753779554	0.9995816736430665	0.33236427260452617	-0.7324122430477698	
0.39335451921242726	0.008094281941053716	-0.9583975298160653	-0.6622102984931347	-0.32854218417448244	0.0	-0.04076828084870926	-0.49244774529474444	-0.2926301243340665	0.3206009474503575	0.4076957475103274	0.6626905440398456	0.9583975298160653	0.9345921205530237	0.004049577210666122	-0.915447230971626	
0.43050931754464633	0.048854497893030646	-0.9459639767898308	-0.6311113472477653	-0.2897638384759322	0.04076828084870926	0.0	-0.4565559904650878	-0.2534031615167373	0.3589507096243876	0.4445830449764698	0.6926706959416271	0.9459639767898308	0.9483172684383323	0.04481415707203751	-0.8982794472242632	
0.7951029564033818	0.4994764067141923	-0.6935709190354575	-0.20734946584444058	0.1791675593834141	0.49244774529474444	0.4565559904650878	0.0	0.21620290412769116	0.7454860466650483	0.8044975554320201	0.9455582609747593	0.6935709190354575	0.9885888869373589	0.4959682246122746	-0.5985724849665254	
0.6451759997520586	0.30036049849849833	-0.8329169489473037	-0.4139494831601525	-0.0377744630688569	0.2926301243340665	0.2534031615167373	-0.21620290412769116	0.0	0.5837503231083009	0.6570549411107648	0.8528304894200596	0.8329169489473037	0.9977757523168023	0.2965000347398883	-0.7576086887901645	
0.07783474427130803	-0.31292342476785884	-0.9993192101525402	-0.8674871727269018	-0.614004036413349	-0.3206009474503575	-0.3589507096243876	-0.7454860466650483	-0.5837503231083009	0.0	0.09342882163687419	0.3876140795127559	0.9993192101525402	0.7712145197802764	-0.3167625009982705	-0.9961467709754893	
-0.01565109213648573	-0.40029135852084363	-0.9915012511414505	-0.9101698101552914	-0.6850619975428488	-0.4076957475103274	-0.4445830449764698	-0.8044975554320201	-0.6570549411107648	-0.09342882163687419	0.0	0.29979392143818023	0.9915012511414505	0.708366713836448	-0.40399466341161117	-0.9999834651520307	
-0.3146884052049602	-0.6566070809217369	-0.9068938099863948	-0.992490863418188	-0.87194718186791	-0.6626905440398456	-0.6926706959416271	-0.9455582609747593	-0.8528304894200596	-0.3876140795127559	-0.29979392143818023	0.0	0.9068938099863948	0.46417674788571167	-0.6596524088365056	-0.9522642158535334	
-0.9934159687881894	-0.960676539494243	-0.0	-0.5291253578401072	-0.8114181753779554	-0.9583975298160653	-0.9459639767898308	-0.6935709190354575	-0.8329169489473037	-0.9993192101525402	-0.9915012511414505	-0.9068938099863948	0.0	-0.6076893114618839	-0.959545569784538	-0.12439327195824491	
-0.719327187803457	-0.9316821963880653	-0.6076893114618839	-0.9358689715410302	-0.9995816736430665	-0.9345921205530237	-0.9483172684383323	-0.9885888869373589	-0.9977757523168023	-0.7712145197802764	-0.708366713836448	-0.46417674788571167	0.6076893114618839	0.0	-0.9331439368556875	-0.7017593935367284	
0.38962816574533665	0.004044771021803062	-0.959545569784538	-0.66523928989867	-0.33236427260452617	-0.004049577210666122	-0.04481415707203751	-0.4959682246122746	-0.2965000347398883	0.3167625009982705	0.40399466341161117	0.6596524088365056	0.959545569784538	0.9331439368556875	0.0	-0.9170694285682368	
0.9999509845340118	0.9186746884908865	-0.12439327195824491	0.4194625146777491	0.7324122430477698	0.915447230971626	0.8982794472242632	0.5985724849665254	0.7576086887901645	0.9961467709754893	0.9999834651520307	0.9522642158535334	0.12439327195824491	0.7017593935367284	0.9170694285682368	0.0	
