0.0	-0.16030383741295942	-0.5561228506800211	-0.9589393517875375	-0.9908343717642527	-0.9468629352058496	-0.6919697243426528	-0.3012602229915912	-0.7104865385397724	-0.8671081990190898	-0.5959850237019346	-0.41417653484806155	0.36996619813009646	0.9468629352058496	0.3747332327092644	0.13918138811334285	
0.16030383741295942	0.0	-0.41570237790809605	-0.9010741119458215	-0.9563663992510633	-0.9861775373304191	-0.5672933851383892	-0.1445078047588788	-0.5884907858305991	-0.7760439899430924	-0.45955430933395697	-0.26291228391610383	0.5141112040439566	0.9861775373304191	0.518510003050062	0.29612503991641326	
0.5561228506800211	0.41570237790809605	0.0	-0.6392519147097278	-0.7483601498669795	-0.9658077568027589	-0.17361627216529593	0.2799090743106606	-0.19913578107383698	-0.44363788697836115	-0.048759038615187295	0.1619589525668893	0.8241422175741617	0.9658077568027589	0.8270404952461842	0.6663837190721459	
0.9589393517875375	0.9010741119458215	0.6392519147097278	0.0	-0.15147593306685753	-0.5769716521618344	0.49603337712149853	0.8289481363487698	0.47331402224260805	0.2317451055255917	0.6009959962041895	0.7553582008120786	0.9958245784930179	0.5769716521618344	0.9953425564545721	0.9890793052161138	
0.9908343717642527	0.9563663992510633	0.7483601498669795	0.15147593306685753	0.0	-0.4465938300482939	0.6218366971086792	0.9041072072615821	0.6012866321085869	0.3764232210163849	0.7151285184121541	0.8459060981458643	0.9705058446279855	0.4465938300482939	0.9692547800927309	0.9999914380313004	
0.9468629352058496	0.9861775373304191	0.9658077568027589	0.5769716521618344	0.4465938300482939	0.0	0.9061287691463934	0.9997700817258043	0.8948366700722041	0.7505455894442539	0.9520177632715879	0.9950460380752983	0.7606835337429028	0.0	0.7573393674896001	0.8928810951832361	
0.6919697243426528	0.5672933851383892	0.17361627216529593	-0.49603337712149853	-0.6218366971086792	-0.9061287691463934	0.0	0.442334425852928	-0.025972511781991725	-0.28130455904018786	0.12539121434489314	0.3308234458199811	0.9099595716101736	0.9061287691463934	0.912077602954182	0.7857134518019768	
0.3012602229915912	0.1445078047588788	-0.2799090743106606	-0.8289481363487698	-0.9041072072615821	-0.9997700817258043	-0.442334425852928	0.0	-0.46547865963109886	-0.6767603625943899	-0.32638611219003694	-0.1207286847189147	0.6326626641177974	0.9997700817258043	0.6366320604684914	0.43104332256910605	
0.7104865385397724	0.5884907858305991	0.19913578107383698	-0.47331402224260805	-0.6012866321085869	-0.8948366700722041	0.025972511781991725	0.46547865963109886	0.0	-0.2562859591597076	0.15111643503265532	0.3552219138678476	0.920423325470795	0.8948366700722041	0.9224191077250876	0.8015147497084336	
0.8671081990190898	0.7760439899430924	0.44363788697836115	-0.2317451055255917	-0.3764232210163849	-0.7505455894442539	0.28130455904018786	0.6767603625943899	0.2562859591597076	0.0	0.39941206183984146	0.5829293618036065	0.9898702255290242	0.7505455894442539	0.9905864039491392	0.9279975619414216	
0.5959850237019346	0.45955430933395697	0.048759038615187295	-0.6009959962041895	-0.7151285184121541	-0.9520177632715879	-0.12539121434489314	0.32638611219003694	-0.15111643503265532	-0.39941206183984146	0.0	0.20988161104647146	0.8507782450500193	0.9520177632715879	0.8534663094985518	0.7019462794073721	
0.41417653484806155	0.26291228391610383	-0.1619589525668893	-0.7553582008120786	-0.8459060981458643	-0.9950460380752983	-0.3308234458199811	0.1207286847189147	-0.3552219138678476	-0.5829293618036065	-0.20988161104647146	0.0	0.7215306929764026	0.9950460380752983	0.7250775037720857	0.5368277370999124	
-0.36996619813009646	-0.5141112040439566	-0.8241422175741617	-0.9958245784930179	-0.9705058446279855	-0.7606835337429028	-0.9099595716101736	-0.6326626641177974	-0.920423325470795	-0.9898702255290242	-0.8507782450500193	-0.7215306929764026	0.0	0.7606835337429028	0.005136364518005088	-0.2370594789171676	
-0.9468629352058496	-0.9861775373304191	-0.9658077568027589	-0.5769716521618344	-0.4465938300482939	-0.0	-0.9061287691463934	-0.9997700817258043	-0.8948366700722041	-0.7505455894442539	-0.9520177632715879	-0.9950460380752983	-0.7606835337429028	0.0	-0.7573393674896001	-0.8928810951832361	
-0.3747332327092644	-0.518510003050062	-0.8270404952461842	-0.9953425564545721	-0.9692547800927309	-0.7573393674896001	-0.912077602954182	-0.6366320604684914	-0.9224191077250876	-0.9905864039491392	-0.8534663094985518	-0.7250775037720857	-0.005136364518005088	0.7573393674896001	0.0	-0.2420463049734793	
-0.13918138811334285	-0.29612503991641326	-0.6663837190721459	-0.9890793052161138	-0.9999914380313004	-0.8928810951832361	-0.7857134518019768	-0.43104332256910605	-0.8015147497084336	-0.9279975619414216	-0.7019462794073721	-0.5368277370999124	0.2370594789171676	0.8928810951832361	0.2420463049734793	0.0	
