0.0	0.5649441318808017	0.7353190081229766	0.13214770310554103	-0.5240906516133603	-0.2283877855945156	0.25067362413994715	0.667840248468151	0.7353190081229766	0.9299566661116863	0.5240906695608053	0.9707663048946558	0.9967701284225612	0.9894504096326782	0.9971037031774571	0.847616301607731	
-0.5649441318808017	0.0	0.2238585678602882	-0.4509506692334894	-0.9135842016524445	-0.738462217434651	-0.34006828568455444	0.13056392133871886	0.2238585678602882	0.9750468863006122	0.9135842102219445	0.6654059500875621	0.8678334060767737	0.8982689514042176	0.779773099885215	0.39962811497219497	
-0.7353190081229766	-0.2238585678602882	0.0	-0.6393109937684947	-0.9814309327382298	-0.8706679384788312	-0.5419546743580733	-0.09469189151148372	0.0	0.9006054106026596	0.981430936780447	0.48141271522075924	0.7345839039980128	0.7770985800728655	0.6198343439753842	0.18428012943487715	
-0.13214770310554103	0.4509506692334894	0.6393109937684947	0.0	-0.6320396367994815	-0.35503990448587475	0.1205467795304217	0.5636251645646261	0.6393109937684947	0.9703876125962019	0.6320396531300381	0.9305337521574898	0.998640955694439	0.9999174630164758	0.9783087833771789	0.7700638902201826	
0.5240906516133603	0.9135842016524445	0.9814309327382298	0.6320396367994815	0.0	0.31572975431006417	0.720846627553959	0.9588575914809844	0.9814309327382298	0.5993172444484925	2.1073424255447027e-08	0.9525609548114108	0.8068232609228759	0.766751751277352	0.8890549883765048	0.9999705655006162	
0.2283877855945156	0.738462217434651	0.8706679384788312	0.35503990448587475	-0.31572975431006417	0.0	0.46514412350534595	0.8201794828104818	0.8706679384788312	0.8214069965060851	0.3157297743055651	0.9999283376583983	0.9520844612334389	0.9302124886400877	0.98812029121059	0.9463987732719773	
-0.25067362413994715	0.34006828568455444	0.5419546743580733	-0.1205467795304217	-0.720846627553959	-0.46514412350534595	0.0	0.4599396738338626	0.5419546743580733	0.9924296479269671	0.720846642159836	0.8796030015998753	0.9850759082893388	0.9941744791731975	0.9462031124471122	0.6875434730177405	
-0.667840248468151	-0.13056392133871886	0.09469189151148372	-0.5636251645646261	-0.9588575914809844	-0.8201794828104818	-0.4599396738338626	0.0	0.09469189151148372	0.9377153171744925	0.9588575974634665	0.5622464269354296	0.7955332846929236	0.8332038650938505	0.6913570196890267	0.2765222659261516	
-0.7353190081229766	-0.2238585678602882	0.0	-0.6393109937684947	-0.9814309327382298	-0.8706679384788312	-0.5419546743580733	-0.09469189151148372	0.0	0.9006054106026596	0.981430936780447	0.48141271522075924	0.7345839039980128	0.7770985800728655	0.6198343439753842	0.18428012943487715	
-0.9299566661116863	-0.9750468863006122	-0.9006054106026596	-0.9703876125962019	-0.5993172444484925	-0.8214069965060851	-0.9924296479269671	-0.9377153171744925	-0.9006054106026596	0.0	0.5993172275789718	-0.5801351770265448	-0.29179902881999625	-0.22906573312103318	-0.4373311534126863	-0.80508634484265	
-0.5240906695608053	-0.9135842102219445	-0.981430936780447	-0.6320396531300381	-2.1073424255447027e-08	-0.3157297743055651	-0.720846642159836	-0.9588575974634665	-0.981430936780447	-0.5993172275789718	0.0	-0.9525609483977592	-0.8068232484728471	-0.7667517377493996	-0.8890549787290825	-0.9999705656623035	
-0.9707663048946558	-0.6654059500875621	-0.48141271522075924	-0.9305337521574898	-0.9525609548114108	-0.9999283376583983	-0.8796030015998753	-0.5622464269354296	-0.48141271522075924	0.5801351770265448	0.9525609483977592	0.0	0.3172112859421443	0.3781312678811618	0.16550081434057046	-0.31164749227729177	
-0.9967701284225612	-0.8678334060767737	-0.7345839039980128	-0.998640955694439	-0.8068232609228759	-0.9520844612334389	-0.9850759082893388	-0.7955332846929236	-0.7345839039980128	0.29179902881999625	0.8068232484728471	-0.3172112859421443	0.0	0.06494365874984681	-0.15588332554942547	-0.5969658866365422	
-0.9894504096326782	-0.8982689514042176	-0.7770985800728655	-0.9999174630164758	-0.766751751277352	-0.9302124886400877	-0.9941744791731975	-0.8332038650938505	-0.7770985800728655	0.22906573312103318	0.7667517377493996	-0.3781312678811618	-0.06494365874984681	0.0	-0.2197039986578631	-0.6478077808506946	
-0.9971037031774571	-0.779773099885215	-0.6198343439753842	-0.9783087833771789	-0.8890549883765048	-0.98812029121059	-0.9462031124471122	-0.6913570196890267	-0.6198343439753842	0.4373311534126863	0.8890549787290825	-0.16550081434057046	0.15588332554942547	0.2197039986578631	0.0	-0.4646082734083168	
-0.847616301607731	-0.39962811497219497	-0.18428012943487715	-0.7700638902201826	-0.9999705655006162	-0.9463987732719773	-0.6875434730177405	-0.2765222659261516	-0.18428012943487715	0.80508634484265	0.9999705656623035	0.31164749227729177	0.5969658866365422	0.6478077808506946	0.4646082734083168	0.0	
