0.0	-0.18823241023131498	0.39765752336591925	0.7780164039577264	0.6623373638250757	-0.5150787174904372	0.2933079190518628	0.6460964874085948	0.6623373638250757	0.9639854886933441	0.5150787174904372	0.8210920097299789	0.5101097555004873	0.7581840756343416	0.7479542401096362	0.5948110339017956	
0.18823241023131498	0.0	0.5632588228248249	0.882364857209586	0.7915225602636967	-0.34452936475500767	0.46801847438204824	0.7782166663736247	0.7915225602636967	0.8966924581843263	0.34452936475500767	0.9138568705873678	0.662891745198103	0.8673663347427715	0.8595235119848355	0.7354920485322592	
-0.39765752336591925	-0.5632588228248249	0.0	0.4640305030425326	0.30978970511315074	-0.8134515090802423	-0.11104779552162636	0.28930105431834086	0.30978970511315074	0.9902483276396981	0.8134515090802423	0.5263985030044062	0.12601406267031884	0.4363707679278121	0.4223280871908962	0.22609611294770254	
-0.7780164039577264	-0.882364857209586	-0.4640305030425326	0.0	-0.166784893701928	-0.9904663142574954	-0.5595287771241804	-0.18791927156757401	-0.166784893701928	0.8125352914648466	0.9904663142574954	0.07175755608867214	-0.3487057842920057	-0.030973693784838358	-0.04651088315320051	-0.2517341497401854	
-0.6623373638250757	-0.7915225602636967	-0.30978970511315074	0.166784893701928	0.0	-0.95361767812794	-0.41345848684853403	-0.021473610175026192	0.0	0.8983752741845326	0.95361767812794	0.23710740950732115	-0.18750538912671022	0.1361650155869328	0.12074497686147673	-0.08679436284133346	
0.5150787174904372	0.34452936475500767	0.8134515090802423	0.9904663142574954	0.95361767812794	0.0	0.7438313324784273	0.9469337923742526	0.95361767812794	0.6892856184167473	0.0	0.9977979675417111	0.8802609483143944	0.9857243028446205	0.9829873015378086	0.9238920821831131	
-0.2933079190518628	-0.46801847438204824	0.11104779552162636	0.5595287771241804	0.41345848684853403	-0.7438313324784273	0.0	0.3938109343866485	0.41345848684853403	0.9995941643308228	0.7438313324784273	0.6175598163729372	0.23539724716680582	0.5335889794784924	0.5203745176874945	0.3328699362726148	
-0.6460964874085948	-0.7782166663736247	-0.28930105431834086	0.18791927156757401	0.021473610175026192	-0.9469337923742526	-0.3938109343866485	0.0	0.021473610175026192	0.9075999489932203	0.9469337923742526	0.257913992907574	-0.166369408200797	0.15740722667017262	0.1420336347326309	-0.065381775291599	
-0.6623373638250757	-0.7915225602636967	-0.30978970511315074	0.166784893701928	0.0	-0.95361767812794	-0.41345848684853403	-0.021473610175026192	0.0	0.8983752741845326	0.95361767812794	0.23710740950732115	-0.18750538912671022	0.1361650155869328	0.12074497686147673	-0.08679436284133346	
-0.9639854886933441	-0.8966924581843263	-0.9902483276396981	-0.8125352914648466	-0.8983752741845326	-0.6892856184167473	-0.9995941643308228	-0.9075999489932203	-0.8983752741845326	0.0	0.6892856184167473	-0.768612319264567	-0.9647990594120694	-0.8302003748682734	-0.8387677041206778	-0.9331076060389133	
-0.5150787174904372	-0.34452936475500767	-0.8134515090802423	-0.9904663142574954	-0.95361767812794	-0.0	-0.7438313324784273	-0.9469337923742526	-0.95361767812794	-0.6892856184167473	0.0	-0.9977979675417111	-0.8802609483143944	-0.9857243028446205	-0.9829873015378086	-0.9238920821831131	
-0.8210920097299789	-0.9138568705873678	-0.5263985030044062	-0.07175755608867214	-0.23710740950732115	-0.9977979675417111	-0.6175598163729372	-0.257913992907574	-0.23710740950732115	0.768612319264567	0.9977979675417111	0.0	-0.41506035216969867	-0.10261697363358059	-0.11807088178567024	-0.3205319113923919	
-0.5101097555004873	-0.662891745198103	-0.12601406267031884	0.3487057842920057	0.18750538912671022	-0.8802609483143944	-0.23539724716680582	0.166369408200797	0.18750538912671022	0.9647990594120694	0.8802609483143944	0.41506035216969867	0.0	0.31950893079339027	0.30473690975216666	0.10154284936062602	
-0.7581840756343416	-0.8673663347427715	-0.4363707679278121	0.030973693784838358	-0.1361650155869328	-0.9857243028446205	-0.5335889794784924	-0.15740722667017262	-0.1361650155869328	0.8302003748682734	0.9857243028446205	0.10261697363358059	-0.31950893079339027	0.0	-0.015548393697976781	-0.22163713763008452	
-0.7479542401096362	-0.8595235119848355	-0.4223280871908962	0.04651088315320051	-0.12074497686147673	-0.9829873015378086	-0.5203745176874945	-0.1420336347326309	-0.12074497686147673	0.8387677041206778	0.9829873015378086	0.11807088178567024	-0.30473690975216666	0.015548393697976781	0.0	-0.2064486524518732	
-0.5948110339017956	-0.7354920485322592	-0.22609611294770254	0.2517341497401854	0.08679436284133346	-0.9238920821831131	-0.3328699362726148	0.065381775291599	0.08679436284133346	0.9331076060389133	0.9238920821831131	0.3205319113923919	-0.10154284936062602	0.22163713763008452	0.2064486524518732	0.0	
