0.0	-0.8082673278992872	0.38375856477959897	0.7913266544853405	0.39619935008168755	0.14308602895690897	0.6176766771574358	0.5861537332228699	0.5118670975389761	0.6607584350303246	0.5673416642403344	0.9231270730689494	0.8082673278992872	0.8948883506912538	0.5231672898459879	0.5287788594314194	
0.8082673278992872	0.0	0.9723441664340472	0.9601150226353214	0.9754107754154976	0.8842017630526745	0.9993451343985238	0.9999945896450583	0.9957492724019005	0.995749281469888	0.9996536821221528	0.8543264604981553	0.0	0.8876460034931242	0.9968787846003875	0.9973779755222378	
-0.38375856477959897	-0.9723441664340472	0.0	0.49610998648790255	0.013510242435833458	-0.24767935941506505	0.2685832419384838	0.2303528402009641	0.143001789921007	0.32211780137557017	0.20788381451460916	0.7048931812234706	0.9723441664340472	0.6551022078892386	0.1560596183458478	0.16257331496265434	
-0.7913266544853405	-0.9601150226353214	-0.49610998648790255	0.0	-0.4843343089274258	-0.6957022233933694	-0.2446811570665239	-0.2827621015935567	-0.3668484921526407	-0.18998522209877353	-0.30477459698123566	0.2601328342406579	0.9601150226353214	0.1939677645711505	-0.3545311919974109	-0.3483541154225414	
-0.39619935008168755	-0.9754107754154976	-0.013510242435833458	0.4843343089274258	0.0	-0.2607460454381122	0.25554490047622863	0.2171849026599596	0.12961734853555856	0.30929826145803696	0.1946497502101487	0.6952458504079051	0.9754107754154976	0.644834886158372	0.14270066512718804	0.149227968829457	
-0.14308602895690897	-0.8842017630526745	0.24767935941506505	0.6957022233933694	0.2607460454381122	0.0	0.49879348847175475	0.46419408105979243	0.38367996597598464	0.5465592229636219	0.44367502148028787	0.858612467569889	0.8842017630526745	0.8218223015194955	0.39584182407199703	0.4018922139682986	
-0.6176766771574358	-0.9993451343985238	-0.2685832419384838	0.2446811570665239	-0.25554490047622863	-0.49879348847175475	0.0	-0.039471413603325844	-0.12807545833124265	0.056014412605027035	-0.062470214047250686	0.488483210871574	0.9993451343985238	0.42810599070339933	-0.11496702441031859	-0.1084103370511526	
-0.5861537332228699	-0.9999945896450583	-0.2303528402009641	0.2827621015935567	-0.2171849026599596	-0.46419408105979243	0.039471413603325844	0.0	-0.08882930527779703	0.09538020249496125	-0.023027211843022196	0.5225442373248819	0.9999945896450583	0.4634438104449307	-0.07566773977848966	-0.06908707467077226	
-0.5118670975389761	-0.9957492724019005	-0.143001789921007	0.3668484921526407	-0.12961734853555856	-0.38367996597598464	0.12807545833124265	0.08882930527779703	0.0	0.18342747654749347	0.06586956904091718	0.5962154958180017	0.9957492724019005	0.5403257382266392	0.013206024502779592	0.019803095470994223	
-0.6607584350303246	-0.995749281469888	-0.32211780137557017	0.18998522209877353	-0.30929826145803696	-0.5465592229636219	-0.056014412605027035	-0.09538020249496125	-0.18342747654749347	0.0	-0.11827714019389873	0.4388395923313212	0.995749281469888	0.3768120243819877	-0.17042951993719274	-0.16392440512081885	
-0.5673416642403344	-0.9996536821221528	-0.20788381451460916	0.30477459698123566	-0.1946497502101487	-0.44367502148028787	0.062470214047250686	0.023027211843022196	-0.06586956904091718	0.11827714019389873	0.0	0.5420389599256861	0.9996536821221528	0.4837259412610809	-0.052686480785182135	-0.046096564050543534	
-0.9231270730689494	-0.8543264604981553	-0.7048931812234706	-0.2601328342406579	-0.6952458504079051	-0.858612467569889	-0.488483210871574	-0.5225442373248819	-0.5962154958180017	-0.4388395923313212	-0.5420389599256861	0.0	0.8543264604981553	-0.06790236106847314	-0.585561384598148	-0.5802001686024045	
-0.8082673278992872	-0.0	-0.9723441664340472	-0.9601150226353214	-0.9754107754154976	-0.8842017630526745	-0.9993451343985238	-0.9999945896450583	-0.9957492724019005	-0.995749281469888	-0.9996536821221528	-0.8543264604981553	0.0	-0.8876460034931242	-0.9968787846003875	-0.9973779755222378	
-0.8948883506912538	-0.8876460034931242	-0.6551022078892386	-0.1939677645711505	-0.644834886158372	-0.8218223015194955	-0.42810599070339933	-0.4634438104449307	-0.5403257382266392	-0.3768120243819877	-0.4837259412610809	0.06790236106847314	0.8876460034931242	0.0	-0.5291663322723297	-0.5235563477800923	
-0.5231672898459879	-0.9968787846003875	-0.1560596183458478	0.3545311919974109	-0.14270066512718804	-0.39584182407199703	0.11496702441031859	0.07566773977848966	-0.013206024502779592	0.17042951993719274	0.052686480785182135	0.585561384598148	0.9968787846003875	0.5291663322723297	0.0	0.006597933780381482	
-0.5287788594314194	-0.9973779755222378	-0.16257331496265434	0.3483541154225414	-0.149227968829457	-0.4018922139682986	0.1084103370511526	0.06908707467077226	-0.019803095470994223	0.16392440512081885	0.046096564050543534	0.5802001686024045	0.9973779755222378	0.5235563477800923	-0.006597933780381482	0.0	
