0.0	0.8941424815845392	0.9681533970637819	0.8439125569316621	0.9457999924196663	0.8664380136677116	0.7491726880993532	0.9918610850633569	0.9817314428963658	0.5057828476041146	1.4901161193847656e-08	0.6041738549639648	0.7640074687095787	0.6469671582020866	0.7336365492531944	0.9782479180935468	
-0.8941424815845392	0.0	0.20966671422526442	-0.10180090341785664	0.13314023166813266	0.8344074553840898	0.9277238506195687	0.5579845513873327	0.6097323578531482	0.9978224362913799	0.8941424882570193	0.9830382142699643	0.9190165664511348	0.9715002285789283	0.9361170788097422	0.6235225362750945	
-0.9681533970637819	-0.20966671422526442	0.0	-0.3081156180894588	-0.07761918327217734	0.7003036025647951	0.8288415290368443	0.37158997710612984	0.4299963994442809	0.961814667466949	0.9681534007944029	0.9227350859515858	0.8159349210953263	0.9002075003176536	0.8415725465231141	0.44574488201240375	
-0.8439125569316621	0.10180090341785664	0.3081156180894588	0.0	0.23334313190075734	0.8861799076348418	0.9609030787182342	0.6395653218497115	0.6872528188923631	0.9993530704527983	0.8439125649258482	0.9966014987272804	0.9543739264873268	0.9905838290747291	0.9670559657647892	0.6998717012215059	
-0.9457999924196663	-0.13314023166813266	0.07761918327217734	-0.23334313190075734	0.0	0.7535989185048922	0.8697676283676458	0.44253033266385317	0.49877610881667334	0.9801574416011221	0.9457999972588139	0.9498684002598107	0.8583483572358261	0.9312917892294824	0.8809591336254152	0.5138816968234933	
-0.8664380136677116	-0.8344074553840898	-0.7003036025647951	-0.8861799076348418	-0.7535989185048922	0.0	0.19985621723962843	-0.384902031621421	-0.3253046892650011	0.49491252228940447	0.8664380062277903	0.388768586618796	0.17757501044114138	0.3376536898237402	0.22248760145326152	-0.30869099047261506	
-0.7491726880993532	-0.9277238506195687	-0.8288415290368443	-0.9609030787182342	-0.8697676283676458	-0.19985621723962843	0.0	-0.5615955053875208	-0.5077276320879058	0.3112641571312312	0.7491726782292005	0.19679065690554864	-0.022687479562962076	0.1427228625529819	0.023152041543196666	-0.4925589376562265	
-0.9918610850633569	-0.5579845513873327	-0.37158997710612984	-0.6395653218497115	-0.44253033266385317	0.384902031621421	0.5615955053875208	0.0	0.06372454109340715	0.7912410422408164	0.9918610831660704	0.7134407385633366	0.5426790630135827	0.673936876657495	0.5806012480227881	0.08119568767115705	
-0.9817314428963658	-0.6097323578531482	-0.4299963994442809	-0.6872528188923631	-0.49877610881667334	0.3253046892650011	0.5077276320879058	-0.06372454109340715	0.0	0.7506650290386706	0.9817314400610944	0.6673379105304242	0.4880512820962196	0.625488131781549	0.5275374308136193	0.017516525469053662	
-0.5057828476041146	-0.9978224362913799	-0.961814667466949	-0.9993530704527983	-0.9801574416011221	-0.49491252228940447	-0.3112641571312312	-0.7912410422408164	-0.7506650290386706	0.0	0.5057828347494665	-0.11816277915723034	-0.3327444830384798	-0.17244476927857472	-0.2891787969393552	-0.7389769869960523	
-1.4901161193847656e-08	-0.8941424882570193	-0.9681534007944029	-0.8439125649258482	-0.9457999972588139	-0.8664380062277903	-0.7491726782292005	-0.9918610831660704	-0.9817314400610944	-0.5057828347494665	0.0	-0.6041738430899368	-0.7640074590952391	-0.6469671468396849	-0.7336365391272286	-0.9782479150024621	
-0.6041738549639648	-0.9830382142699643	-0.9227350859515858	-0.9966014987272804	-0.9498684002598107	-0.388768586618796	-0.19679065690554864	-0.7134407385633366	-0.6673379105304242	0.11816277915723034	0.6041738430899368	0.0	-0.21898384209825544	-0.05484405752032506	-0.17403859262248728	-0.6541900023373999	
-0.7640074687095787	-0.9190165664511348	-0.8159349210953263	-0.9543739264873268	-0.8583483572358261	-0.17757501044114138	0.022687479562962076	-0.5426790630135827	-0.4880512820962196	0.3327444830384798	0.7640074590952391	0.21898384209825544	0.0	0.16514134737023256	0.04582748065709974	-0.47268771689764566	
-0.6469671582020866	-0.9715002285789283	-0.9002075003176536	-0.9905838290747291	-0.9312917892294824	-0.3376536898237402	-0.1427228625529819	-0.673936876657495	-0.625488131781549	0.17244476927857472	0.6469671468396849	0.05484405752032506	-0.16514134737023256	0.0	-0.11976957954349438	-0.6117251824301911	
-0.7336365492531944	-0.9361170788097422	-0.8415725465231141	-0.9670559657647892	-0.8809591336254152	-0.22248760145326152	-0.023152041543196666	-0.5806012480227881	-0.5275374308136193	0.2891787969393552	0.7336365391272286	0.17403859262248728	-0.04582748065709974	0.11976957954349438	0.0	-0.5125756475978936	
-0.9782479180935468	-0.6235225362750945	-0.44574488201240375	-0.6998717012215059	-0.5138816968234933	0.30869099047261506	0.4925589376562265	-0.08119568767115705	-0.017516525469053662	0.7389769869960523	0.9782479150024621	0.6541900023373999	0.47268771689764566	0.6117251824301911	0.5125756475978936	0.0	
