0.0	-0.802409192720637	0.4835085111241155	0.9890420459853626	0.8921265813196122	0.7069320031342929	0.7481201566500261	0.6223477522475142	0.973646577611778	0.9993028441308804	0.9001598579358329	0.9752319029343264	0.8073587689188906	0.9345898009400923	0.8024091927206374	0.3114274117036649	
0.802409192720637	0.0	0.9909260114093534	0.4717718409749598	0.8949150184423583	0.9894079956140629	0.9789081127312614	0.9994795762175159	0.7640463529386744	0.626315315221053	0.886689297403934	0.7594740253520391	0.9552811697651312	0.8431779600131039	0.0	0.9483571943022743	
-0.4835085111241155	-0.9909260114093534	0.0	0.9371300779528027	0.5624716302406123	0.2768289862142372	0.3340207480193388	0.16630379519439492	0.7420014757274913	0.8566781166067697	0.5773488138476384	0.7467144070308116	0.4214137021743313	0.6460863464600348	0.9909260114093539	-0.18685884143414397	
-0.9890420459853626	-0.4717718409749598	-0.9371300779528027	0.0	-0.5785431988851001	-0.8038984368393292	-0.7667400431793627	-0.8660433934239058	-0.36930649903759777	-0.18445606016703386	-0.5636811337791293	-0.362738608084984	-0.7027886956075625	-0.4898065816302654	0.47177184097496	-0.9858342396926656	
-0.8921265813196122	-0.8949150184423583	-0.5624716302406123	0.5785431988851001	0.0	-0.3116029929658284	-0.25399258395880797	-0.41713623209460815	0.23641913111647606	0.4181639308629336	0.018104832810799887	0.2432707804603264	-0.16165597027261192	0.10488037624353014	0.8949150184423588	-0.7070626793429984	
-0.7069320031342929	-0.9894079956140629	-0.2768289862142372	0.8038984368393292	0.3116029929658284	0.0	0.060037437368732155	-0.11316951202071744	0.5274177986247403	0.6803958486429493	0.3287553557388919	0.5334008535213417	0.1538970284976974	0.4095430864700271	0.9894079956140633	-0.4515093834275911	
-0.7481201566500261	-0.9789081127312614	-0.3340207480193388	0.7667400431793627	0.25399258395880797	-0.060037437368732155	0.0	-0.17261710704430544	0.47545823249517594	0.6351703770137397	0.2714620589977592	0.4816552430666401	0.09429721281403478	0.354032722038121	0.9789081127312619	-0.5042643037850307	
-0.6223477522475142	-0.9994795762175159	-0.16630379519439492	0.8660433934239058	0.41713623209460815	0.11316951202071744	0.17261710704430544	0.0	0.6201790095717594	0.7589604656372633	0.4335223291460592	0.6256999808141362	0.2647296583512578	0.5101555587044914	0.9994795762175164	-0.3476313996153306	
-0.973646577611778	-0.7640463529386744	-0.7420014757274913	0.36930649903759777	-0.23641913111647606	-0.5274177986247403	-0.47545823249517594	-0.6201790095717594	0.0	0.19155305268559725	-0.2187887986544858	0.007057612485919629	-0.39038276422428525	-0.13320810273878975	0.7640463529386747	-0.8542022757050263	
-0.9993028441308804	-0.626315315221053	-0.8566781166067697	0.18445606016703386	-0.4181639308629336	-0.6803958486429493	-0.6351703770137397	-0.7589604656372633	-0.19155305268559725	0.0	-0.40164947573818477	-0.1846213605499626	-0.5595075830535251	-0.32058733886035334	0.6263153152210533	-0.9379806348387939	
-0.9001598579358329	-0.886689297403934	-0.5773488138476384	0.5636811337791293	-0.018104832810799887	-0.3287553557388919	-0.2714620589977592	-0.4335223291460592	0.2187887986544858	0.40164947573818477	0.0	0.2256699719976123	-0.17949617701987752	0.08685820387989623	0.8866892974039344	-0.7197496360448394	
-0.9752319029343264	-0.7594740253520391	-0.7467144070308116	0.362738608084984	-0.2432707804603264	-0.5334008535213417	-0.4816552430666401	-0.6256999808141362	-0.007057612485919629	0.1846213605499626	-0.2256699719976123	0.0	-0.39687065126153487	-0.14019950083260874	0.7594740253520395	-0.8578505425086379	
-0.8073587689188906	-0.9552811697651312	-0.4214137021743313	0.7027886956075625	0.16165597027261192	-0.1538970284976974	-0.09429721281403478	-0.2647296583512578	0.39038276422428525	0.5595075830535251	0.17949617701987752	0.39687065126153487	0.0	0.26426531555293054	0.9552811697651317	-0.5834476461451096	
-0.9345898009400923	-0.8431779600131039	-0.6460863464600348	0.4898065816302654	-0.10488037624353014	-0.4095430864700271	-0.354032722038121	-0.5101555587044914	0.13320810273878975	0.32058733886035334	-0.08685820387989623	0.14019950083260874	-0.26426531555293054	0.0	0.8431779600131042	-0.7773293693654963	
-0.8024091927206374	-0.0	-0.9909260114093539	-0.47177184097496	-0.8949150184423588	-0.9894079956140633	-0.9789081127312619	-0.9994795762175164	-0.7640463529386747	-0.6263153152210533	-0.8866892974039344	-0.7594740253520395	-0.9552811697651317	-0.8431779600131042	0.0	-0.9483571943022747	
-0.3114274117036649	-0.9483571943022743	0.18685884143414397	0.9858342396926656	0.7070626793429984	0.4515093834275911	0.5042643037850307	0.3476313996153306	0.8542022757050263	0.9379806348387939	0.7197496360448394	0.8578505425086379	0.5834476461451096	0.7773293693654963	0.9483571943022747	0.0	
