0.0	-0.9015146971400935	0.15627248793616683	0.7883321676178499	0.5647895040203355	-0.27845823421141724	0.3900986697356527	0.9991615098497586	0.5401852264115963	0.4380132681986946	0.9015146971400935	0.8951208659584076	0.23906643137020597	0.7258705642588625	0.9985813652023482	0.7429466733184904	
0.9015146971400935	0.0	0.9580653533373598	0.8958063444206159	0.9883732889894846	0.7453559145583735	0.9989050543816782	0.46929577275763673	0.9924305598707295	0.9999828994846394	0.0	0.7892786784120847	0.9788293041666534	0.9342094302180688	0.48013764456084596	0.9249384604089954	
-0.15627248793616683	-0.9580653533373598	0.0	0.6825000773878407	0.42888896218444184	-0.4251287426941138	0.24141441341656203	0.9804876279805974	0.40203799035618265	0.292147783949239	0.9580653533373598	0.8144534396421044	0.08438816877438654	0.6094633936121705	0.9779917144094504	0.6292177315436319	
-0.7883321676178499	-0.8958063444206159	-0.6825000773878407	0.0	-0.3030726367832203	-0.9284737112868873	-0.4858668692317809	0.5824577985230287	-0.33106901355920215	-0.4391981887758175	0.8958063444206159	0.19926594642499873	-0.618387479306409	-0.09564779000844786	0.5724006207706823	-0.07057277943917867	
-0.5647895040203355	-0.9883732889894846	-0.42888896218444184	0.3030726367832203	0.0	-0.7722446237474967	-0.19811988152515853	0.8014192372894902	-0.029516673301577062	-0.14626409501306087	0.9883732889894846	0.48688861358411106	-0.35112643550315226	0.2105338901687449	0.7939908782257039	0.2350634032036556	
0.27845823421141724	-0.7453559145583735	0.4251287426941138	0.9284737112868873	0.7722446237474967	0.0	0.6310664597500132	0.9710437510865442	0.7531554581372252	0.671014298999322	0.7453559145583735	0.9838605866236142	0.49999479726367346	0.8886934723725802	0.9739129158842197	0.8999480875607326	
-0.3900986697356527	-0.9989050543816782	-0.24141441341656203	0.4858668692317809	0.19811988152515853	-0.6310664597500132	0.0	0.9040294387353565	0.16910197053679762	0.052624398463004304	0.9989050543816782	0.6502880060068381	-0.15866113251259542	0.4000399778578927	0.8986951838377907	0.4229724987630967	
-0.9991615098497586	-0.46929577275763673	-0.9804876279805974	-0.5824577985230287	-0.8014192372894902	-0.9710437510865442	-0.9040294387353565	0.0	-0.8187240604084043	-0.8802814319202226	0.46929577275763673	-0.4088013636185171	-0.9604010922203576	-0.6575357221764373	-0.01231820231698788	-0.6383713735043134	
-0.5401852264115963	-0.9924305598707295	-0.40203799035618265	0.33106901355920215	0.029516673301577062	-0.7531554581372252	-0.16910197053679762	0.8187240604084043	0.0	-0.11700112744829144	0.9924305598707295	0.5124582239433033	-0.3233361562304522	0.23929726113980976	0.8115889884318928	0.26365060054678524	
-0.4380132681986946	-0.9999828994846394	-0.292147783949239	0.4391981887758175	0.14626409501306087	-0.671014298999322	-0.052624398463004304	0.8802814319202226	0.11700112744829144	0.0	0.9999828994846394	0.6094088396143937	-0.21039909822589425	0.35125553337159116	0.8743702488352897	0.37470121307249743	
-0.9015146971400935	-0.0	-0.9580653533373598	-0.8958063444206159	-0.9883732889894846	-0.7453559145583735	-0.9989050543816782	-0.46929577275763673	-0.9924305598707295	-0.9999828994846394	0.0	-0.7892786784120847	-0.9788293041666534	-0.9342094302180688	-0.48013764456084596	-0.9249384604089954	
-0.8951208659584076	-0.7892786784120847	-0.8144534396421044	-0.19926594642499873	-0.48688861358411106	-0.9838605866236142	-0.6502880060068381	0.4088013636185171	-0.5124582239433033	-0.6094088396143937	0.7892786784120847	0.0	-0.7625837931954623	-0.29208197641388023	0.39752846755821547	-0.2679265773018548	
-0.23906643137020597	-0.9788293041666534	-0.08438816877438654	0.618387479306409	0.35112643550315226	-0.49999479726367346	0.15866113251259542	0.9604010922203576	0.3233361562304522	0.21039909822589425	0.9788293041666534	0.7625837931954623	0.0	0.5403852718534514	0.9568961131080578	0.5613843456082784	
-0.7258705642588625	-0.9342094302180688	-0.6094633936121705	0.09564779000844786	-0.2105338901687449	-0.8886934723725802	-0.4000399778578927	0.6575357221764373	-0.23929726113980976	-0.35125553337159116	0.9342094302180688	0.29208197641388023	-0.5403852718534514	0.0	0.6482050121718151	0.025160084770033064	
-0.9985813652023482	-0.48013764456084596	-0.9779917144094504	-0.5724006207706823	-0.7939908782257039	-0.9739129158842197	-0.8986951838377907	0.01231820231698788	-0.8115889884318928	-0.8743702488352897	0.48013764456084596	-0.39752846755821547	-0.9568961131080578	-0.6482050121718151	0.0	-0.6288412674361756	
-0.7429466733184904	-0.9249384604089954	-0.6292177315436319	0.07057277943917867	-0.2350634032036556	-0.8999480875607326	-0.4229724987630967	0.6383713735043134	-0.26365060054678524	-0.37470121307249743	0.9249384604089954	0.2679265773018548	-0.5613843456082784	-0.025160084770033064	0.6288412674361756	0.0	
