0.0	0.010803274442305666	0.36727629137144135	0.09067094543887355	-0.1610866372959847	-0.3016508608037299	-0.8992545975320224	-0.9526325400068745	-0.6281769789645488	-0.21875922732417324	0.6656935094226993	0.9526325400068745	0.874498262061991	0.3624670954829469	-0.2776919763056152	-0.5782323918879827	
-0.010803274442305666	0.0	0.3572066042050281	0.07990687940470859	-0.1717394233395365	-0.3119332986148454	-0.9039277486355349	-0.9558624792907895	-0.636546029404297	-0.22928806808895774	0.6575929851259854	0.9558624792907895	0.8692073313041204	0.3523773282499502	-0.28805415445806404	-0.5870127382599989	
-0.36727629137144135	-0.3572066042050281	0.0	-0.2814293216089173	-0.5123083584210016	-0.6307370477059296	-0.9970634499704351	-0.9977522871913248	-0.8700417194178727	-0.5618510022000088	0.3450985982673315	0.9977522871913248	0.6352417071816826	-0.00516528861711571	-0.6111159841064929	-0.8374713052590633	
-0.09067094543887355	-0.07990687940470859	0.2814293216089173	0.0	-0.24990991366745574	-0.38685568574821516	-0.9352122777267017	-0.9762837435850664	-0.6961378458612222	-0.3063329301400556	0.5952905049068445	0.9762837435850664	0.8269181157285728	0.27646904951523227	-0.363653009185383	-0.6498264941521394	
0.1610866372959847	0.1717394233395365	0.5123083584210016	0.24990991366745574	0.0	-0.14412840830000745	-0.8170471532947743	-0.8912011464968043	-0.49463639845791696	-0.05871735404860512	0.7772066506866614	0.8912011464968043	0.9412091842577871	0.5078655661272976	-0.11931426743239937	-0.43925473783104263	
0.3016508608037299	0.3119332986148454	0.6307370477059296	0.38685568574821516	0.14412840830000745	0.0	-0.7254161193714622	-0.8165182631652498	-0.3642098950952657	0.08577545024361805	0.8597839746247395	0.8165182631652498	0.9800720947792458	0.6267203869697108	0.025030326122292834	-0.30518891159294814	
0.8992545975320224	0.9039277486355349	0.9970634499704351	0.9352122777267017	0.8170471532947743	0.7254161193714622	0.0	-0.14322121158990034	0.42490276137907035	0.781782744199078	0.962237896474384	0.14322121158990034	0.81869218215712	0.9966545918133131	0.7424174791966647	0.4807430867795929	
0.9526325400068745	0.9558624792907895	0.9977522871913248	0.9762837435850664	0.8912011464968043	0.8165182631652498	0.14322121158990034	0.0	0.55017173802222	0.8630288297148401	0.9133316668008088	0.0	0.7280097473430096	0.9980851042578408	0.8307129396925904	0.6013721287391632	
0.6281769789645488	0.636546029404297	0.8700417194178727	0.6961378458612222	0.49463639845791696	0.3642098950952657	-0.42490276137907035	-0.55017173802222	0.0	0.44275172324178247	0.9867180080852607	0.55017173802222	0.9851051198313681	0.8674837387288519	0.3874069508493823	0.06260651881433743	
0.21875922732417324	0.22928806808895774	0.5618510022000088	0.3063329301400556	0.05871735404860512	-0.08577545024361805	-0.781782744199078	-0.8630288297148401	-0.44275172324178247	0.0	0.8128133226483043	0.8630288297148401	0.959421417099241	0.557570581655928	-0.060810499415099306	-0.3857473966345661	
-0.6656935094226993	-0.6575929851259854	-0.3450985982673315	-0.5952905049068445	-0.7772066506866614	-0.8597839746247395	-0.962237896474384	-0.9133316668008088	-0.9867180080852607	-0.8128133226483043	0.0	0.9133316668008088	0.32969227746358687	-0.3499419611213673	-0.8467326632758159	-0.9746123905487658	
-0.9526325400068745	-0.9558624792907895	-0.9977522871913248	-0.9762837435850664	-0.8912011464968043	-0.8165182631652498	-0.14322121158990034	-0.0	-0.55017173802222	-0.8630288297148401	-0.9133316668008088	0.0	-0.7280097473430096	-0.9980851042578408	-0.8307129396925904	-0.6013721287391632	
-0.874498262061991	-0.8692073313041204	-0.6352417071816826	-0.8269181157285728	-0.9412091842577871	-0.9800720947792458	-0.81869218215712	-0.7280097473430096	-0.9851051198313681	-0.959421417099241	-0.32969227746358687	0.7280097473430096	0.0	-0.6392224545010334	-0.9747929537829021	-0.9939380182751261	
-0.3624670954829469	-0.3523773282499502	0.00516528861711571	-0.27646904951523227	-0.5078655661272976	-0.6267203869697108	-0.9966545918133131	-0.9980851042578408	-0.8674837387288519	-0.557570581655928	0.3499419611213673	0.9980851042578408	0.6392224545010334	0.0	-0.607019293660551	-0.8346373995848615	
0.2776919763056152	0.28805415445806404	0.6111159841064929	0.363653009185383	0.11931426743239937	-0.025030326122292834	-0.7424174791966647	-0.8307129396925904	-0.3874069508493823	0.060810499415099306	0.8467326632758159	0.8307129396925904	0.9747929537829021	0.607019293660551	0.0	-0.3289294686110447	
0.5782323918879827	0.5870127382599989	0.8374713052590633	0.6498264941521394	0.43925473783104263	0.30518891159294814	-0.4807430867795929	-0.6013721287391632	-0.06260651881433743	0.3857473966345661	0.9746123905487658	0.6013721287391632	0.9939380182751261	0.8346373995848615	0.3289294686110447	0.0	
