0.0	0.09534028099720482	-0.05918003790334048	-0.9151479971675096	-0.4327757222792022	0.024207626484481215	0.42541721530803595	0.3846934271830448	0.45741982757070804	0.8224703433890945	0.9151479971675096	0.9973407410279038	0.372320167243354	0.3681798101113266	0.7508827930853722	0.30510854799687154	
-0.09534028099720482	0.0	-0.154083637986154	-0.9494126462181052	-0.5167537343820852	-0.07121498730646075	0.3371966282817597	0.29493773607529855	0.3705547340549788	0.76449346330976	0.9494126462181052	0.9997459630652082	0.2821384221937662	0.2778595900312904	0.684496222086779	0.2129244735838331	
0.05918003790334048	0.154083637986154	0.0	-0.8896875006347107	-0.3786663072085848	0.08332789373731775	0.47822937458454434	0.43864498753564246	0.5092440194704427	0.8546908993479302	0.8896875006347107	0.991279705838566	0.42659286211088354	0.4225574236174872	0.7886513371427353	0.3609319825667374	
0.9151479971675096	0.9494126462181052	0.8896875006347107	0.0	0.6505477086056183	0.9246383459231934	0.9996998552106687	0.999799090469768	0.9981903264788196	0.8520961183212358	0.0	0.33535034730951846	0.9994418123337329	0.9992829840070062	0.9070906018613256	0.9945062821040165	
0.4327757222792022	0.5167537343820852	0.3786663072085848	-0.6505477086056183	0.0	0.45447211296042245	0.7751751888403985	0.7462729560634196	0.7972109019185718	0.9876246390125598	0.6505477086056183	0.8675637437939616	0.7373082670398768	0.734289917114601	0.9627425002220906	0.6871957795576206	
-0.024207626484481215	0.07121498730646075	-0.08332789373731775	-0.9246383459231934	-0.45447211296042245	0.0	0.4033847101678929	0.36223597962566567	0.435759129023845	0.8084598290232085	0.9246383459231934	0.9988127166161873	0.3497438561833055	0.34556476370305333	0.7346751731787253	0.28196578841004494	
-0.42541721530803595	-0.3371966282817597	-0.47822937458454434	-0.9996998552106687	-0.7751751888403985	-0.4033847101678929	0.0	-0.04453244896553099	0.03566110230902206	0.5023527634798408	0.9996998552106687	0.9335949880682657	-0.057882807528610525	-0.06233186509475509	0.3985863082044494	-0.1290098675279278	
-0.3846934271830448	-0.29493773607529855	-0.43864498753564246	-0.999799090469768	-0.7462729560634196	-0.36223597962566567	0.04453244896553099	0.0	0.08012984798185602	0.5403599491480869	0.999799090469768	0.9486261173510667	-0.013367599034367714	-0.017824173374367338	0.43903296780864587	-0.08472157670214148	
-0.45741982757070804	-0.3705547340549788	-0.5092440194704427	-0.9981903264788196	-0.7972109019185718	-0.435759129023845	-0.03566110230902206	-0.08012984798185602	0.0	0.47119840988037215	0.9981903264788196	0.9202227229493986	-0.09344730298711074	-0.09788397686292044	0.3656268873651397	-0.1642909031182735	
-0.8224703433890945	-0.76449346330976	-0.8546908993479302	-0.8520961183212358	-0.9876246390125598	-0.8084598290232085	-0.5023527634798408	-0.5403599491480869	-0.47119840988037215	0.0	0.8520961183212358	0.6272367535555254	-0.5515596197216804	-0.5552719707979616	-0.11608046548148326	-0.6097047861732993	
-0.9151479971675096	-0.9494126462181052	-0.8896875006347107	-0.0	-0.6505477086056183	-0.9246383459231934	-0.9996998552106687	-0.999799090469768	-0.9981903264788196	-0.8520961183212358	0.0	-0.33535034730951846	-0.9994418123337329	-0.9992829840070062	-0.9070906018613256	-0.9945062821040165	
-0.9973407410279038	-0.9997459630652082	-0.991279705838566	-0.33535034730951846	-0.8675637437939616	-0.9988127166161873	-0.9335949880682657	-0.9486261173510667	-0.9202227229493986	-0.6272367535555254	0.33535034730951846	0.0	-0.9527708556763648	-0.9541149707757194	-0.7134033070176725	-0.972021331594357	
-0.372320167243354	-0.2821384221937662	-0.42659286211088354	-0.9994418123337329	-0.7373082670398768	-0.3497438561833055	0.057882807528610525	0.013367599034367714	0.09344730298711074	0.5515596197216804	0.9994418123337329	0.9527708556763648	0.0	-0.004457105363500996	0.4510041395042564	-0.07139446877581626	
-0.3681798101113266	-0.2778595900312904	-0.4225574236174872	-0.9992829840070062	-0.734289917114601	-0.34556476370305333	0.06233186509475509	0.017824173374367338	0.09788397686292044	0.5552719707979616	0.9992829840070062	0.9541149707757194	0.004457105363500996	0.0	0.4549777236638384	-0.06694802807944633	
-0.7508827930853722	-0.684496222086779	-0.7886513371427353	-0.9070906018613256	-0.9627425002220906	-0.7346751731787253	-0.3985863082044494	-0.43903296780864587	-0.3656268873651397	0.11608046548148326	0.9070906018613256	0.7134033070176725	-0.4510041395042564	-0.4549777236638384	0.0	-0.5135743725237777	
-0.30510854799687154	-0.2129244735838331	-0.3609319825667374	-0.9945062821040165	-0.6871957795576206	-0.28196578841004494	0.1290098675279278	0.08472157670214148	0.1642909031182735	0.6097047861732993	0.9945062821040165	0.972021331594357	0.07139446877581626	0.06694802807944633	0.5135743725237777	0.0	
