0.0	-0.2550875668231122	-0.653242578412482	-0.22231724928601632	0.7585517613813412	-0.34436620717860217	-0.6914526978032571	-0.21756719189719054	0.05815492232993691	0.06414028642080782	0.2700639955969438	-0.45170168929588583	-0.9752412455923347	-0.758551761381341	-0.9910031305350889	0.07015824671392062	
0.2550875668231122	0.0	-0.43849276235158274	0.03374130196087044	0.8996756390513696	-0.09348863029984972	-0.4842972258744438	0.03860740792408285	0.31088688767956857	0.3165807085698872	0.5067388451234949	-0.209177246160033	-0.999389266599084	-0.8996756390513694	-0.9240781350781743	0.32229626747676926	
0.653242578412482	0.43849276235158274	0.0	0.46856756422247653	0.9999976875820794	0.3525508383531664	-0.051615863591500465	0.4728636647111467	0.696168934367472	0.7004612149327728	0.8334482349610263	0.24079745883507137	-0.8828630748911871	-0.9999976875820792	-0.6629075870362883	0.7047531309143543	
0.22231724928601632	-0.03374130196087044	-0.46856756422247653	0.0	0.8844332954639958	-0.1270289246664173	-0.5135418515020467	0.004869278532986243	0.27864055229373796	0.2843946099833335	0.477361944742933	-0.2420530088677605	-0.9999992757208417	-0.8844332954639956	-0.9364480125882817	0.29017192468393815	
-0.7585517613813412	-0.8996756390513696	-0.9999976875820794	-0.8844332954639958	0.0	-0.9365486734745063	-0.9985537014723039	-0.8821504806854799	-0.719373474818471	-0.7151951904303208	-0.5543886260963539	-0.9710909886644612	-0.4677307634359592	-0.0	-0.7472738876399788	-0.7109665837215278	
0.34436620717860217	0.09348863029984972	-0.3525508383531664	0.1270289246664173	0.9365486734745063	0.0	-0.40038263902356863	0.13185725130927434	0.398381291583772	0.40387429161941685	0.5851160169914514	-0.116840671707306	-0.9917454077517325	-0.9365486734745061	-0.8842993017114786	0.40938469142122913	
0.6914526978032571	0.4842972258744438	0.051615863591500465	0.5135418515020467	0.9985537014723039	0.40038263902356863	0.0	0.5177139187382557	0.73229484278196	0.7363652590836771	0.8608600583753862	0.2905735657582461	-0.857445846815898	-0.9985537014723037	-0.623379079232198	0.7404327138920858	
0.21756719189719054	-0.03860740792408285	-0.4728636647111467	-0.004869278532986243	0.8821504806854799	-0.13185725130927434	-0.5177139187382557	0.0	0.27396081600381017	0.2797230255603499	0.4730776176403953	-0.24677462025470168	-0.9999932811935754	-0.8821504806854796	-0.9381450849900062	0.2855087091504241	
-0.05815492232993691	-0.31088688767956857	-0.696168934367472	-0.27864055229373796	0.719373474818471	-0.398381291583772	-0.73229484278196	-0.27396081600381017	0.0	0.005996558441688171	0.2136129077726054	-0.5028212367955887	-0.960730126735051	-0.7193734748184709	-0.9971093061422133	0.012027887528260506	
-0.06414028642080782	-0.3165807085698872	-0.7004612149327728	-0.2843946099833335	0.7151951904303208	-0.40387429161941685	-0.7363652590836771	-0.2797230255603499	-0.005996558441688171	0.0	0.20775091894335118	-0.5079955640015354	-0.9590489015103529	-0.7151951904303206	-0.9975469999175179	0.006031546607928651	
-0.2700639955969438	-0.5067388451234949	-0.8334482349610263	-0.477361944742933	0.5543886260963539	-0.5851160169914514	-0.8608600583753862	-0.4730776176403953	-0.2136129077726054	-0.20775091894335118	0.0	-0.6758602609892639	-0.8792806596071556	-0.5543886260963538	-0.9903248191367606	-0.20184719108932725	
0.45170168929588583	0.209177246160033	-0.24079745883507137	0.2420530088677605	0.9710909886644612	0.116840671707306	-0.2905735657582461	0.24677462025470168	0.5028212367955887	0.5079955640015354	0.6758602609892639	0.0	-0.9699709984841154	-0.971090988664461	-0.8236871419946613	0.5131816546776535	
0.9752412455923347	0.999389266599084	0.8828630748911871	0.9999992757208417	0.4677307634359592	0.9917454077517325	0.857445846815898	0.9999932811935754	0.960730126735051	0.9590489015103529	0.8792806596071556	0.9699709984841154	0.0	-0.4677307634359591	0.3496790590598731	0.9573230779367652	
0.758551761381341	0.8996756390513694	0.9999976875820792	0.8844332954639956	0.0	0.9365486734745061	0.9985537014723037	0.8821504806854796	0.7193734748184709	0.7151951904303206	0.5543886260963538	0.971090988664461	0.4677307634359591	0.0	0.7472738876399787	0.7109665837215277	
0.9910031305350889	0.9240781350781743	0.6629075870362883	0.9364480125882817	0.7472738876399788	0.8842993017114786	0.623379079232198	0.9381450849900062	0.9971093061422133	0.9975469999175179	0.9903248191367606	0.8236871419946613	-0.3496790590598731	-0.7472738876399787	0.0	0.9979510621230078	
-0.07015824671392062	-0.32229626747676926	-0.7047531309143543	-0.29017192468393815	0.7109665837215278	-0.40938469142122913	-0.7404327138920858	-0.2855087091504241	-0.012027887528260506	-0.006031546607928651	0.20184719108932725	-0.5131816546776535	-0.9573230779367652	-0.7109665837215277	-0.9979510621230078	0.0	
