0.0	-0.5639251241050913	0.1531338852003606	0.4378986549396775	0.031236688796956236	-0.24816859600759983	0.8747371711852523	0.5639251241050913	0.999700419978933	0.6998652093968192	0.8776452254421268	0.9938868991281253	0.6498114831661396	0.3251435637718298	0.8440033576184486	0.7501101879763028	
0.5639251241050913	0.0	0.6837358135680391	0.8686104745021782	0.5894460047700785	0.34133971373891475	0.9956574207209136	0.0	0.8393811036398785	0.9807644159276228	0.995077589350622	0.7585185161002697	0.9652680675034474	0.8017960483788863	0.9994542626869395	0.9923913776931809	
-0.1531338852003606	-0.6837358135680391	0.0	0.29506274733429805	-0.12219089211154327	-0.39358493520489224	0.7902117199373896	0.6837358135680391	0.9841613127189528	0.582230918295553	0.7938950682844137	0.999070898104097	0.5257508860636539	0.17649533744987106	0.7519172136956854	0.6399935681335225	
-0.4378986549396775	-0.8686104745021782	-0.29506274733429805	0.0	-0.4096024236145532	-0.6473094172524213	0.5742053513352144	0.8686104745021782	0.8880370433698177	0.3164158244545253	0.5791348599636796	0.9418738594931773	0.2513515824265852	-0.12179330726021215	0.5239179228038705	0.3847793041421577	
-0.031236688796956236	-0.5894460047700785	0.12219089211154327	0.4096024236145532	0.0	-0.27830700057431085	0.8591730871158992	0.5894460047700785	0.9984480352788445	0.6772121020837878	0.8622448654449579	0.9968505232717421	0.6257515214200574	0.2954454658578414	0.8268380773605852	0.7290869217126048	
0.24816859600759983	-0.34133971373891475	0.39358493520489224	0.6473094172524213	0.27830700057431085	0.0	0.9676345608469987	0.34133971373891475	0.9745008010735279	0.8552318343887623	0.9691396161002813	0.935396424588669	0.818115148644295	0.5496563237618628	0.9507025005842481	0.8907614686006219	
-0.8747371711852523	-0.9956574207209136	-0.7902117199373896	-0.5742053513352144	-0.8591730871158992	-0.9676345608469987	0.0	0.9956574207209136	0.4630424826698699	-0.2856498046668452	0.0060338256053570904	0.5782088994996901	-0.3499865941114025	-0.669644229376489	-0.060152645973117806	-0.21497331158526506	
-0.5639251241050913	-0.0	-0.6837358135680391	-0.8686104745021782	-0.5894460047700785	-0.34133971373891475	-0.9956574207209136	0.0	-0.8393811036398785	-0.9807644159276228	-0.995077589350622	-0.7585185161002697	-0.9652680675034474	-0.8017960483788863	-0.9994542626869395	-0.9923913776931809	
-0.999700419978933	-0.8393811036398785	-0.9841613127189528	-0.8880370433698177	-0.9984480352788445	-0.9745008010735279	-0.4630424826698699	0.8393811036398785	0.0	-0.6969311169887495	-0.45768605621029174	0.1346962565228616	-0.7439629742394749	-0.9374231796118818	-0.5155194616052521	-0.6427551178952812	
-0.6998652093968192	-0.9807644159276228	-0.582230918295553	-0.3164158244545253	-0.6772121020837878	-0.8552318343887623	0.2856498046668452	0.9807644159276228	0.6969311169887495	0.0	0.29142702543402316	0.7871757526747591	-0.06782027755467551	-0.4295959011604177	0.22748621714851103	0.07295504186728696	
-0.8776452254421268	-0.995077589350622	-0.7938950682844137	-0.5791348599636796	-0.8622448654449579	-0.9691396161002813	-0.0060338256053570904	0.995077589350622	0.45768605621029174	-0.29142702543402316	0.0	0.573275443472678	-0.3556324376096796	-0.6741132532628711	-0.06617445046697804	-0.22086215257957287	
-0.9938868991281253	-0.7585185161002697	-0.999070898104097	-0.9418738594931773	-0.9968505232717421	-0.935396424588669	-0.5782088994996901	0.7585185161002697	-0.1346962565228616	-0.7871757526747591	-0.573275443472678	0.0	-0.8271900373698785	-0.9757805623892861	-0.6262397408137218	-0.7400846398957531	
-0.6498114831661396	-0.9652680675034474	-0.5257508860636539	-0.2513515824265852	-0.6257515214200574	-0.818115148644295	0.3499865941114025	0.9652680675034474	0.7439629742394749	0.06782027755467551	0.3556324376096796	0.8271900373698785	0.0	-0.36736362874304057	0.29300456056763335	0.14042661899149816	
-0.3251435637718298	-0.8017960483788863	-0.17649533744987106	0.12179330726021215	-0.2954454658578414	-0.5496563237618628	0.669644229376489	0.8017960483788863	0.9374231796118818	0.4295959011604177	0.6741132532628711	0.9757805623892861	0.36736362874304057	0.0	0.6237573413992008	0.49433107952217514	
-0.8440033576184486	-0.9994542626869395	-0.7519172136956854	-0.5239179228038705	-0.8268380773605852	-0.9507025005842481	0.060152645973117806	0.9994542626869395	0.5155194616052521	-0.22748621714851103	0.06617445046697804	0.6262397408137218	-0.29300456056763335	-0.6237573413992008	0.0	-0.15583776326030163	
-0.7501101879763028	-0.9923913776931809	-0.6399935681335225	-0.3847793041421577	-0.7290869217126048	-0.8907614686006219	0.21497331158526506	0.9923913776931809	0.6427551178952812	-0.07295504186728696	0.22086215257957287	0.7400846398957531	-0.14042661899149816	-0.49433107952217514	0.15583776326030163	0.0	
