0.0	-0.9934479363318179	-0.9995917542365091	-0.9548330646965227	-0.9372822507267486	-0.3639245340657997	-0.7587098966605711	-0.951201254211074	-0.990551289175169	-0.7956822300107927	-0.9997387403587189	-0.9797959388278079	-0.0	-0.8042541425140532	-0.6819179880319963	-0.8471031482659972	
0.9934479363318179	0.0	0.08585474314875453	0.4043195269351506	0.4534053452962241	0.9669169915371931	0.733870066970793	-0.19784079967888452	0.24944996281787857	0.6926806204332892	0.13696316516794016	-0.08671281994046963	-0.9934479363318179	-0.49847705400286363	0.8045696791811909	0.624758241305305	
0.9995917542365091	-0.08585474314875453	0.0	0.3243023674409398	0.3752085076216117	0.9414460186282099	0.6728401155986976	-0.28126805759482204	0.16538823365643854	0.6282007543578931	0.05141179109519986	-0.17192400549543785	-0.9995917542365091	-0.5710642349150203	0.7506133900288887	0.5554144741822797	
0.9548330646965227	-0.4043195269351506	-0.3243023674409398	0.0	0.05432081260310956	0.781221129462186	0.39656046807103107	-0.5772765307860006	-0.16338667606257393	0.3419248099601267	-0.27524032796562237	-0.48210568523653974	-0.9548330646965227	-0.8064217542687415	0.4957652597511706	0.2557149426529369	
0.9372822507267486	-0.4534053452962241	-0.3752085076216117	-0.05432081260310956	0.0	0.7461576776746728	0.3461079870032374	-0.6207797918404376	-0.21673629672378272	0.2903732185257163	-0.32705664099801146	-0.528985046710289	-0.9372822507267486	-0.8373532138740054	0.44785801315861173	0.20282262186144218	
0.3639245340657997	-0.9669169915371931	-0.9414460186282099	-0.781221129462186	-0.7461576776746728	0.0	-0.46961310349486196	-0.998272521026482	-0.8727180149999643	-0.5206867688748951	-0.9228668011211129	-0.9853946324562489	-0.3639245340657997	-0.9653802584488609	-0.3689729782890976	-0.5956160903177972	
0.7587098966605711	-0.733870066970793	-0.6728401155986976	-0.39656046807103107	-0.3461079870032374	0.46961310349486196	0.0	-0.8537557629259627	-0.5412219057988596	-0.058768786307356824	-0.6339164886433785	-0.790008975004117	-0.7587098966605711	-0.9748044966848137	0.11072123115812826	-0.14862719831674365	
0.951201254211074	0.19784079967888452	0.28126805759482204	0.5772765307860006	0.6207797918404376	0.998272521026482	0.8537557629259627	0.0	0.43610597075509905	0.8216807884402455	0.33023234973172844	0.11209673391386205	-0.951201254211074	-0.31711547705878446	0.9061560803366928	0.766887079945868	
0.990551289175169	-0.24944996281787857	-0.16538823365643854	0.16338667606257393	0.21673629672378272	0.8727180149999643	0.5412219057988596	-0.43610597075509905	0.0	0.4908689836997482	-0.1144657385905311	-0.3324819993178063	-0.990551289175169	-0.6989679368372075	0.6309974516625102	0.41023310593882756	
0.7956822300107927	-0.6926806204332892	-0.6282007543578931	-0.3419248099601267	-0.2903732185257163	0.5206867688748951	0.058768786307356824	-0.8216807884402455	-0.4908689836997482	0.0	-0.5873689731615787	-0.7526126749095081	-0.7956822300107927	-0.960010643217379	0.16893730950313052	-0.0902542552793722	
0.9997387403587189	-0.13696316516794016	-0.05141179109519986	0.27524032796562237	0.32705664099801146	0.9228668011211129	0.6339164886433785	-0.33023234973172844	0.1144657385905311	0.5873689731615787	0.0	-0.22234292337088332	-0.9997387403587189	-0.6125132407758684	0.7156508213150496	0.5119272688399744	
0.9797959388278079	0.08671281994046963	0.17192400549543785	0.48210568523653974	0.528985046710289	0.9853946324562489	0.790008975004117	-0.11209673391386205	0.3324819993178063	0.7526126749095081	0.22234292337088332	0.0	-0.9797959388278079	-0.42142787070506377	0.8530342707290671	0.6901119477666763	
0.0	0.9934479363318179	0.9995917542365091	0.9548330646965227	0.9372822507267486	0.3639245340657997	0.7587098966605711	0.951201254211074	0.990551289175169	0.7956822300107927	0.9997387403587189	0.9797959388278079	0.0	0.8042541425140532	0.6819179880319963	0.8471031482659972	
0.8042541425140532	0.49847705400286363	0.5710642349150203	0.8064217542687415	0.8373532138740054	0.9653802584488609	0.9748044966848137	0.31711547705878446	0.6989679368372075	0.960010643217379	0.6125132407758684	0.42142787070506377	-0.8042541425140532	0.0	0.9935084981028752	0.9308247081756553	
0.6819179880319963	-0.8045696791811909	-0.7506133900288887	-0.4957652597511706	-0.44785801315861173	0.3689729782890976	-0.11072123115812826	-0.9061560803366928	-0.6309974516625102	-0.16893730950313052	-0.7156508213150496	-0.8530342707290671	-0.6819179880319963	-0.9935084981028752	0.0	-0.2572048478553414	
0.8471031482659972	-0.624758241305305	-0.5554144741822797	-0.2557149426529369	-0.20282262186144218	0.5956160903177972	0.14862719831674365	-0.766887079945868	-0.41023310593882756	0.0902542552793722	-0.5119272688399744	-0.6901119477666763	-0.8471031482659972	-0.9308247081756553	0.2572048478553414	0.0	
