0.0	0.963647892195076	0.9964683280525635	0.9844664947027043	0.9928230180494231	0.9167370642772067	0.879538935658551	0.805294299019793	0.9428090524315693	0.9677510944302943	0.954656399394289	2.1073424255447027e-08	0.8500403503154904	0.9189380184375853	0.546973203408145	0.5910762279699856	
-0.963647892195076	0.0	0.18531491025446678	0.09383519425013034	0.15001255331010516	-0.14003910585650853	-0.22353836956012896	-0.3561681142661032	-0.0693204685012816	0.015808413013772837	0.5419482630760646	0.9636478978253785	0.734680223033028	-0.13454692145426927	-0.6605801126155454	-0.6193724442762175	
-0.9964683280525635	-0.18531491025446678	0.0	-0.092287361086702	-0.03580368989962651	-0.3211023268711156	-0.40029204382876815	-0.5231613021342123	-0.25298890628029885	-0.1697571547169408	0.3768204315724101	0.9964683298220879	0.5962348145221742	-0.3158463425775023	-0.7882645275481946	-0.7541346460834111	
-0.9844664947027043	-0.09383519425013034	0.092287361086702	0.0	0.056577295717154516	-0.23233175725276373	-0.3140127679843817	-0.44227826927803815	-0.16262407719829214	-0.07808480628101541	0.46069683935089056	0.9844664984026193	0.667779556948541	-0.22693523783142944	-0.728112758208914	-0.6903093725291821	
-0.9928230180494231	-0.15001255331010516	0.03580368989962651	-0.056577295717154516	0.0	-0.28698876185747996	-0.3672253351628659	-0.4923127627249938	-0.21818773401791414	-0.13436428115905652	0.40974329873480525	0.9928230205696547	0.6245960976414272	-0.2816729235911506	-0.7657278077213724	-0.7301381337315407	
-0.9167370642772067	0.14003910585650853	0.3211023268711156	0.23233175725276373	0.28698876185747996	0.0	-0.0848401819901527	-0.22180281782021705	0.07106485103367044	0.15567424295515958	0.6542984147639427	0.9167370726958528	0.8224450941729626	0.005544669065645436	-0.5489356009707855	-0.503324807463841	
-0.879538935658551	0.22353836956012896	0.40029204382876815	0.3140127679843817	0.3672253351628659	0.0848401819901527	0.0	-0.13827618012492454	0.15543431217487924	0.23891881921841593	0.7160986280235346	0.8795389456858539	0.867740698815773	0.09036355600589335	-0.47604154463431414	-0.4281999343026076	
-0.805294299019793	0.3561681142661032	0.5231613021342123	0.44227826927803815	0.4923127627249938	0.22180281782021705	0.13827618012492454	0.0	0.29053676814500184	0.3708953344406676	0.8057362263248595	0.8052943115137053	0.9281305662338308	0.22720596820673067	-0.34986532638514034	-0.2991285459934866	
-0.9428090524315693	0.0693204685012816	0.25298890628029885	0.16262407719829214	0.21818773401791414	-0.07106485103367044	-0.15543431217487924	-0.29053676814500184	0.0	0.08508219113698903	0.5989023189028121	0.9428090594560437	0.77994085426246	-0.06553310817533314	-0.606948322151159	-0.5634591956721869	
-0.9677510944302943	-0.015808413013772837	0.1697571547169408	0.07808480628101541	0.13436428115905652	-0.15567424295515958	-0.23891881921841593	-0.3708953344406676	-0.08508219113698903	0.0	0.5285949631543181	0.9677510997388662	0.7238637749431591	-0.15019477901770364	-0.6723658200233587	-0.6317061894422924	
-0.954656399394289	-0.5419482630760646	-0.3768204315724101	-0.46069683935089056	-0.40974329873480525	-0.6542984147639427	-0.7160986280235346	-0.8057362263248595	-0.5989023189028121	-0.5285949631543181	0.0	0.9546563931205232	0.24976891142323004	-0.6500952761126478	-0.9620300286710498	-0.9460100624037018	
-2.1073424255447027e-08	-0.9636478978253785	-0.9964683298220879	-0.9844664984026193	-0.9928230205696547	-0.9167370726958528	-0.8795389456858539	-0.8052943115137053	-0.9428090594560437	-0.9677510997388662	-0.9546563931205232	0.0	-0.8500403392157477	-0.9189380267489857	-0.5469732210497646	-0.5910762449681406	
-0.8500403503154904	-0.734680223033028	-0.5962348145221742	-0.667779556948541	-0.6245960976414272	-0.8224450941729626	-0.867740698815773	-0.9281305662338308	-0.77994085426246	-0.7238637749431591	-0.24976891142323004	0.8500403392157477	0.0	-0.8192783972034988	-0.9997117756545981	-0.9969861318477717	
-0.9189380184375853	0.13454692145426927	0.3158463425775023	0.22693523783142944	0.2816729235911506	-0.005544669065645436	-0.09036355600589335	-0.22720596820673067	0.06553310817533314	0.15019477901770364	0.6500952761126478	0.9189380267489857	0.8192783972034988	0.0	-0.5535617556891557	-0.5081082040085528	
-0.546973203408145	0.6605801126155454	0.7882645275481946	0.728112758208914	0.7657278077213724	0.5489356009707855	0.47604154463431414	0.34986532638514034	0.606948322151159	0.6723658200233587	0.9620300286710498	0.5469732210497646	0.9997117756545981	0.5535617556891557	0.0	0.053622356990356945	
-0.5910762279699856	0.6193724442762175	0.7541346460834111	0.6903093725291821	0.7301381337315407	0.503324807463841	0.4281999343026076	0.2991285459934866	0.5634591956721869	0.6317061894422924	0.9460100624037018	0.5910762449681406	0.9969861318477717	0.5081082040085528	-0.053622356990356945	0.0	
