0.0	-0.586057835396578	-0.9963817230908063	-0.5436531773263484	0.36437245090693093	0.708141324709939	0.2655406860066258	-0.05092746086838755	0.43087775932599426	0.99638172435727	0.55550218841857	0.2903369250608105	0.3397539212097822	0.09039494224182543	0.38542476193021963	0.711483943772732	
0.586057835396578	0.0	-0.7575278312256046	0.05137874569566586	0.841008078443335	0.9875833997500836	0.7801776020018456	0.5440323861900338	0.8779916165332053	0.7575278409531253	0.9374222510256801	0.7960641669495537	0.8264879593267392	0.6569027523336973	0.8530763991605468	0.988317762501064	
0.9963817230908063	0.7575278312256046	0.0	0.7900675113610697	0.9588521335245235	0.7637015676571425	0.9831798307700919	0.990760399880622	0.935765844379446	1.4901161193847656e-08	0.8757190821611354	0.9781380788162469	0.96598733392968	0.9999852852859764	0.9521581571218768	0.7606294794820272	
0.5436531773263484	-0.05137874569566586	-0.7900675113610697	0.0	0.8121002480487931	0.9782076640948221	0.7470067852417593	0.5002037828935335	0.8522382274413647	0.7900675204957771	0.9182943362142699	0.7639177120694678	0.7964724763231448	0.6172968355681975	0.8251409784608447	0.9791819334982488	
-0.36437245090693093	-0.841008078443335	-0.9588521335245235	-0.8121002480487931	0.0	0.40218622921266484	-0.10400571277389531	-0.41132599101009637	0.07244288303739288	0.9588521292939951	0.21433206302420713	-0.07829969906127507	-0.02630056290313812	-0.278700120251814	0.02270731528300607	0.4065263948514657	
-0.708141324709939	-0.9875833997500836	-0.7637015676571425	-0.9782076640948221	-0.40218622921266484	0.0	-0.49522830274220464	-0.7431807976631386	-0.3348038574578655	0.763701558037408	-0.19660635501768425	-0.4726393701839891	-0.42612679279115884	-0.6414169697252204	-0.38129266626767155	0.0047454062019730014	
-0.2655406860066258	-0.7801776020018456	-0.9831798307700919	-0.7470067852417593	0.10400571277389531	0.49522830274220464	0.0	-0.3142952558776422	0.17578244781059454	0.9831798280485416	0.31475838477121765	0.025811344983074802	0.07781180810162686	-0.17730382898591077	0.12656306218567187	0.49934535943936464	
0.05092746086838755	-0.5440323861900338	-0.990760399880622	-0.5002037828935335	0.41132599101009637	0.7431807976631386	0.3142952558776422	0.0	0.47627609836019397	0.9907604019015749	0.5971282951427459	0.3386939050420513	0.38721104978730503	0.14099660536954492	0.43191738524292217	0.7463475367510369	
-0.43087775932599426	-0.8779916165332053	-0.935765844379446	-0.8522382274413647	-0.07244288303739288	0.3348038574578655	-0.17578244781059454	-0.47627609836019397	0.0	0.9357658391249685	0.14300954661985588	-0.15031444516377032	-0.09864928344320295	-0.34754041709461864	-0.04977655081670268	0.3392716263017881	
-0.99638172435727	-0.7575278409531253	-1.4901161193847656e-08	-0.7900675204957771	-0.9588521292939951	-0.763701558037408	-0.9831798280485416	-0.9907604019015749	-0.9357658391249685	0.0	-0.8757190749665422	-0.9781380757174537	-0.9659873300763977	-0.9999852852051394	-0.9521581525679969	-0.7606294698083981	
-0.55550218841857	-0.9374222510256801	-0.8757190821611354	-0.9182943362142699	-0.21433206302420713	0.19660635501768425	-0.31475838477121765	-0.5971282951427459	-0.14300954661985588	0.8757190749665422	0.0	-0.2901541157633958	-0.23994728164869333	-0.47806320356128873	-0.19209718204018633	0.20125692908441922	
-0.2903369250608105	-0.7960641669495537	-0.9781380788162469	-0.7639177120694678	0.07829969906127507	0.4726393701839891	-0.025811344983074802	-0.3386939050420513	0.15031444516377032	0.9781380757174537	0.2901541157633958	0.0	0.052052797015087915	-0.20264715120478113	0.1009171107037024	0.47681596588635167	
-0.3397539212097822	-0.8264879593267392	-0.96598733392968	-0.7964724763231448	0.02630056290313812	0.42612679279115884	-0.07781180810162686	-0.38721104978730503	0.09864928344320295	0.9659873300763977	0.23994728164869333	-0.052052797015087915	0.0	-0.2533452257514759	0.048993241829033474	0.4304149903580047	
-0.09039494224182543	-0.6569027523336973	-0.9999852852859764	-0.6172968355681975	0.278700120251814	0.6414169697252204	0.17730382898591077	-0.14099660536954492	0.34754041709461864	0.9999852852051394	0.47806320356128873	0.20264715120478113	0.2533452257514759	0.0	0.30043586906468556	0.6450503875472883	
-0.38542476193021963	-0.8530763991605468	-0.9521581571218768	-0.8251409784608447	-0.02270731528300607	0.38129266626767155	-0.12656306218567187	-0.43191738524292217	0.04977655081670268	0.9521581525679969	0.19209718204018633	-0.1009171107037024	-0.048993241829033474	-0.30043586906468556	0.0	0.3856752846548959	
-0.711483943772732	-0.988317762501064	-0.7606294794820272	-0.9791819334982488	-0.4065263948514657	-0.0047454062019730014	-0.49934535943936464	-0.7463475367510369	-0.3392716263017881	0.7606294698083981	-0.20125692908441922	-0.47681596588635167	-0.4304149903580047	-0.6450503875472883	-0.3856752846548959	0.0	
