0.0	0.9540614668702584	0.9999924296909326	0.8737466088490232	0.6603331539341848	0.7601005270630545	0.8309010430707364	0.9409586888853518	0.9993866313588987	0.8737467056767162	2.1073424255447017e-08	0.7601006757663118	0.8863400018973647	0.9092079513122118	0.9564705619616797	0.7395043892551194	
-0.9540614668702584	0.0	0.29589633878762617	-0.20225370344286037	-0.5186311588704069	-0.3922199531636391	-0.2819120419192809	-0.04104871357278006	0.2660164747857134	0.7258216581229344	0.9540614731840867	0.8476887038202381	0.7073210049994293	0.6696247866573446	0.00814640896002361	-0.4206645239289297	
-0.9999924296909326	-0.29589633878762617	0.0	-0.4829778907410875	-0.7483976872514774	-0.6468429639343106	-0.5531828950484332	-0.33485749598600767	-0.031130472537629305	0.489777365942722	0.9999924297729309	0.6527580256736172	0.4664803100562552	0.41987694431782785	-0.28810490696695706	-0.6702691628079358	
-0.8737466088490232	0.20225370344286037	0.4829778907410875	0.0	-0.33498616338167797	-0.19806659630870188	-0.08203546645881543	0.16188286677023095	0.45548495059879196	0.8499480879028912	0.8737466190987445	0.9374640293562368	0.8356745399168815	0.8059994964666861	0.21022504058558356	-0.22848286758921832	
-0.6603331539341848	0.5186311588704069	0.7483976872514774	0.33498616338167797	0.0	0.14172669497262363	0.2565613554279597	0.48309745731509723	0.7273876670142614	0.9773336452683434	0.6603331697597528	0.9999029232448704	0.9713745755318582	0.9577150450972425	0.5255791134111643	0.11084326348682044	
-0.7601005270630545	0.3922199531636391	0.6468429639343106	0.19806659630870188	-0.14172669497262363	0.0	0.1169887689885436	0.3541298289406198	0.622788636863407	0.9374640397169045	0.7601005407566813	0.9878349715763513	0.9279017479221465	0.9072703210537774	0.39970058743715353	-0.031128968592123885	
-0.8309010430707364	0.2819120419192809	0.5531828950484332	0.08203546645881543	-0.2565613554279597	-0.1169887689885436	0.0	0.242290643158801	0.526981237315855	0.8903049963035089	0.8309010547964155	0.9628593058962158	0.8779137505229468	0.8518409264020699	0.28971868004187207	-0.1478472868157486	
-0.9409586888853518	0.04104871357278006	0.33485749598600767	-0.16188286677023095	-0.48309745731509723	-0.3541298289406198	-0.242290643158801	0.0	0.3053619279595151	0.7534466059157858	0.9409586960191569	0.8687503216900547	0.7357418643622582	0.6995472527143767	0.0491868942017446	-0.38306990453697826	
-0.9993866313588987	-0.2660164747857134	0.031130472537629305	-0.45548495059879196	-0.7273876670142614	-0.622788636863407	-0.526981237315855	-0.3053619279595151	0.0	0.5166810111261881	0.999386632096878	0.6760250553018244	0.49379010689416725	0.44792686907121937	-0.25815476620084454	-0.6468418164336774	
-0.8737467056767162	-0.7258216581229344	-0.489777365942722	-0.8499480879028912	-0.9773336452683434	-0.9374640397169045	-0.8903049963035089	-0.7534466059157858	-0.5166810111261881	0.0	0.8737466954269981	0.19806656713338228	-0.026523838077904316	-0.07844397244568152	-0.7201937978806605	-0.9478451602733895	
-2.1073424255447017e-08	-0.9540614731840867	-0.9999924297729309	-0.8737466190987445	-0.6603331697597528	-0.7601005407566813	-0.8309010547964155	-0.9409586960191569	-0.999386632096878	-0.8737466954269981	0.0	-0.7601006620726882	-0.8863399921396318	-0.9092079425384538	-0.9564705681115121	-0.7395044034407314	
-0.7601006757663118	-0.8476887038202381	-0.6527580256736172	-0.9374640293562368	-0.9999029232448704	-0.9878349715763513	-0.9628593058962158	-0.8687503216900547	-0.6760250553018244	-0.19806656713338228	0.7601006620726882	0.0	-0.22399524652188157	-0.2743461149955206	-0.8433389544547494	-0.9921969799405718	
-0.8863400018973647	-0.7073210049994293	-0.4664803100562552	-0.8356745399168815	-0.9713745755318582	-0.9279017479221465	-0.8779137505229468	-0.7357418643622582	-0.49379010689416725	0.026523838077904316	0.8863399921396318	0.22399524652188157	0.0	-0.05197426887168871	-0.7015388989575857	-0.9390577167797687	
-0.9092079513122118	-0.6696247866573446	-0.41987694431782785	-0.8059994964666861	-0.9577150450972425	-0.9072703210537774	-0.8518409264020699	-0.6995472527143767	-0.44792686907121937	0.07844397244568152	0.9092079425384538	0.2743461149955206	0.05197426887168871	0.0	-0.6635522324083298	-0.9199218597072114	
-0.9564705619616797	-0.00814640896002361	0.28810490696695706	-0.21022504058558356	-0.5255791134111643	-0.39970058743715353	-0.28971868004187207	-0.0491868942017446	0.25815476620084454	0.7201937978806605	0.9564705681115121	0.8433389544547494	0.7015388989575857	0.6635522324083298	0.0	-0.42804111995205985	
-0.7395043892551194	0.4206645239289297	0.6702691628079358	0.22848286758921832	-0.11084326348682044	0.031128968592123885	0.1478472868157486	0.38306990453697826	0.6468418164336774	0.9478451602733895	0.7395044034407314	0.9921969799405718	0.9390577167797687	0.9199218597072114	0.42804111995205985	0.0	
