0.0	0.7790404625912946	0.9115169314153398	0.8566139607352283	0.6393927456632815	-0.09697932689093436	-0.6893943928118963	-0.3087278555102881	0.26146650733107085	-0.1884288580040882	-0.25713187335714627	-0.37187456457846363	-0.9998011165602281	-0.8766178056290839	0.8841375832982084	0.9998011165602279	
-0.7790404625912946	0.0	0.25110693144082463	0.13512232479177505	-0.19810646167274504	-0.836171856930949	-0.9965582813826305	-0.9345488893888841	-0.5880070205704344	-0.8832253166381824	-0.9140611676725872	-0.9563255624499509	-0.6423854387600542	-0.924480646118642	0.1903425092753453	0.642385438760054	
-0.9115169314153398	-0.25110693144082463	0.0	-0.11801109270228011	-0.43788912228232896	-0.947104366726421	-0.9438123838205252	-0.9939579118782061	-0.7722761990696849	-0.9726825170563871	-0.9866170910197398	-0.9990837430155004	-0.4293592304324169	-0.7991304487757216	-0.06227231815353346	0.4293592304324168	
-0.8566139607352283	-0.13512232479177505	0.11801109270228011	0.0	-0.32873388139289234	-0.9026134685941329	-0.9762177960998865	-0.9740592902601194	-0.6919088430449183	-0.9384906515943756	-0.9604806638660491	-0.987051775909154	-0.5329387929798352	-0.8644896181696897	0.055944879846972495	0.532938792979835	
-0.6393927456632815	0.19810646167274504	0.43788912228232896	0.32873388139289234	0.0	-0.7109443955105301	-0.9932290513254826	-0.845533441519662	-0.4161134553399883	-0.772818439466205	-0.8155976432892531	-0.8794644363126363	-0.7814788579993234	-0.9816818343466274	0.38105464624222063	0.7814788579993232	
0.09697932689093436	0.836171856930949	0.947104366726421	0.9026134685941329	0.7109443955105301	0.0	-0.6158943742963874	-0.21503070768819266	0.3538397211172224	-0.09229855809655957	-0.16220133011170973	-0.2800974356943626	-0.9931543814383645	-0.8258205554912752	0.9252814340130336	0.9931543814383643	
0.6893943928118963	0.9965582813826305	0.9438123838205252	0.9762177960998865	0.9932290513254826	0.6158943742963874	0.0	0.43207956353301424	0.8548148499054602	0.5405498972206202	0.47995163773058225	0.3705722839211578	-0.7104934717991501	-0.3032820135220306	0.962560493218809	0.71049347179915	
0.3087278555102881	0.9345488893888841	0.9939579118782061	0.9740592902601194	0.845533441519662	0.21503070768819266	-0.43207956353301424	0.0	0.5466819773490748	0.12397337827654456	0.05377620218728235	-0.06712182969290481	-0.9448042553828775	-0.6852394644002827	0.9851937077624456	0.9448042553828773	
-0.26146650733107085	0.5880070205704344	0.7722761990696849	0.6919088430449183	0.4161134553399883	-0.3538397211172224	-0.8548148499054602	-0.5466819773490748	0.0	-0.4386567149228029	-0.5008619532377826	-0.6016529075651098	-0.9702350378956407	-0.971936871140413	0.7312165729255997	0.9702350378956405	
0.1884288580040882	0.8832253166381824	0.9726825170563871	0.9384906515943756	0.772818439466205	0.09229855809655957	-0.5405498972206202	-0.12397337827654456	0.4386567149228029	0.0	-0.07043264236968366	-0.19029781321475972	-0.9781336653432239	-0.7702452380412523	0.9563388695238447	0.9781336653432237	
0.25713187335714627	0.9140611676725872	0.9866170910197398	0.9604806638660491	0.8155976432892531	0.16220133011170973	-0.47995163773058225	-0.05377620218728235	0.5008619532377826	0.07043264236968366	0.0	-0.12067963068506926	-0.9610561205862067	-0.723414099342685	0.9745484891220773	0.9610561205862065	
0.37187456457846363	0.9563255624499509	0.9990837430155004	0.987051775909154	0.8794644363126363	0.2800974356943626	-0.3705722839211578	0.06712182969290481	0.6016529075651098	0.19029781321475972	0.12067963068506926	0.0	-0.9206820367408777	-0.6348080774139946	0.9944795823522039	0.9206820367408775	
0.9998011165602281	0.6423854387600542	0.4293592304324169	0.5329387929798352	0.7814788579993234	0.9931543814383645	0.7104934717991501	0.9448042553828775	0.9702350378956407	0.9781336653432239	0.9610561205862067	0.9206820367408777	0.0	0.463609126710154	0.48476616325259403	0.0	
0.8766178056290839	0.924480646118642	0.7991304487757216	0.8644896181696897	0.9816818343466274	0.8258205554912752	0.3032820135220306	0.6852394644002827	0.971936871140413	0.7702452380412523	0.723414099342685	0.6348080774139946	-0.463609126710154	0.0	0.8350149738084798	0.46360912671015386	
-0.8841375832982084	-0.1903425092753453	0.06227231815353346	-0.055944879846972495	-0.38105464624222063	-0.9252814340130336	-0.962560493218809	-0.9851937077624456	-0.7312165729255997	-0.9563388695238447	-0.9745484891220773	-0.9944795823522039	-0.48476616325259403	-0.8350149738084798	0.0	0.4847661632525939	
-0.9998011165602279	-0.642385438760054	-0.4293592304324168	-0.532938792979835	-0.7814788579993232	-0.9931543814383643	-0.71049347179915	-0.9448042553828773	-0.9702350378956405	-0.9781336653432237	-0.9610561205862065	-0.9206820367408775	-0.0	-0.46360912671015386	-0.4847661632525939	0.0	
