0.0	0.06754756737941398	0.12896956954471983	-0.22239926174860075	-0.5984534800896995	-0.8998044364632277	-0.6330042843404696	0.14505455390307292	0.8558286007831777	0.8998044456574245	0.76088615614385	0.05504703816459433	0.3364602550907528	0.02982090854856062	0.3254583503679621	0.5277182156764789	
-0.06754756737941398	0.0	0.06169156276005655	-0.2877471981918542	-0.651202889283466	-0.9272198938362693	-0.6838503711149164	0.07789009600808244	0.8189343132597916	0.9272199017286328	0.7153177038907658	-0.012523835461893729	0.2720824116907658	-0.037764726896645895	0.26084498826325997	0.4691367154019846	
-0.12896956954471983	-0.06169156276005655	0.0	-0.34628151955738845	-0.6967804721503918	-0.9485583449307597	-0.727559353616196	0.01623759493891308	0.7819704554681994	0.9485583516026558	0.6708451845345493	-0.07418670534955252	0.2121999818696629	-0.09934035056256929	0.20079230285995497	0.4137617371770047	
0.22239926174860075	0.2877471981918542	0.34628151955738845	0.0	-0.405288767321623	-0.7802381001977245	-0.4449811110311908	0.3614688517753274	0.9494330855471235	0.7802381133787849	0.8861419090955176	0.275730473859883	0.5374667011552482	0.2513744154391294	0.5275985058910296	0.7034121386527842	
0.5984534800896995	0.651202889283466	0.6967804721503918	0.405288767321623	0.0	-0.45978379007743286	-0.043844427739892944	0.7083355839610794	0.9952093085550291	0.4597838087912845	0.997917418029873	0.6416474330166786	0.8331199224468849	0.6220785688371302	0.8266149215605876	0.9311234918733412	
0.8998044364632277	0.9272198938362693	0.9485583449307597	0.7802381001977245	0.45978379007743286	0.0	0.4204064422134479	0.9535741496663521	0.8388248210158602	2.1073424255447017e-08	0.9158396057715131	0.9224567813542516	0.9941391450148929	0.9124149225943048	0.9928111701068801	0.9945514353044153	
0.6330042843404696	0.6838503711149164	0.727559353616196	0.4449811110311908	0.043844427739892944	-0.4204064422134479	0.0	0.738603149947384	0.989965737683201	0.420406461334122	0.9997859530366084	0.6746590698879432	0.8565687893731886	0.6558085660082889	0.8504942633908177	0.9462183365476554	
-0.14505455390307292	-0.07789009600808244	-0.01623759493891308	-0.3614688517753274	-0.7083355839610794	-0.9535741496663521	-0.738603149947384	0.0	0.7717462171737812	0.9535741560127892	0.6587149827861962	-0.09036977481948022	0.19630420154545383	-0.11548452958111033	0.18485893331211592	0.39892472124977074	
-0.8558286007831777	-0.8189343132597916	-0.7819704554681994	-0.9494330855471235	-0.9952093085550291	-0.8388248210158602	-0.989965737683201	-0.7717462171737812	0.0	0.8388248095434576	-0.1617590764283684	-0.8260573569242118	-0.6318945285947866	-0.8400228289968963	-0.6408877625960945	-0.453990232674899	
-0.8998044456574245	-0.9272199017286328	-0.9485583516026558	-0.7802381133787849	-0.4597838087912845	-2.1073424255447017e-08	-0.420406461334122	-0.9535741560127892	-0.8388248095434576	0.0	-0.9158395973095997	-0.922456789490708	-0.9941391472931004	-0.9124149312189497	-0.9928111726291831	-0.9945514331075732	
-0.76088615614385	-0.7153177038907658	-0.6708451845345493	-0.8861419090955176	-0.997917418029873	-0.9158396057715131	-0.9997859530366084	-0.6587149827861962	0.1617590764283684	0.9158395973095997	0.0	-0.7240132527047576	-0.49820057245376514	-0.7411974059092812	-0.5082755865273522	-0.30388289389558615	
-0.05504703816459433	0.012523835461893729	0.07418670534955252	-0.275730473859883	-0.6416474330166786	-0.9224567813542516	-0.6746590698879432	0.09036977481948022	0.8260573569242118	0.922456789490708	0.7240132527047576	0.0	0.284112433933906	-0.025246863461266922	0.2729148001752727	0.4801600418612027	
-0.3364602550907528	-0.2720824116907658	-0.2121999818696629	-0.5374667011552482	-0.8331199224468849	-0.9941391450148929	-0.8565687893731886	-0.19630420154545383	0.6318945285947866	0.9941391472931004	0.49820057245376514	-0.284112433933906	0.0	-0.30822833700041463	-0.011658770454145345	0.21115511150935112	
-0.02982090854856062	0.037764726896645895	0.09934035056256929	-0.2513744154391294	-0.6220785688371302	-0.9124149225943048	-0.6558085660082889	0.11548452958111033	0.8400228289968963	0.9124149312189497	0.7411974059092812	0.025246863461266922	0.30822833700041463	0.0	0.2971162550606441	0.5021530559295835	
-0.3254583503679621	-0.26084498826325997	-0.20079230285995497	-0.5275985058910296	-0.8266149215605876	-0.9928111701068801	-0.8504942633908177	-0.18485893331211592	0.6408877625960945	0.9928111726291831	0.5082755865273522	-0.2729148001752727	0.011658770454145345	-0.2971162550606441	0.0	0.22253665528620584	
-0.5277182156764789	-0.4691367154019846	-0.4137617371770047	-0.7034121386527842	-0.9311234918733412	-0.9945514353044153	-0.9462183365476554	-0.39892472124977074	0.453990232674899	0.9945514331075732	0.30388289389558615	-0.4801600418612027	-0.21115511150935112	-0.5021530559295835	-0.22253665528620584	0.0	
