0.0	0.1999132017475037	-0.8230285351465787	0.7379253020963971	0.9969264508306157	0.960336243218837	0.9169300316635391	0.36155995206076197	0.759767711303541	0.9243279912494442	0.48636601800187834	0.35387225594878197	0.38438740521752746	0.4579801756877668	0.8230285351465787	0.9753957787524845	
-0.1999132017475037	0.0	-0.91996526468466	0.588111354092835	0.96114027229953	0.8852058091439613	0.8186455590902818	0.16787251591150398	0.6144482592068174	0.8293824771657363	0.3018728507205546	0.15975128174228528	0.19207376483935845	0.27101988883361766	0.91996526468466	0.9997791343359432	
0.8230285351465787	0.91996526468466	0.0	0.9745890611296539	0.6307329117149441	0.7749680582464465	0.8492441844274291	0.9727157808244354	0.9666767939315508	0.8390851549621233	0.995381348586435	0.970772908001614	0.9781288577106607	0.9917741785508585	0.0	0.3725790929194285	
-0.7379253020963971	-0.588111354092835	-0.9745890611296539	0.0	0.6149967075209515	0.44234755370422163	0.32435231092660766	-0.44399336911537773	0.03295880286774844	0.34222116327651453	-0.3165261839439736	-0.4513547779397149	-0.421815596457418	-0.3469050934280969	0.9745890611296539	0.8209612275794365	
-0.9969264508306157	-0.96114027229953	-0.6307329117149441	-0.6149967075209515	0.0	-0.20275175620028402	-0.32598631821674956	-0.9011574909603165	-0.5886735924784564	-0.3080113135269502	-0.8329661865899264	-0.9046956205889563	-0.8902203410512404	-0.850350519139955	0.6307329117149441	0.296199045888181	
-0.960336243218837	-0.8852058091439613	-0.7749680582464465	-0.44234755370422163	0.20275175620028402	0.0	-0.12753930025481103	-0.7945493707237563	-0.4125483361076085	-0.10871945877267192	-0.7034782289784275	-0.799521139703602	-0.7793710718033997	-0.7259975271409619	0.7749680582464465	0.48370056357106417	
-0.9169300316635391	-0.8186455590902818	-0.8492441844274291	-0.32435231092660766	0.32598631821674956	0.12753930025481103	0.0	-0.7106188912360736	-0.29299916422077377	0.01895170422186493	-0.607088962105607	-0.7163869206215323	-0.6930949920490056	-0.6323602474647376	0.8492441844274291	0.5913771058571416	
-0.36155995206076197	-0.16787251591150398	-0.9727157808244354	0.44399336911537773	0.9011574909603165	0.7945493707237563	0.7106188912360736	0.0	0.4732842309098095	0.7238252501621775	0.1375479262938544	-0.008232373523257536	0.024601178741057328	0.10558409099243672	0.9727157808244354	0.9891190314832846	
-0.759767711303541	-0.6144482592068174	-0.9666767939315508	-0.03295880286774844	0.5886735924784564	0.4125483361076085	0.29299916422077377	-0.4732842309098095	0.0	0.31106650670654834	-0.3476184043600429	-0.4805201712666518	-0.4514695702661785	-0.37762869278174427	0.9666767939315508	0.8016962612291016	
-0.9243279912494442	-0.8293824771657363	-0.8390851549621233	-0.34222116327651453	0.3080113135269502	0.10871945877267192	-0.01895170422186493	-0.7238252501621775	-0.31106650670654834	0.0	-0.6220395952510536	-0.7294809227799218	-0.7066317775419461	-0.6469280769853338	0.8390851549621233	0.5759883325791935	
-0.48636601800187834	-0.3018728507205546	-0.995381348586435	0.3165261839439736	0.8329661865899264	0.7034782289784275	0.607088962105607	-0.1375479262938544	0.3476184043600429	0.6220395952510536	0.0	-0.1456973910070688	-0.1131389494482269	-0.032198559278632535	0.995381348586435	0.959481867424621	
-0.35387225594878197	-0.15975128174228528	-0.970772908001614	0.4513547779397149	0.9046956205889563	0.799521139703602	0.7163869206215323	0.008232373523257536	0.4805201712666518	0.7294809227799218	0.1456973910070688	0.0	0.03283022704762603	0.11376687077719039	0.970772908001614	0.9902966393700345	
-0.38438740521752746	-0.19207376483935845	-0.9781288577106607	0.421815596457418	0.8902203410512404	0.7793710718033997	0.6930949920490056	-0.024601178741057328	0.4514695702661785	0.7066317775419461	0.1131389494482269	-0.03283022704762603	0.0	0.08108846801138914	0.9781288577106607	0.9852004073916579	
-0.4579801756877668	-0.27101988883361766	-0.9917741785508585	0.3469050934280969	0.850350519139955	0.7259975271409619	0.6323602474647376	-0.10558409099243672	0.37762869278174427	0.6469280769853338	0.032198559278632535	-0.11376687077719039	-0.08108846801138914	0.0	0.9917741785508585	0.9680569685952565	
-0.8230285351465787	-0.91996526468466	-0.0	-0.9745890611296539	-0.6307329117149441	-0.7749680582464465	-0.8492441844274291	-0.9727157808244354	-0.9666767939315508	-0.8390851549621233	-0.995381348586435	-0.970772908001614	-0.9781288577106607	-0.9917741785508585	0.0	-0.3725790929194285	
-0.9753957787524845	-0.9997791343359432	-0.3725790929194285	-0.8209612275794365	-0.296199045888181	-0.48370056357106417	-0.5913771058571416	-0.9891190314832846	-0.8016962612291016	-0.5759883325791935	-0.959481867424621	-0.9902966393700345	-0.9852004073916579	-0.9680569685952565	0.3725790929194285	0.0	
