0.0	0.516908933862799	0.2983751832873834	-0.5194469502424102	-0.9651652898191467	-0.9203601534568505	-0.5151897665905868	-0.15479902904348633	0.9668434058337014	0.8104471646562796	-0.15479902904348633	-0.4330825778582201	-0.6680270443697068	-0.8020320137229976	-0.9668434058337014	-0.8236729294662425	
-0.516908933862799	0.0	-0.23794183163476101	-0.8863676514372619	-0.9614649952223575	-0.9900139977236551	-0.88405356230626	-0.6431923251784586	0.6956539828628646	0.39096418782948195	-0.6431923251784586	-0.8366542435333773	-0.9565091944220527	-0.9953117092196105	-0.6956539828628646	-0.9982183497251285	
-0.2983751832873834	0.23794183163476101	0.0	-0.7507478470828162	-0.9992678733636229	-0.9951226512203699	-0.7474524332628287	-0.44252628932268673	0.8466063301694108	0.5987385276766876	-0.44252628932268673	-0.6822968263511173	-0.8596295316470061	-0.9437122248905145	-0.8466063301694108	-0.9553516997179754	
0.5194469502424102	0.8863676514372619	0.7507478470828162	0.0	-0.6888277766682634	-0.5833091597545654	0.004974538385901228	0.38090933821525425	0.9588214608917396	0.9968274122828664	0.38090933821525425	0.09813548281535825	-0.18429122085647237	-0.3750827037126151	-0.9588214608917396	-0.4092704705677723	
0.9651652898191467	0.9614649952223575	0.9992678733636229	0.6888277766682634	0.0	0.13664510683514813	0.6924254211097578	0.9130294106038129	0.49944002835809137	0.7774512865075396	0.9130294106038129	0.7566437164554471	0.5434319982178383	0.3666305525632066	-0.49944002835809137	0.3318050867093776	
0.9203601534568505	0.9900139977236551	0.9951226512203699	0.5833091597545654	-0.13664510683514813	0.0	0.5873425123276844	0.848728572435312	0.6131375919414168	0.8561008497402904	0.848728572435312	0.660204131448427	0.4236274705890844	0.23606153663208013	-0.6131375919414168	0.19978889327195415	
0.5151897665905868	0.88405356230626	0.7474524332628287	-0.004974538385901228	-0.6924254211097578	-0.5873425123276844	0.0	0.3763051053509785	0.9602224135526607	0.9964191379964671	0.3763051053509785	0.09318374196920307	-0.18917827352132638	-0.3796894168399959	-0.9602224135526607	-0.41380424066206833	
0.15479902904348633	0.6431923251784586	0.44252628932268673	-0.38090933821525425	-0.9130294106038129	-0.848728572435312	-0.3763051053509785	0.0	0.9947200822044788	0.8913611071869734	0.0	-0.28833342962184066	-0.5447829490547919	-0.6999057781564199	-0.9947200822044788	-0.7259632225252015	
-0.9668434058337014	-0.6956539828628646	-0.8466063301694108	-0.9588214608917396	-0.49944002835809137	-0.6131375919414168	-0.9602224135526607	-0.9947200822044788	0.0	-0.3594243374449142	-0.9947200822044788	-0.9820647020625538	-0.8900580025426494	-0.7822921439107012	-0.0	-0.7586045613955406	
-0.8104471646562796	-0.39096418782948195	-0.5987385276766876	-0.9968274122828664	-0.7774512865075396	-0.8561008497402904	-0.9964191379964671	-0.8913611071869734	0.3594243374449142	0.0	-0.8913611071869734	-0.9842048527814119	-0.9944218024935871	-0.9539044994696295	-0.3594243374449142	-0.9420936289446247	
0.15479902904348633	0.6431923251784586	0.44252628932268673	-0.38090933821525425	-0.9130294106038129	-0.848728572435312	-0.3763051053509785	0.0	0.9947200822044788	0.8913611071869734	0.0	-0.28833342962184066	-0.5447829490547919	-0.6999057781564199	-0.9947200822044788	-0.7259632225252015	
0.4330825778582201	0.8366542435333773	0.6822968263511173	-0.09813548281535825	-0.7566437164554471	-0.660204131448427	-0.09318374196920307	0.28833342962184066	0.9820647020625538	0.9842048527814119	0.28833342962184066	0.0	-0.2798562460906885	-0.4642429472758161	-0.9820647020625538	-0.49683504914103355	
0.6680270443697068	0.9565091944220527	0.8596295316470061	0.18429122085647237	-0.5434319982178383	-0.4236274705890844	0.18917827352132638	0.5447829490547919	0.8900580025426494	0.9944218024935871	0.5447829490547919	0.2798562460906885	0.0	-0.19782180053689113	-0.8900580025426494	-0.23411063052093456	
0.8020320137229976	0.9953117092196105	0.9437122248905145	0.3750827037126151	-0.3666305525632066	-0.23606153663208013	0.3796894168399959	0.6999057781564199	0.7822921439107012	0.9539044994696295	0.6999057781564199	0.4642429472758161	0.19782180053689113	0.0	-0.7822921439107012	-0.03715981063847429	
0.9668434058337014	0.6956539828628646	0.8466063301694108	0.9588214608917396	0.49944002835809137	0.6131375919414168	0.9602224135526607	0.9947200822044788	0.0	0.3594243374449142	0.9947200822044788	0.9820647020625538	0.8900580025426494	0.7822921439107012	0.0	0.7586045613955406	
0.8236729294662425	0.9982183497251285	0.9553516997179754	0.4092704705677723	-0.3318050867093776	-0.19978889327195415	0.41380424066206833	0.7259632225252015	0.7586045613955406	0.9420936289446247	0.7259632225252015	0.49683504914103355	0.23411063052093456	0.03715981063847429	-0.7586045613955406	0.0	
