0.0	0.1635638570974859	-0.26867672739520787	-0.6121143407112656	-0.19595320859658277	-0.18256658321330405	0.8321054724761568	0.9880784291160698	0.6959410616225364	0.6121143642780259	0.9080533913026985	0.7536316811763081	0.6379451791191717	0.9233364386356491	0.9208716037222598	0.5877464687161977	
-0.1635638570974859	0.0	-0.42260807101600056	-0.7332121145947126	-0.3537071425200842	-0.3409228330178518	0.7301839346917517	0.9495908523264027	0.8040236754316549	0.7332121348602912	0.8273149611574786	0.6359723086122674	0.5033962649279067	0.8480944298010159	0.8447020096751532	0.4475005907246682	
0.26867672739520787	0.42260807101600056	0.0	-0.3771458464483687	0.07471986923691015	0.08830752564837163	0.9505220859569717	0.9931103316850984	0.4774151277402475	0.37714587404990496	0.987201076414136	0.9025213458897756	0.8213912468304964	0.992555434864766	0.9917594473338761	0.783506878851062	
0.6121143407112656	0.7332121145947126	0.3771458464483687	0.0	0.4452936559720397	0.457458792925049	0.9974927111252617	0.8755778839027635	0.11077016490051722	2.980232238769532e-08	0.9744475217252938	0.9982896654650939	0.9758455430619999	0.9651930609691914	0.9668395261147562	0.9599999957206922	
0.19595320859658277	0.3537071425200842	-0.07471986923691015	-0.4452936559720397	0.0	0.013632709482530425	0.9246527121587692	0.999090057430347	0.5417352393911783	0.4452936826565795	0.9725250550907265	0.8678206575046031	0.7764774891976972	0.9806803986438497	0.9794143848122929	0.7348869701872485	
0.18256658321330405	0.3409228330178518	-0.08830752564837163	-0.457458792925049	-0.013632709482530425	0.0	0.9193752925665237	0.999578652885362	0.5531438589255271	0.45745881942619226	0.9692610079507143	0.8609662238099635	0.7678147477918107	0.9779224764914843	0.9765714692805243	0.7255731154939287	
-0.8321054724761568	-0.7301839346917517	-0.9505220859569717	-0.9974927111252617	-0.9246527121587692	-0.9193752925665237	0.0	0.4199017490590628	0.9835150655691378	0.9974927090161722	0.1550911608413878	-0.12896313589341027	-0.28697375428317784	0.19257666678739632	0.1863218100335918	-0.3472364840125766	
-0.9880784291160698	-0.9495908523264027	-0.9931103316850984	-0.8755778839027635	-0.999090057430347	-0.999578652885362	-0.4199017490590628	0.0	0.8166791043447802	0.8755778695059468	-0.27406498841359916	-0.533438330214101	-0.6626886747958518	-0.23726527667444558	-0.24344874825895518	-0.708915719682466	
-0.6959410616225364	-0.8040236754316549	-0.4774151277402475	-0.11077016490051722	-0.5417352393911783	-0.5531438589255271	-0.9835150655691378	-0.8166791043447802	0.0	0.11077013528159677	-0.9435701476961769	-0.9986220275155536	-0.9940392669491164	-0.9302826548608539	-0.9326006415126432	-0.985107851287107	
-0.6121143642780259	-0.7332121348602912	-0.37714587404990496	-2.980232238769532e-08	-0.4452936826565795	-0.45745881942619226	-0.9974927090161722	-0.8755778695059468	-0.11077013528159677	0.0	-0.974447515031236	-0.9982896672073809	-0.9758455495726627	-0.9651930531747379	-0.9668395185036992	-0.9600000040653422	
-0.9080533913026985	-0.8273149611574786	-0.987201076414136	-0.9744475217252938	-0.9725250550907265	-0.9692610079507143	-0.1550911608413878	0.27406498841359916	0.9435701476961769	0.974447515031236	0.0	-0.2811987577551076	-0.43206920404524574	0.03805836675087698	0.031692022633897615	-0.48847599547173237	
-0.7536316811763081	-0.6359723086122674	-0.9025213458897756	-0.9982896654650939	-0.8678206575046031	-0.8609662238099635	0.12896313589341027	0.533438330214101	0.9986220275155536	0.9982896672073809	0.2811987577551076	0.0	-0.16103860207511858	0.317517728817716	0.3114707417262796	-0.22339810714507208	
-0.6379451791191717	-0.5033962649279067	-0.8213912468304964	-0.9758455430619999	-0.7764774891976972	-0.7678147477918107	0.28697375428317784	0.6626886747958518	0.9940392669491164	0.9758455495726627	0.43206920404524574	0.16103860207511858	0.0	0.4660787523671797	0.4604333158253731	-0.06351361941975611	
-0.9233364386356491	-0.8480944298010159	-0.992555434864766	-0.9651930609691914	-0.9806803986438497	-0.9779224764914843	-0.19257666678739632	0.23726527667444558	0.9302826548608539	0.9651930531747379	-0.03805836675087698	-0.317517728817716	-0.4660787523671797	0.0	-0.006370187004850203	-0.5213309715210354	
-0.9208716037222598	-0.8447020096751532	-0.9917594473338761	-0.9668395261147562	-0.9794143848122929	-0.9765714692805243	-0.1863218100335918	0.24344874825895518	0.9326006415126432	0.9668395185036992	-0.031692022633897615	-0.3114707417262796	-0.4604333158253731	0.006370187004850203	0.0	-0.5158843656179588	
-0.5877464687161977	-0.4475005907246682	-0.783506878851062	-0.9599999957206922	-0.7348869701872485	-0.7255731154939287	0.3472364840125766	0.708915719682466	0.985107851287107	0.9600000040653422	0.48847599547173237	0.22339810714507208	0.06351361941975611	0.5213309715210354	0.5158843656179588	0.0	
