0.0	0.5401803135056994	0.41025285052186794	0.2630260985244654	0.4473355504928558	0.7587272451086889	0.9984117507686974	0.9219437213856607	0.9530487650099511	0.9796518803049695	0.9940247553975048	0.828587789151487	1.4901161193847656e-08	0.861921290811181	0.9574098619893099	0.9726216350826643	
-0.5401803135056994	0.0	-0.14738122279867139	-0.29981044265888634	-0.10666409538771715	0.2866283638294036	0.8097800069352398	0.9850858214430768	0.9656132307424807	0.9328418380256956	0.8954841517141758	0.9997223711425641	0.5401803260457612	0.9992434203642585	0.9616751202304656	0.9440439361225529	
-0.41025285052186794	0.14738122279867139	0.0	-0.15593493243371018	0.041041131447254464	0.4246956927537072	0.8874105346688006	0.999687411339504	0.9933850963674584	0.9757543953272986	0.951303660893429	0.9853325283156507	0.41025286411130696	0.9940633931672405	0.9915840732028989	0.9823439848581024	
-0.2630260985244654	0.29981044265888634	0.15593493243371018	0.0	0.19634263947815647	0.5606740636517051	0.9484380160323671	0.9913571860213793	0.9991394343423126	0.9979475364135899	0.9877344496003331	0.9466697211117749	0.26302611290093764	0.9649372423202399	0.9996423711682831	0.9995001720884478	
-0.4473355504928558	0.10666409538771715	-0.041041131447254464	-0.19634263947815647	0.0	0.38718184824004914	0.8677437138696252	0.9978190389055076	0.9878353527074806	0.9659496758726145	0.9378510001675862	0.991505819118643	0.4473355638199507	0.9976912279664399	0.9854352571520195	0.9738381935866105	
-0.7587272451086889	-0.2866283638294036	-0.4246956927537072	-0.5606740636517051	-0.38718184824004914	0.0	0.6076286363066882	0.8944350969770658	0.8505794208889832	0.7904332898437713	0.730334898106048	0.9645294824901337	0.7587272548154312	0.9461694649218801	0.8427339557258676	0.8098979101769662	
-0.9984117507686974	-0.8097800069352398	-0.8874105346688006	-0.9484380160323671	-0.8677437138696252	-0.6076286363066882	0.0	0.43864920772297183	0.3560288220862927	0.25557715232172906	0.1649829217221935	0.6056509817736683	0.9984117516081996	0.5547957532445503	0.34221235235088954	0.2868209018180955	
-0.9219437213856607	-0.9850858214430768	-0.999687411339504	-0.9913571860213793	-0.9978190389055076	-0.8944350969770658	-0.43864920772297183	0.0	-0.08995842493743789	-0.1944045330776721	-0.28437486074848367	0.19522681159050442	0.9219437156140853	0.13362159441597227	-0.10463273065127648	-0.1624650149850295	
-0.9530487650099511	-0.9656132307424807	-0.9933850963674584	-0.9991394343423126	-0.9878353527074806	-0.8505794208889832	-0.3560288220862927	0.08995842493743789	0.0	-0.1053741760687564	-0.1969775424240578	0.28266272449466623	0.9530487604976281	0.2222315446438342	-0.014743862567077104	-0.0730430393684777	
-0.9796518803049695	-0.9328418380256956	-0.9757543953272986	-0.9979475364135899	-0.9659496758726145	-0.7904332898437713	-0.25557715232172906	0.1944045330776721	0.1053741760687564	0.0	-0.09257121299632524	0.382165990343624	0.9796518773142431	0.3237334832762054	0.09070094401678133	0.03245631671600813	
-0.9940247553975048	-0.8954841517141758	-0.951303660893429	-0.9877344496003331	-0.9378510001675862	-0.730334898106048	-0.1649829217221935	0.28437486074848367	0.1969775424240578	0.09257121299632524	0.0	0.4660694691323672	0.9940247537709703	0.40992949025968867	0.1825011308036701	0.12483939375764089	
-0.828587789151487	-0.9997223711425641	-0.9853325283156507	-0.9466697211117749	-0.991505819118643	-0.9645294824901337	-0.6056509817736683	-0.19522681159050442	-0.28266272449466623	-0.382165990343624	-0.4660694691323672	0.0	0.8285877808089354	-0.062425636849623434	-0.2967745984467177	-0.35197197047377987	
-1.4901161193847656e-08	-0.5401803260457612	-0.41025286411130696	-0.26302611290093764	-0.4473355638199507	-0.7587272548154312	-0.9984117516081996	-0.9219437156140853	-0.9530487604976281	-0.9796518773142431	-0.9940247537709703	-0.8285877808089354	0.0	-0.8619212832556649	-0.9574098576868628	-0.9726216316197178	
-0.861921290811181	-0.9992434203642585	-0.9940633931672405	-0.9649372423202399	-0.9976912279664399	-0.9461694649218801	-0.5547957532445503	-0.13362159441597227	-0.2222315446438342	-0.3237334832762054	-0.40992949025968867	0.062425636849623434	0.8619212832556649	0.0	-0.2365825651535554	-0.29285443656471044	
-0.9574098619893099	-0.9616751202304656	-0.9915840732028989	-0.9996423711682831	-0.9854352571520195	-0.8427339557258676	-0.34221235235088954	0.10463273065127648	0.014743862567077104	-0.09070094401678133	-0.1825011308036701	0.2967745984467177	0.9574098576868628	0.2365825651535554	0.0	-0.05833062122802171	
-0.9726216350826643	-0.9440439361225529	-0.9823439848581024	-0.9995001720884478	-0.9738381935866105	-0.8098979101769662	-0.2868209018180955	0.1624650149850295	0.0730430393684777	-0.03245631671600813	-0.12483939375764089	0.35197197047377987	0.9726216316197178	0.29285443656471044	0.05833062122802171	0.0	
