0.0	0.6022901889866926	0.93838915075038	0.18463014391414095	0.9571547416675412	0.9777203538836031	0.9560203226127475	0.4513160019886686	-0.18463012320300942	0.0983483762900671	0.93838915075038	0.7684641281720279	0.9989953496300145	0.9941462229449924	0.9953230667640698	0.9777203538836031	
-0.6022901889866926	0.0	0.9572343621499751	0.7393216994858256	0.9384841773473157	0.9069196310738952	0.5865172784150187	-0.17718691721967955	-0.7393216852959852	-0.5208610456022116	0.9572343621499751	0.9988486088536068	0.7704842245054043	0.7285310562071088	0.7363611545313402	0.9069196310738952	
-0.93838915075038	-0.9572343621499751	0.0	0.858451877720931	-0.05903805025474557	-0.1409021406297778	-0.6056118123723783	-0.9933508415139931	-0.858451888529366	-0.9678271539983554	0.0	0.3349023974038258	-0.3872861345892528	-0.4449438018008487	-0.43461462146880736	-0.1409021406297778	
-0.18463014391414095	-0.7393216994858256	-0.858451877720931	0.0	-0.8872347770678872	-0.9221554357141402	-0.993736592558662	-0.6083143413605865	-2.1073424255447017e-08	-0.2803926439402476	-0.858451877720931	-0.6371092371246218	-0.9900947040431805	-0.9970029270141973	-0.9960472315394239	-0.9221554357141402	
-0.9571547416675412	-0.9384841773473157	0.05903805025474557	0.8872347770678872	0.0	-0.08220731086409516	-0.5575753316763439	-0.9848213297749582	-0.8872347867894405	-0.9809939218139124	0.05903805025474557	0.3899470078019126	-0.3321799087289339	-0.39129567376695756	-0.3806858937104386	-0.08220731086409516	
-0.9777203538836031	-0.9069196310738952	0.1409021406297778	0.9221554357141402	0.08220731086409516	0.0	-0.4874456244526437	-0.9672191380187825	-0.9221554438657521	-0.993624883677633	0.1409021406297778	0.4643266930509042	-0.2535163083807193	-0.31431872396140265	-0.30337990433134016	0.0	
-0.9560203226127475	-0.5865172784150187	0.6056118123723783	0.993736592558662	0.5575753316763439	0.4874456244526437	0.0	-0.7207471330140637	-0.9937365902037516	-0.9225399599917808	0.6056118123723783	0.837141446900825	0.2501627056534405	0.1882922226428032	0.19957497971970217	0.4874456244526437	
-0.4513160019886686	0.17718691721967955	0.9933508415139931	0.6083143413605865	0.9848213297749582	0.9672191380187825	0.7207471330140637	0.0	-0.6083143246346896	-0.3613654730962893	0.9933508415139931	0.974543768664032	0.8712424271756666	0.8383789697300588	0.8445925359937196	0.9672191380187825	
0.18463012320300942	0.7393216852959852	0.858451888529366	2.1073424255447017e-08	0.8872347867894405	0.9221554438657521	0.9937365902037516	0.6083143246346896	0.0	0.28039262371217544	0.858451888529366	0.637109253367459	0.9900947070019128	0.9970029286445181	0.9960472334112743	0.9221554438657521	
-0.0983483762900671	0.5208610456022116	0.9678271539983554	0.2803926439402476	0.9809939218139124	0.993624883677633	0.9225399599917808	0.3613654730962893	-0.28039262371217544	0.0	0.9678271539983554	0.827671074945624	0.9897448865972232	0.9787007963905232	0.9809971139859032	0.993624883677633	
-0.93838915075038	-0.9572343621499751	0.0	0.858451877720931	-0.05903805025474557	-0.1409021406297778	-0.6056118123723783	-0.9933508415139931	-0.858451888529366	-0.9678271539983554	0.0	0.3349023974038258	-0.3872861345892528	-0.4449438018008487	-0.43461462146880736	-0.1409021406297778	
-0.7684641281720279	-0.9988486088536068	-0.3349023974038258	0.6371092371246218	-0.3899470078019126	-0.4643266930509042	-0.837141446900825	-0.974543768664032	-0.637109253367459	-0.827671074945624	-0.3349023974038258	0.0	-0.6736879245152055	-0.7191742398460373	-0.7111354888266093	-0.4643266930509042	
-0.9989953496300145	-0.7704842245054043	0.3872861345892528	0.9900947040431805	0.3321799087289339	0.2535163083807193	-0.2501627056534405	-0.8712424271756666	-0.9900947070019128	-0.9897448865972232	0.3872861345892528	0.6736879245152055	0.0	-0.06338280967689557	-0.05190081587689374	0.2535163083807193	
-0.9941462229449924	-0.7285310562071088	0.4449438018008487	0.9970029270141973	0.39129567376695756	0.31431872396140265	-0.1882922226428032	-0.8383789697300588	-0.9970029286445181	-0.9787007963905232	0.4449438018008487	0.7191742398460373	0.06338280967689557	0.0	0.011500926846365014	0.31431872396140265	
-0.9953230667640698	-0.7363611545313402	0.43461462146880736	0.9960472315394239	0.3806858937104386	0.30337990433134016	-0.19957497971970217	-0.8445925359937196	-0.9960472334112743	-0.9809971139859032	0.43461462146880736	0.7111354888266093	0.05190081587689374	-0.011500926846365014	0.0	0.30337990433134016	
-0.9777203538836031	-0.9069196310738952	0.1409021406297778	0.9221554357141402	0.08220731086409516	0.0	-0.4874456244526437	-0.9672191380187825	-0.9221554438657521	-0.993624883677633	0.1409021406297778	0.4643266930509042	-0.2535163083807193	-0.31431872396140265	-0.30337990433134016	0.0	
