0.0	-0.8975589245408674	-0.9953961118388291	-0.9956985704564209	-0.6568817286738925	-0.0	-0.9781994449885456	-0.9820735045247329	-0.9985239560016107	-0.9808254544558057	-0.7081417880698809	-0.8417060023148111	-0.9998723991951722	-0.9983450504549962	-0.9731830788052331	-0.9249077250981981	
0.8975589245408674	0.0	-0.3528366729238449	-0.5221584959820691	-0.9663692657962759	-0.8975589245408674	-0.6176767112857773	-0.26380244025311184	-0.3914945610282304	-0.2575168838205418	0.32152382752132774	0.11352091340884735	-0.4265001865380374	-0.49178160282726746	-0.6355383095379092	-0.7490311661733351	
0.9953961118388291	0.3528366729238449	0.0	-0.18765961902217287	-0.8134822418460083	-0.9953961118388291	-0.30046869546698857	0.09350207801070509	-0.04164216115650009	0.0999821657695521	0.6349465696981531	0.4567756055303752	-0.0799334447426844	-0.152931184284994	-0.32224924142466727	-0.4670906104401868	
0.9956985704564209	0.5221584959820691	0.18765961902217287	0.0	-0.6898891026242786	-0.9956985704564209	-0.11614242209121019	0.2786784294429313	0.14659448946808715	0.2849251943674737	0.7686437598335891	0.61559919501499	0.10854578951710654	0.03523792170082326	-0.13887530960355468	-0.29286192531714383	
0.6568817286738925	0.9663692657962759	0.8134822418460083	0.6898891026242786	0.0	-0.6568817286738925	0.6011430768859032	0.8642982954467462	0.788557964134412	0.8675546721217516	0.9977390486166727	0.9893151313359758	0.7643907912099617	0.7149699105856628	0.5826700617011301	0.44763357700600065	
0.0	0.8975589245408674	0.9953961118388291	0.9956985704564209	0.6568817286738925	0.0	0.9781994449885456	0.9820735045247329	0.9985239560016107	0.9808254544558057	0.7081417880698809	0.8417060023148111	0.9998723991951722	0.9983450504549962	0.9731830788052331	0.9249077250981981	
0.9781994449885456	0.6176767112857773	0.30046869546698857	0.11614242209121019	-0.6011430768859032	-0.9781994449885456	0.0	0.38833387128517904	0.2604901188954133	0.3943252733030913	0.8377356626425628	0.7029602988942376	0.223267402286467	0.15106974355096087	-0.02291849314971728	-0.17982987493660146	
0.9820735045247329	0.26380244025311184	-0.09350207801070509	-0.2786784294429313	-0.8642982954467462	-0.9820735045247329	-0.38833387128517904	0.0	-0.1348807036472602	0.0065105918064045365	0.5599293261745399	0.37159674928888503	-0.17278615340354886	-0.24466340383953475	-0.4093516914153672	-0.5477197474513573	
0.9985239560016107	0.3914945610282304	0.04164216115650009	-0.14659448946808715	-0.788557964134412	-0.9985239560016107	-0.2604901188954133	0.1348807036472602	0.0	0.14132894197746895	0.666566713686884	0.49342350828223225	-0.038355194905825965	-0.11164621232257385	-0.28254896459654755	-0.4298650582571225	
0.9808254544558057	0.2575168838205418	-0.0999821657695521	-0.2849251943674737	-0.8675546721217516	-0.9808254544558057	-0.3943252733030913	-0.0065105918064045365	-0.14132894197746895	0.0	0.5545231707973248	0.3655444777193431	-0.17919515970499791	-0.2509709407997429	-0.4152831276525494	-0.5531553028996519	
0.7081417880698809	-0.32152382752132774	-0.6349465696981531	-0.7686437598335891	-0.9977390486166727	-0.7081417880698809	-0.8377356626425628	-0.5599293261745399	-0.666566713686884	-0.5545231707973248	0.0	-0.21195224926829243	-0.6946679359779002	-0.7456255038827424	-0.8500308586088762	-0.9222794387957525	
0.8417060023148111	-0.11352091340884735	-0.4567756055303752	-0.61559919501499	-0.9893151313359758	-0.8417060023148111	-0.7029602988942376	-0.37159674928888503	-0.49342350828223225	-0.3655444777193431	0.21195224926829243	0.0	-0.526421365915426	-0.5874473023843851	-0.7190759561431825	-0.8194006857401801	
0.9998723991951722	0.4265001865380374	0.0799334447426844	-0.10854578951710654	-0.7643907912099617	-0.9998723991951722	-0.223267402286467	0.17278615340354886	0.038355194905825965	0.17919515970499791	0.6946679359779002	0.526421365915426	0.0	-0.07344866063728088	-0.24554872517674456	-0.39491810756620443	
0.9983450504549962	0.49178160282726746	0.152931184284994	-0.03523792170082326	-0.7149699105856628	-0.9983450504549962	-0.15106974355096087	0.24466340383953475	0.11164621232257385	0.2509709407997429	0.7456255038827424	0.5874473023843851	0.07344866063728088	0.0	-0.17368552314516755	-0.3263729498533123	
0.9731830788052331	0.6355383095379092	0.32224924142466727	0.13887530960355468	-0.5826700617011301	-0.9731830788052331	0.02291849314971728	0.4093516914153672	0.28254896459654755	0.4152831276525494	0.8500308586088762	0.7190759561431825	0.24554872517674456	0.17368552314516755	0.0	-0.15723777065931507	
0.9249077250981981	0.7490311661733351	0.4670906104401868	0.29286192531714383	-0.44763357700600065	-0.9249077250981981	0.17982987493660146	0.5477197474513573	0.4298650582571225	0.5531553028996519	0.9222794387957525	0.8194006857401801	0.39491810756620443	0.3263729498533123	0.15723777065931507	0.0	
