0.0	-0.006965510214425624	0.106603370284983	-0.26187915822556906	-0.9050615027151656	-0.8096056977746687	-0.9757214021106515	-0.7848677443071521	-0.6530469042762858	-0.2655869520770566	0.8088605159322612	0.9757214021106515	0.6433876453018579	0.6579808739140031	0.6811351894015041	0.09298953166911877	
0.006965510214425624	0.0	0.113526602269768	-0.2551503865918935	-0.9020772493309521	-0.8054974829690177	-0.9741721776295734	-0.7805324326890066	-0.6477559591817643	-0.2588651518585935	0.8129366173619434	0.9741721776295734	0.6487044176042607	0.6632101821321171	0.6862185171583044	0.09992260505394057	
-0.106603370284983	-0.113526602269768	0.0	-0.3632698568388043	-0.9452404791110692	-0.867565680044461	-0.9935091554399926	-0.8464534713814167	-0.730058192117447	-0.3668484519253051	0.7415684832974273	0.9935091554399926	0.5581121782068774	0.5739554215380548	0.5992033504516412	-0.013681824650249724	
0.26187915822556906	0.2551503865918935	0.3632698568388043	0.0	-0.7621033116882184	-0.6276347150393292	-0.8843138119485165	-0.595199479901588	-0.4319303460573534	-0.0038438772774191943	0.9346169205193212	0.8843138119485165	0.82141296417099	0.8322218610992764	0.8491008631111806	0.35048871794073827	
0.9050615027151656	0.9020772493309521	0.9452404791110692	0.7621033116882184	0.0	0.18693799620303667	-0.2167330766788745	0.2270443050206851	0.4076906352119255	0.759608942238951	0.876169444781793	0.2167330766788745	0.9664816331068071	0.9613692317763521	0.9523213732001797	0.9406866028437235	
0.8096056977746687	0.8054974829690177	0.867565680044461	0.6276347150393292	-0.18693799620303667	0.0	-0.3954070927388225	0.040985899273780435	0.2298069035761437	0.6246375891387409	0.9508287958176116	0.3954070927388225	0.9974378884132717	0.9958788779732883	0.9925677477282697	0.8606801945102847	
0.9757214021106515	0.9741721776295734	0.9935091554399926	0.8843138119485165	0.2167330766788745	0.3954070927388225	0.0	0.43272063552676854	0.5959035285202158	0.8825125994536677	0.7508776463126365	0.0	0.8878661040106275	0.8788599594495793	0.8635610043526029	0.9918598250867416	
0.7848677443071521	0.7805324326890066	0.8464534713814167	0.595199479901588	-0.2270443050206851	-0.040985899273780435	-0.43272063552676854	0.0	0.1897248399047805	0.5921062275724507	0.9627238666557955	0.43272063552676854	0.999531807908516	0.9987592090852573	0.9967214283622143	0.8390891816607592	
0.6530469042762858	0.6477559591817643	0.730058192117447	0.4319303460573534	-0.4076906352119255	-0.2298069035761437	-0.5959035285202158	-0.1897248399047805	0.0	0.4284603353806296	0.9965561438296475	0.5959035285202158	0.9871825877694993	0.9900673472831613	0.9939688739141187	0.7206399047565888	
0.2655869520770566	0.2588651518585935	0.3668484519253051	0.0038438772774191943	-0.759608942238951	-0.6246375891387409	-0.8825125994536677	-0.5921062275724507	-0.4284603353806296	0.0	0.9359771139612807	0.8825125994536677	0.8235991892666283	0.8343469228003061	0.8511250443623242	0.35408617705874945	
-0.8088605159322612	-0.8129366173619434	-0.7415684832974273	-0.9346169205193212	-0.876169444781793	-0.9508287958176116	-0.7508776463126365	-0.9627238666557955	-0.9965561438296475	-0.9359771139612807	0.0	0.7508776463126365	-0.24090322677093234	-0.2222068613441432	-0.1917055537333618	-0.7506778959611857	
-0.9757214021106515	-0.9741721776295734	-0.9935091554399926	-0.8843138119485165	-0.2167330766788745	-0.3954070927388225	-0.0	-0.43272063552676854	-0.5959035285202158	-0.8825125994536677	-0.7508776463126365	0.0	-0.8878661040106275	-0.8788599594495793	-0.8635610043526029	-0.9918598250867416	
-0.6433876453018579	-0.6487044176042607	-0.5581121782068774	-0.82141296417099	-0.9664816331068071	-0.9974378884132717	-0.8878661040106275	-0.999531807908516	-0.9871825877694993	-0.8235991892666283	0.24090322677093234	0.8878661040106275	0.0	0.01921785781742663	0.05037541007832852	-0.5694126447707372	
-0.6579808739140031	-0.6632101821321171	-0.5739554215380548	-0.8322218610992764	-0.9613692317763521	-0.9958788779732883	-0.8788599594495793	-0.9987592090852573	-0.9900673472831613	-0.8343469228003061	0.2222068613441432	0.8788599594495793	-0.01921785781742663	0.0	0.031172648820978033	-0.585105561120063	
-0.6811351894015041	-0.6862185171583044	-0.5992033504516412	-0.8491008631111806	-0.9523213732001797	-0.9925677477282697	-0.8635610043526029	-0.9967214283622143	-0.9939688739141187	-0.8511250443623242	0.1917055537333618	0.8635610043526029	-0.05037541007832852	-0.031172648820978033	0.0	-0.6101008906538565	
-0.09298953166911877	-0.09992260505394057	0.013681824650249724	-0.35048871794073827	-0.9406866028437235	-0.8606801945102847	-0.9918598250867416	-0.8390891816607592	-0.7206399047565888	-0.35408617705874945	0.7506778959611857	0.9918598250867416	0.5694126447707372	0.585105561120063	0.6101008906538565	0.0	
