0.0	0.8257662990715617	0.957110042641005	0.9859026393742408	0.9216157054678911	0.7728350226089449	0.6429702228099616	0.1839170993420855	-0.4208704661357545	0.7766327948288702	0.8794966215749772	0.4208704661357545	0.999514953909413	0.6429702228099616	0.7344636928735295	0.8656700096688078	
-0.8257662990715617	0.0	0.7790668019924176	0.41789411649460273	0.8402856781252556	0.9599256207466548	-0.2698039246997359	-0.7079486482929022	-0.9864459161806535	-0.08216388062413432	0.889033443051281	0.9864459161806535	0.5894553045632998	-0.2698039246997359	-0.1461579817560925	0.07485760218393664	
-0.957110042641005	-0.7790668019924176	0.0	-0.4457839476974078	0.10444318325076052	0.38347937258928155	-0.9193264510655392	-0.9940687435347666	-0.7462778336753909	-0.8279445453830852	0.20068173821195973	0.7462778336753909	-0.2597772847371535	-0.9193264510655392	-0.8623330273202499	-0.7299496284516157	
-0.9859026393742408	-0.41789411649460273	0.4457839476974078	0.0	0.5368372230816746	0.7549714669014421	-0.6475123473429232	-0.9383118631777221	-0.9647527898071014	-0.4911266817988208	0.6163535069612427	0.9647527898071014	0.19794235022519535	-0.6475123473429232	-0.5461903646549813	-0.34871379059645546	
-0.9216157054678911	-0.8402856781252556	-0.10444318325076052	-0.5368372230816746	0.0	0.2849236247274332	-0.9553964662585464	-0.9772734711725765	-0.6726753374792791	-0.8819891757284757	0.0972657382888581	0.6726753374792791	-0.3592140231669863	-0.9553964662585464	-0.9105007246431117	-0.7973444423696537	
-0.7728350226089449	-0.9599256207466548	-0.38347937258928155	-0.7549714669014421	-0.2849236247274332	0.0	-0.9999409196356803	-0.8763668923943069	-0.43396734509217727	-0.9797067803780577	-0.19033854920698323	0.43396734509217727	-0.6102311386580911	-0.9999409196356803	-0.9905787198534765	-0.9362530846633871	
-0.6429702228099616	0.2698039246997359	0.9193264510655392	0.6475123473429232	0.9553964662585464	0.9999409196356803	0.0	-0.49114179806684694	-0.9055926052093335	0.18977481599784032	0.9795915286622461	0.9055926052093335	0.7855433996298256	0.0	0.12616881666000485	0.3411284470865965	
-0.1839170993420855	0.7079486482929022	0.9940687435347666	0.9383118631777221	0.9772734711725765	0.8763668923943069	0.49114179806684694	0.0	-0.5805261727294823	0.6475255714905594	0.9520210468387613	0.5805261727294823	0.9881926294319285	0.49114179806684694	0.5971200654399962	0.7588315325711857	
0.4208704661357545	0.9864459161806535	0.7462778336753909	0.9647527898071014	0.6726753374792791	0.43396734509217727	0.9055926052093335	0.5805261727294823	0.0	0.9696285746571983	0.5975152190332863	0.0	0.8935737828939173	0.9055926052093335	0.951870146811459	0.9959613183507156	
-0.7766327948288702	0.08216388062413432	0.8279445453830852	0.4911266817988208	0.8819891757284757	0.9797067803780577	-0.18977481599784032	-0.6475255714905594	-0.9696285746571983	0.0	0.9236455687949643	0.9696285746571983	0.6538343216135041	-0.18977481599784032	-0.06438225286444182	0.15653784403402668	
-0.8794966215749772	-0.889033443051281	-0.20068173821195973	-0.6163535069612427	-0.0972657382888581	0.19033854920698323	-0.9795915286622461	-0.9520210468387613	-0.5975152190332863	-0.9236455687949643	0.0	0.5975152190332863	-0.4482845477451197	-0.9795915286622461	-0.9464036467955768	-0.852266048897123	
-0.4208704661357545	-0.9864459161806535	-0.7462778336753909	-0.9647527898071014	-0.6726753374792791	-0.43396734509217727	-0.9055926052093335	-0.5805261727294823	-0.0	-0.9696285746571983	-0.5975152190332863	0.0	-0.8935737828939173	-0.9055926052093335	-0.951870146811459	-0.9959613183507156	
-0.999514953909413	-0.5894553045632998	0.2597772847371535	-0.19794235022519535	0.3592140231669863	0.6102311386580911	-0.7855433996298256	-0.9881926294319285	-0.8935737828939173	-0.6538343216135041	0.4482845477451197	0.8935737828939173	0.0	-0.7855433996298256	-0.7011918612117002	-0.5273313852764272	
-0.6429702228099616	0.2698039246997359	0.9193264510655392	0.6475123473429232	0.9553964662585464	0.9999409196356803	0.0	-0.49114179806684694	-0.9055926052093335	0.18977481599784032	0.9795915286622461	0.9055926052093335	0.7855433996298256	0.0	0.12616881666000485	0.3411284470865965	
-0.7344636928735295	0.1461579817560925	0.8623330273202499	0.5461903646549813	0.9105007246431117	0.9905787198534765	-0.12616881666000485	-0.5971200654399962	-0.951870146811459	0.06438225286444182	0.9464036467955768	0.951870146811459	0.7011918612117002	-0.12616881666000485	0.0	0.21980162259432717	
-0.8656700096688078	-0.07485760218393664	0.7299496284516157	0.34871379059645546	0.7973444423696537	0.9362530846633871	-0.3411284470865965	-0.7588315325711857	-0.9959613183507156	-0.15653784403402668	0.852266048897123	0.9959613183507156	0.5273313852764272	-0.3411284470865965	-0.21980162259432717	0.0	
