0.0	-0.3264674909981779	0.18583179507457764	0.1219917252578486	0.5504941346376344	0.5396835122563671	-0.5816717038077432	-0.5402150101165405	0.5234795097664521	0.9994959669348096	0.0264794788613629	-0.9994959669348096	-0.06346018889799751	0.3032347738519393	0.021181704774130984	-0.3107542800484562	
0.3264674909981779	0.0	0.49643071961271235	0.43933675080883416	0.7928795009155795	0.7849559349390451	-0.28424462124163874	-0.23588456369908367	0.7729600400831511	0.9550960696209947	0.35138164415661666	-0.9550960696209947	0.26582634804559835	0.5977161207628005	0.34641537150315277	0.01657661244416786	
-0.18583179507457764	-0.49643071961271235	0.0	-0.06457701814054631	0.38576575597986174	0.3738372342533162	-0.7226998730336678	-0.6871877920500535	0.35602551914410663	0.9761868909357554	-0.15974838653707069	-0.9761868909357554	-0.24781203920017902	0.12087083221640679	-0.16497734956560284	-0.481972744155463	
-0.1219917252578486	-0.43933675080883416	0.06457701814054631	0.0	0.4445391048554836	0.4329517513460449	-0.6765582201537916	-0.6388395419027505	0.41562808497655995	0.9881580927193092	-0.0956672429865828	-0.9881580927193092	-0.18473204737427762	0.18472209684858512	-0.1009408543946981	-0.424385242229816	
-0.5504941346376344	-0.7928795009155795	-0.38576575597986174	-0.4445391048554836	0.0	-0.0128945282419346	-0.9333871880605744	-0.9142482699512346	-0.03202093997146871	0.8169422268451214	-0.5281950053164903	-0.8169422268451214	-0.6023635852115962	-0.27142237726451585	-0.5326873132734652	-0.7826691276783264	
-0.5396835122563671	-0.7849559349390451	-0.3738372342533162	-0.4329517513460449	0.0128945282419346	0.0	-0.9286821166522159	-0.9089479862226431	-0.019130361913351046	0.8243108340588505	-0.5172020505266249	-0.8243108340588505	-0.592020811874487	-0.2589893398329575	-0.5217302310776957	-0.7745780141347619	
0.5816717038077432	0.28424462124163874	0.7226998730336678	0.6765582201537916	0.9333871880605744	0.9286821166522159	0.0	0.05006879803209324	0.9214171603714839	0.8314794368426336	0.6030067790266443	-0.8314794368426336	0.5288792510825256	0.8009425383125632	0.5987709009524234	0.3000984224671182	
0.5402150101165405	0.23588456369908367	0.6871877920500535	0.6388395419027505	0.9142482699512346	0.9089479862226431	-0.05006879803209324	0.0	0.9008060165726353	0.8582525689662812	0.5623087847839227	-0.8582525689662812	0.4857226726750768	0.7699597198106429	0.5579187859567576	0.2519609911987719	
-0.5234795097664521	-0.7729600400831511	-0.35602551914410663	-0.41562808497655995	0.03202093997146871	0.019130361913351046	-0.9214171603714839	-0.9008060165726353	0.0	0.8349903983589476	-0.5007344262124035	-0.8349903983589476	-0.5764948783621675	-0.24046430682941777	-0.5053144402660072	-0.7623367244229408	
-0.9994959669348096	-0.9550960696209947	-0.9761868909357554	-0.9881580927193092	-0.8169422268451214	-0.8243108340588505	-0.8314794368426336	-0.8582525689662812	-0.8349903983589476	0.0	-0.9983048817720716	-0.0	-0.9994959644306178	-0.9428090694569591	-0.9985992869525857	-0.9598764269527789	
-0.0264794788613629	-0.35138164415661666	0.15974838653707069	0.0956672429865828	0.5281950053164903	0.5172020505266249	-0.6030067790266443	-0.5623087847839227	0.5007344262124035	0.9983048817720716	0.0	-0.9983048817720716	-0.089864043086294	0.27789573087148883	-0.005299260432042097	-0.3358138036217286	
0.9994959669348096	0.9550960696209947	0.9761868909357554	0.9881580927193092	0.8169422268451214	0.8243108340588505	0.8314794368426336	0.8582525689662812	0.8349903983589476	0.0	0.9983048817720716	0.0	0.9994959644306178	0.9428090694569591	0.9985992869525857	0.9598764269527789	
0.06346018889799751	-0.26582634804559835	0.24781203920017902	0.18473204737427762	0.6023635852115962	0.592020811874487	-0.5288792510825256	-0.4857226726750768	0.5764948783621675	0.9994959644306178	0.089864043086294	-0.9994959644306178	0.0	0.36309578666483866	0.08458496144230618	-0.2498096217741926	
-0.3032347738519393	-0.5977161207628005	-0.12087083221640679	-0.18472209684858512	0.27142237726451585	0.2589893398329575	-0.8009425383125632	-0.7699597198106429	0.24046430682941777	0.9428090694569591	-0.27789573087148883	-0.9428090694569591	-0.36309578666483866	0.0	-0.2829823580454851	-0.5843443937509948	
-0.021181704774130984	-0.34641537150315277	0.16497734956560284	0.1009408543946981	0.5326873132734652	0.5217302310776957	-0.5987709009524234	-0.5579187859567576	0.5053144402660072	0.9985992869525857	0.005299260432042097	-0.9985992869525857	-0.08458496144230618	0.2829823580454851	0.0	-0.3308175645602981	
0.3107542800484562	-0.01657661244416786	0.481972744155463	0.424385242229816	0.7826691276783264	0.7745780141347619	-0.3000984224671182	-0.2519609911987719	0.7623367244229408	0.9598764269527789	0.3358138036217286	-0.9598764269527789	0.2498096217741926	0.5843443937509948	0.3308175645602981	0.0	
