0.0	-0.2799395405273575	-0.8697381886237765	-0.9950229474786804	-0.965821205782131	-0.8950889649125982	-0.9514055945709567	-0.7219372368110647	-0.267230994441003	0.8950889649125982	0.4893115641697814	0.2476665552084526	0.3508727953049093	-0.28836786508540657	-0.5142791247247309	0.5234971626400294	
0.2799395405273575	0.0	-0.6968100797545967	-0.9831344414121889	-0.8546424883983316	-0.9841227561690236	-0.8271614042606343	-0.499365919729417	0.013212372901550473	0.9841227561690236	0.7138855355568571	0.5089823769393054	0.5989859312804167	-0.008790610324604181	-0.2536344761653754	0.7410826702684448	
0.8697381886237765	0.6968100797545967	0.0	-0.5777231346188021	-0.25120159238055884	-0.8295438717524927	-0.20170374325404494	0.24553706469881353	0.7062259066787004	0.8295438717524927	0.9999883617676597	0.9648685497034	0.9876033870813793	0.6904780410944358	0.49210371562172117	0.9993936515084889	
0.9950229474786804	0.9831344414121889	0.5777231346188021	0.0	0.35415934318271636	-0.35447631229103005	0.40121173684627154	0.7604528189419332	0.9854649620263541	0.35447631229103005	0.8190105549351352	0.939344345604551	0.8967994187214259	0.9814887902189414	0.9046003129206652	0.7956224115511881	
0.965821205782131	0.8546424883983316	0.25120159238055884	-0.35415934318271636	0.0	-0.6626629676556247	0.050802469540312145	0.4811754765414846	0.8614279766943878	0.6626629676556247	0.9691354619884116	0.9999288112485305	0.9953667673391352	0.8500452329069285	0.6950044817591047	0.9586014177534343	
0.8950889649125982	0.9841227561690236	0.8295438717524927	0.35447631229103005	0.6626629676556247	0.0	0.6998541557917217	0.9412673128345436	0.9816918019149935	0.0	0.5624372306781537	0.7567713214490447	0.681732185768696	0.985644969489627	0.9969594448913016	0.5292194501076526	
0.9514055945709567	0.8271614042606343	0.20170374325404494	-0.40121173684627154	-0.050802469540312145	-0.6998541557917217	0.0	0.43601946545352466	0.8345140871482155	0.6998541557917217	0.9804083101494274	0.9980314493520343	0.9989661749155119	0.8221894340169904	0.6575797868448544	0.9718296666655087	
0.7219372368110647	0.499365919729417	-0.24553706469881353	-0.7604528189419332	-0.4811754765414846	-0.9412673128345436	-0.43601946545352466	0.0	0.5107694148320128	0.9412673128345436	0.9681913142846452	0.8708205107644702	0.918828156598628	0.4917305178891025	0.26329004860872424	0.9773486539603362	
0.267230994441003	-0.013212372901550473	-0.7062259066787004	-0.9854649620263541	-0.8614279766943878	-0.9816918019149935	-0.8345140871482155	-0.5107694148320128	0.0	0.9816918019149935	0.7045710943984482	0.497565043375787	0.588353713714544	-0.022001705416522965	-0.2663926672204222	0.7321470138817505	
-0.8950889649125982	-0.9841227561690236	-0.8295438717524927	-0.35447631229103005	-0.6626629676556247	-0.0	-0.6998541557917217	-0.9412673128345436	-0.9816918019149935	0.0	-0.5624372306781537	-0.7567713214490447	-0.681732185768696	-0.985644969489627	-0.9969594448913016	-0.5292194501076526	
-0.4893115641697814	-0.7138855355568571	-0.9999883617676597	-0.8190105549351352	-0.9691354619884116	-0.5624372306781537	-0.9804083101494274	-0.9681913142846452	-0.7045710943984482	0.5624372306781537	0.0	-0.25807498095631265	-0.15220332748161142	-0.7200136862989748	-0.8681522648145265	0.039639744084373374	
-0.2476665552084526	-0.5089823769393054	-0.9648685497034	-0.939344345604551	-0.9999288112485305	-0.7567713214490447	-0.9980314493520343	-0.8708205107644702	-0.497565043375787	0.7567713214490447	0.25807498095631265	0.0	0.10802077863712217	-0.5165294654496214	-0.710661430478551	0.29616908685086124	
-0.3508727953049093	-0.5989859312804167	-0.9876033870813793	-0.8967994187214259	-0.9953667673391352	-0.681732185768696	-0.9989661749155119	-0.918828156598628	-0.588353713714544	0.681732185768696	0.15220332748161142	-0.10802077863712217	0.0	-0.6060019527177836	-0.782499401159343	0.19126161069141934	
0.28836786508540657	0.008790610324604181	-0.6904780410944358	-0.9814887902189414	-0.8500452329069285	-0.985644969489627	-0.8221894340169904	-0.4917305178891025	0.022001705416522965	0.985644969489627	0.7200136862989748	0.5165294654496214	0.6060019527177836	0.0	-0.24512151763578816	0.7469561731807743	
0.5142791247247309	0.2536344761653754	-0.49210371562172117	-0.9046003129206652	-0.6950044817591047	-0.9969594448913016	-0.6575797868448544	-0.26329004860872424	0.2663926672204222	0.9969594448913016	0.8681522648145265	0.710661430478551	0.782499401159343	0.24512151763578816	0.0	0.8871430521255282	
-0.5234971626400294	-0.7410826702684448	-0.9993936515084889	-0.7956224115511881	-0.9586014177534343	-0.5292194501076526	-0.9718296666655087	-0.9773486539603362	-0.7321470138817505	0.5292194501076526	-0.039639744084373374	-0.29616908685086124	-0.19126161069141934	-0.7469561731807743	-0.8871430521255282	0.0	
