0.0	-0.07705720184047671	-0.7443834172762026	-0.5405653110729451	0.04293163828134472	-0.008786395695372817	-0.17589312345514269	0.1781832413574479	0.5838683674086432	0.9988725271309209	0.7443834172762026	0.8237069445243567	0.4597058260133804	0.11245805772219991	-0.5110873693224238	-0.41982610125270486	
0.07705720184047671	0.0	-0.6907149873757296	-0.4741296517909029	0.11979014454243098	0.06829395647410835	-0.09951431202381994	0.25347752476307184	0.6446910976238436	0.9922444254982872	0.6907149873757296	0.8649504425192941	0.5267712564194011	0.18869207055569642	-0.4433348580274322	-0.3486403530906964	
0.7443834172762026	0.6907149873757296	0.0	0.2652874889453928	0.7723648112761322	0.7384875460326542	0.615324872459991	0.8514535853105479	0.9942059727477871	0.631661546175073	0.0	0.9721094537498008	0.9680352048001345	0.8147555435928716	0.2985391200803859	0.39526588125771056	
0.5405653110729451	0.4741296517909029	-0.2652874889453928	0.0	0.5761853918705782	0.5331524319092582	0.3841582569026696	0.6818207460028872	0.9300667074594244	0.8146913144829323	0.2652874889453928	0.9994953930131644	0.866811969307463	0.6317474149763271	0.034652582091137085	0.13741898259613744	
-0.04293163828134472	-0.11979014454243098	-0.7723648112761322	-0.5761853918705782	0.0	-0.05170827581765414	-0.21799325480131876	0.13577434142142775	0.5484760685541026	0.9999896674398432	0.7723648112761322	0.7986045813478345	0.4211556289666135	0.06969507251205703	-0.5475171311039901	-0.4584039775503762	
0.008786395695372817	-0.06829395647410835	-0.7384875460326542	-0.5331524319092582	0.05170827581765414	0.0	-0.16723692441898863	0.18682215313158618	0.5909790502086589	0.9984168540052651	0.7384875460326542	0.828657173327155	0.46749102630377176	0.12118437566751983	-0.5035154809212449	-0.41183532266034634	
0.17589312345514269	0.09951431202381994	-0.615324872459991	-0.3841582569026696	0.21799325480131876	0.16723692441898863	0.0	0.3484835970813674	0.717563973372771	0.9749492208456569	0.615324872459991	0.9105989239046602	0.6087443030444293	0.28548209499017224	-0.3519339442008803	-0.2536393038548464	
-0.1781832413574479	-0.25347752476307184	-0.8514535853105479	-0.6818207460028872	-0.13577434142142775	-0.18682215313158618	-0.3484835970813674	0.0	0.42986714178728125	0.9913467651599847	0.8514535853105479	0.7094927230776001	0.29410988762877954	-0.0663945032622365	-0.6560622251519492	-0.5748276830303203	
-0.5838683674086432	-0.6446910976238436	-0.9942059727477871	-0.9300667074594244	-0.5484760685541026	-0.5909790502086589	-0.717563973372771	-0.42986714178728125	0.0	0.8386509187046289	0.9942059727477871	0.3376625519900292	-0.1453053012479382	-0.48886569469166324	-0.9167770909276441	-0.8707567190775143	
-0.9988725271309209	-0.9922444254982872	-0.631661546175073	-0.8146913144829323	-0.9999896674398432	-0.9984168540052651	-0.9749492208456569	-0.9913467651599847	-0.8386509187046289	0.0	0.631661546175073	-0.6054802056052349	-0.908893539032277	-0.9978748598671064	-0.8342968809425456	-0.8866509094970352	
-0.7443834172762026	-0.6907149873757296	-0.0	-0.2652874889453928	-0.7723648112761322	-0.7384875460326542	-0.615324872459991	-0.8514535853105479	-0.9942059727477871	-0.631661546175073	0.0	-0.9721094537498008	-0.9680352048001345	-0.8147555435928716	-0.2985391200803859	-0.39526588125771056	
-0.8237069445243567	-0.8649504425192941	-0.9721094537498008	-0.9994953930131644	-0.7986045813478345	-0.828657173327155	-0.9105989239046602	-0.7094927230776001	-0.3376625519900292	0.6054802056052349	0.9721094537498008	0.0	-0.4708500124961951	-0.7547162460184408	-0.9977944062088844	-0.9856481972273071	
-0.4597058260133804	-0.5267712564194011	-0.9680352048001345	-0.866811969307463	-0.4211556289666135	-0.46749102630377176	-0.6087443030444293	-0.29410988762877954	0.1453053012479382	0.908893539032277	0.9680352048001345	0.4708500124961951	0.0	-0.3569189010147236	-0.8490123830796684	-0.790066598335933	
-0.11245805772219991	-0.18869207055569642	-0.8147555435928716	-0.6317474149763271	-0.06969507251205703	-0.12118437566751983	-0.28548209499017224	0.0663945032622365	0.48886569469166324	0.9978748598671064	0.8147555435928716	0.7547162460184408	0.3569189010147236	0.0	-0.6045062081858692	-0.5192303692699088	
0.5110873693224238	0.4433348580274322	-0.2985391200803859	-0.034652582091137085	0.5475171311039901	0.5035154809212449	0.3519339442008803	0.6560622251519492	0.9167770909276441	0.8342968809425456	0.2985391200803859	0.9977944062088844	0.8490123830796684	0.6045062081858692	0.0	0.10301261796069666	
0.41982610125270486	0.3486403530906964	-0.39526588125771056	-0.13741898259613744	0.4584039775503762	0.41183532266034634	0.2536393038548464	0.5748276830303203	0.8707567190775143	0.8866509094970352	0.39526588125771056	0.9856481972273071	0.790066598335933	0.5192303692699088	-0.10301261796069666	0.0	
