0.0	-0.9977170651853732	-0.9966249570789476	-0.8877925492652271	-0.660854744746322	-0.5303394122895683	0.13554344849810557	0.7587951172777526	0.6005695908403574	0.2765222703275745	0.7135530261366159	0.9966249570789474	0.31109351740587826	-0.018705468356505633	0.4740987602257455	0.7422733050949865	
0.9977170651853732	0.0	-0.14920686640218872	0.3992381532188854	0.7041711866786804	0.810034752845953	0.9976631440416834	0.7010858837615752	0.8383051696262085	0.9774878720581878	0.7471899213982703	0.1492068664021887	0.9692186184020961	0.9962792723222244	0.9104787549758556	0.7186951515757898	
0.9966249570789476	0.14920686640218872	0.0	0.5315689889583943	0.8022300832969882	0.8884594275834725	0.976300805997602	0.5868419690841474	0.7475734083524626	0.9350644783407118	0.6396614176215918	0.0	0.9216342058899171	0.9979861085666022	0.8385814865913005	0.6069027701880061	
0.8877925492652271	-0.3992381532188854	-0.5315689889583943	0.0	0.36214626141028694	0.5085721276969287	0.9419825066752889	0.9274761528912024	0.9862629519606037	0.9804429777475112	0.9503969317251346	0.5315689889583942	0.9869185400883767	0.8790281422623148	0.9998772229303148	0.9365340705064733	
0.660854744746322	-0.7041711866786804	-0.8022300832969882	-0.36214626141028694	0.0	0.1622359506331274	0.7564832152426696	0.9999203439029184	0.9791370564324551	0.8426201603207928	0.9985270581398369	0.802230083296988	0.8615426597194016	0.6467004072308746	0.9376815576806352	0.9999233348267141	
0.5303394122895683	-0.810034752845953	-0.8884594275834725	-0.5085721276969287	-0.1622359506331274	0.0	0.6403568822984655	0.9887210766111776	0.9331989434189383	0.7440917053481331	0.9764962903296506	0.8884594275834723	0.7677641484512454	0.5143883995080947	0.868882842771663	0.9846674691850658	
-0.13554344849810557	-0.9976631440416834	-0.976300805997602	-0.9419825066752889	-0.7564832152426696	-0.6403568822984655	0.0	0.6635090719686326	0.4866503636865034	0.143712085892878	0.6120060267317511	0.9763008059976018	0.1794048724084802	-0.15405257659946303	0.3503813272096744	0.6445958703897021	
-0.7587951172777526	-0.7010858837615752	-0.5868419690841474	-0.9274761528912024	-0.9999203439029184	-0.9887210766111776	-0.6635090719686326	0.0	-0.21554307794311373	-0.5491007254063758	-0.06685473509869916	0.5868419690841473	-0.5185188263158386	-0.7708457777597871	-0.3593031510301645	-0.025002113928085323	
-0.6005695908403574	-0.8383051696262085	-0.7475734083524626	-0.9862629519606037	-0.9791370564324551	-0.9331989434189383	-0.4866503636865034	0.21554307794311373	0.0	-0.3560522868023845	0.14977757768509986	0.7475734083524624	-0.3220270920697938	-0.6154208915437794	-0.14970818576338274	0.1910612762551282	
-0.2765222703275745	-0.9774878720581878	-0.9350644783407118	-0.9804429777475112	-0.8426201603207928	-0.7440917053481331	-0.143712085892878	0.5491007254063758	0.3560522868023845	0.0	0.49199797499386894	0.9350644783407116	0.036162163397658875	-0.29444998484406465	0.21214244323686737	0.5280334043377873	
-0.7135530261366159	-0.7471899213982703	-0.6396614176215918	-0.9503969317251346	-0.9985270581398369	-0.9764962903296506	-0.6120060267317511	0.06685473509869916	-0.14977757768509986	-0.49199797499386894	0.0	0.6396614176215917	-0.4601935291599412	-0.726533255135858	-0.2961090531243318	0.04188765900839214	
-0.9966249570789474	-0.1492068664021887	-0.0	-0.5315689889583942	-0.802230083296988	-0.8884594275834723	-0.9763008059976018	-0.5868419690841473	-0.7475734083524624	-0.9350644783407116	-0.6396614176215917	0.0	-0.9216342058899168	-0.997986108566602	-0.8385814865913003	-0.606902770188006	
-0.31109351740587826	-0.9692186184020961	-0.9216342058899171	-0.9869185400883767	-0.8615426597194016	-0.7677641484512454	-0.1794048724084802	0.5185188263158386	0.3220270920697938	-0.036162163397658875	0.4601935291599412	0.9216342058899168	0.0	-0.3288163776986138	0.17666462077666378	0.4969782735975661	
0.018705468356505633	-0.9962792723222244	-0.9979861085666022	-0.8790281422623148	-0.6467004072308746	-0.5143883995080947	0.15405257659946303	0.7708457777597871	0.6154208915437794	0.29444998484406465	0.726533255135858	0.997986108566602	0.3288163776986138	0.0	0.49048544568707275	0.7546779181732484	
-0.4740987602257455	-0.9104787549758556	-0.8385814865913005	-0.9998772229303148	-0.9376815576806352	-0.868882842771663	-0.3503813272096744	0.3593031510301645	0.14970818576338274	-0.21214244323686737	0.2961090531243318	0.8385814865913003	-0.17666462077666378	-0.49048544568707275	0.0	0.33585833702273254	
-0.7422733050949865	-0.7186951515757898	-0.6069027701880061	-0.9365340705064733	-0.9999233348267141	-0.9846674691850658	-0.6445958703897021	0.025002113928085323	-0.1910612762551282	-0.5280334043377873	-0.04188765900839214	0.606902770188006	-0.4969782735975661	-0.7546779181732484	-0.33585833702273254	0.0	
