0.0	-0.17949948988697187	-0.16210341779476803	0.4720062346614272	0.9998496337507518	0.167410403823926	-0.528713103021475	-0.18529929188638902	-0.15050931261768308	-0.798939677000673	-0.5520985441694345	0.19622404527913748	0.38025732013214325	-0.15630606193238766	-0.9998496337507518	-0.27237282323487394	
0.17949948988697187	0.0	0.017654844307051	0.6225858312174987	0.980497443727736	0.34165760153369185	-0.36776650558125124	-0.005898731680649999	0.02938998748823854	-0.6780103539887194	-0.3934685151124764	0.3690468433653743	0.5400968257731031	0.023525853012182907	-0.980497443727736	-0.09523602602414158	
0.16210341779476803	-0.017654844307051	0.0	0.6086729704059614	0.9838143634437592	0.32501189599926916	-0.38412674635186184	-0.0235523494646738	0.01173818901150761	-0.6908819148626748	-0.40963796042053524	0.3525807212290799	0.5251542789387982	0.005872228343441727	-0.9838143634437592	-0.11279578073529647	
-0.4720062346614272	-0.6225858312174987	-0.6086729704059614	0.0	0.8896477026909398	-0.3177567393651731	-0.8667501132408677	-0.627191061122959	-0.5993177078155725	-0.9882112130910385	-0.8802762551533234	-0.2898398243268768	-0.10131644032077203	-0.6040033253479294	-0.8896477026909398	-0.6942831012246418	
-0.9998496337507518	-0.980497443727736	-0.9838143634437592	-0.8896477026909398	0.0	-0.9886421118554654	-0.8395045588240675	-0.979321096786197	-0.9858499576591565	-0.5874663317616362	-0.8240795592757263	-0.9838143634437592	-0.9313357001522516	-0.984849649394971	-0.0	-0.957323897080654	
-0.167410403823926	-0.34165760153369185	-0.32501189599926916	0.3177567393651731	0.9886421118554654	0.0	-0.6633495813300563	-0.34719543001671704	-0.3138885824506053	-0.8883469627490644	-0.6838901964651302	0.02929900023046189	0.22005620339174237	-0.31945286760522434	-0.9886421118554654	-0.4296098221931314	
0.528713103021475	0.36776650558125124	0.38412674635186184	0.8667501132408677	0.8395045588240675	0.6633495813300563	0.0	0.3622747695490237	0.3949379214734786	-0.3601665107684841	-0.027791762772260364	0.6849895247617961	0.8117592029459718	0.38954183652203356	-0.8395045588240675	0.2775331930419449	
0.18529929188638902	0.005898731680649999	0.0235523494646738	0.627191061122959	0.979321096786197	0.34719543001671704	-0.3622747695490237	0.0	0.035285659723487184	-0.6736626815944734	-0.38803874094827306	0.37452276771621607	0.5450518189571797	0.02942254279889353	-0.979321096786197	-0.08936244884642286	
0.15050931261768308	-0.02938998748823854	-0.01173818901150761	0.5993177078155725	0.9858499576591565	0.3138885824506053	-0.3949379214734786	-0.035285659723487184	0.0	-0.6993206471865974	-0.4203178800073549	0.3415720512236603	0.5151288169861716	-0.00586616284861563	-0.9858499576591565	-0.12445128782487891	
0.798939677000673	0.6780103539887194	0.6908819148626748	0.9882112130910385	0.5874663317616362	0.8883469627490644	0.3601665107684841	0.6736626815944734	0.6993206471865974	0.0	0.3341007878787926	0.9014188928198588	0.9676149130675706	0.6951154338468994	-0.5874663317616362	0.6049251421059858	
0.5520985441694345	0.3934685151124764	0.40963796042053524	0.8802762551533234	0.8240795592757263	0.6838901964651302	0.027791762772260364	0.38803874094827306	0.4203178800073549	-0.3341007878787926	0.0	0.7049727066449308	0.8276758234821151	0.4149878271904334	-0.8240795592757263	0.304125984030276	
-0.19622404527913748	-0.3690468433653743	-0.3525807212290799	0.2898398243268768	0.9838143634437592	-0.02929900023046189	-0.6849895247617961	-0.37452276771621607	-0.3415720512236603	-0.9014188928198588	-0.7049727066449308	0.0	0.1913809319868021	-0.3470795200640572	-0.9838143634437592	-0.4558828128264131	
-0.38025732013214325	-0.5400968257731031	-0.5251542789387982	0.10131644032077203	0.9313357001522516	-0.22005620339174237	-0.8117592029459718	-0.5450518189571797	-0.5151288169861716	-0.9676149130675706	-0.8276758234821151	-0.1913809319868021	0.0	-0.5201479167311471	-0.9313357001522516	-0.6177928488257363	
0.15630606193238766	-0.023525853012182907	-0.005872228343441727	0.6040033253479294	0.984849649394971	0.31945286760522434	-0.38954183652203356	-0.02942254279889353	0.00586616284861563	-0.6951154338468994	-0.4149878271904334	0.3470795200640572	0.5201479167311471	0.0	-0.984849649394971	-0.11862858885710062	
0.9998496337507518	0.980497443727736	0.9838143634437592	0.8896477026909398	0.0	0.9886421118554654	0.8395045588240675	0.979321096786197	0.9858499576591565	0.5874663317616362	0.8240795592757263	0.9838143634437592	0.9313357001522516	0.984849649394971	0.0	0.957323897080654	
0.27237282323487394	0.09523602602414158	0.11279578073529647	0.6942831012246418	0.957323897080654	0.4296098221931314	-0.2775331930419449	0.08936244884642286	0.12445128782487891	-0.6049251421059858	-0.304125984030276	0.4558828128264131	0.6177928488257363	0.11862858885710062	-0.957323897080654	0.0	
