0.0	0.026297188861555854	-0.01592048989717998	-0.04269909650295356	-0.9200812950952076	-0.2221974220125995	0.9991038511118052	0.9200813067695953	0.5612757235019845	0.9567924039919529	0.8660400330190112	0.3805053552605881	0.7317854628573854	0.8926675921189781	0.6948950625688968	0.48155782954657195	
-0.026297188861555854	0.0	-0.04220884008162995	-0.06895753507577362	-0.9300644338295375	-0.24776038300384123	0.997645273969179	0.9300644447788042	0.5393173040780472	0.9488150321700133	0.8525926015655942	0.35605468419759817	0.713609932697149	0.8805063263303656	0.6757441445714664	0.45834405914165854	
0.01592048989717998	0.04220884008162995	0.0	-0.026787714805699192	-0.9137281916619846	-0.20664675628848445	0.99965107714437	0.9137282037714414	0.5743808451757806	0.9613003720871429	0.873890113477094	0.39518006059495137	0.7425430890950931	0.8997300697660279	0.7062555941067792	0.4954497426695681	
0.04269909650295356	0.06895753507577362	0.026787714805699192	0.0	-0.9025157513978684	-0.1803630815316713	0.9999999302929855	0.902515764232442	0.5961028329132058	0.9683354852295762	0.8865986514651242	0.4196455415488434	0.7602189894317419	0.9110986091040264	0.724966699333574	0.5185407376018389	
0.9200812950952076	0.9300644338295375	0.9137281916619846	0.9025157513978684	0.0	0.8100399885734191	0.4303198323444972	2.980232238769532e-08	0.9813529702210496	0.642335650221719	0.7992690038897571	0.9999259991909618	0.9137281271714548	0.764377428263193	0.933850206501162	0.9950118507691216	
0.2221974220125995	0.24776038300384123	0.20664675628848445	0.1803630815316713	-0.8100399885734191	0.0	0.9835326881984566	0.8100400060487446	0.731141785302786	0.9974829815965994	0.9554835809576548	0.5764768131669614	0.8649273998845297	0.9705002643622069	0.8373085085854377	0.6642567022221525	
-0.9991038511118052	-0.997645273969179	-0.99965107714437	-0.9999999302929855	-0.4303198323444972	-0.9835326881984566	0.0	0.43031980544264126	-0.8031306152517587	-0.25001407614184373	-0.4628705531983672	-0.9078446876263868	-0.6499507122089327	-0.4125286164647149	-0.6890545588035194	-0.8552464784638704	
-0.9200813067695953	-0.9300644447788042	-0.9137282037714414	-0.902515764232442	-2.980232238769532e-08	-0.8100400060487446	-0.43031980544264126	0.0	-0.9813529644926156	-0.6423356273805196	-0.7992689859793527	-0.9999259995535174	-0.9137281150619924	-0.7643774090475769	-0.9338501958419329	-0.9950118477961369	
-0.5612757235019845	-0.5393173040780472	-0.5743808451757806	-0.5961028329132058	-0.9813529702210496	-0.731141785302786	0.8031306152517587	0.9813529644926156	0.0	0.6286658187886262	0.43613610280066095	-0.20413862239740735	0.22311769945955337	0.4858217434175397	0.17149558869271853	-0.0933589135358616	
-0.9567924039919529	-0.9488150321700133	-0.9613003720871429	-0.9683354852295762	-0.642335650221719	-0.9974829815965994	0.25001407614184373	0.6423356273805196	-0.6286658187886262	0.0	-0.22655185476741918	-0.7741809876942579	-0.43930492059651693	-0.17167863293338848	-0.48598413485767533	-0.6985230789527226	
-0.8660400330190112	-0.8525926015655942	-0.873890113477094	-0.8865986514651242	-0.7992690038897571	-0.9554835809576548	0.4628705531983672	0.7992689859793527	-0.43613610280066095	0.22655185476741918	0.0	-0.6106523543921425	-0.22436245641269975	0.055973406067593046	-0.27534912464393607	-0.5182431725318956	
-0.3805053552605881	-0.35605468419759817	-0.39518006059495137	-0.4196455415488434	-0.9999259991909618	-0.5764768131669614	0.9078446876263868	0.9999259995535174	0.20413862239740735	0.7741809876942579	0.6106523543921425	0.0	0.41741188147986924	0.6540202831079514	0.368998518932004	0.1118540901340002	
-0.7317854628573854	-0.713609932697149	-0.7425430890950931	-0.7602189894317419	-0.9137281271714548	-0.8649273998845297	0.6499507122089327	0.9137281150619924	-0.22311769945955337	0.43930492059651693	0.22436245641269975	-0.41741188147986924	0.0	0.2785571213766351	-0.05263974146668987	-0.31314871368786096	
-0.8926675921189781	-0.8805063263303656	-0.8997300697660279	-0.9110986091040264	-0.764377428263193	-0.9705002643622069	0.4125286164647149	0.7643774090475769	-0.4858217434175397	0.17167863293338848	-0.055973406067593046	-0.6540202831079514	-0.2785571213766351	0.0	-0.328727163578194	-0.5653010233115161	
-0.6948950625688968	-0.6757441445714664	-0.7062555941067792	-0.724966699333574	-0.933850206501162	-0.8373085085854377	0.6890545588035194	0.9338501958419329	-0.17149558869271853	0.48598413485767533	0.27534912464393607	-0.368998518932004	0.05263974146668987	0.328727163578194	0.0	-0.2627223757523205	
-0.48155782954657195	-0.45834405914165854	-0.4954497426695681	-0.5185407376018389	-0.9950118507691216	-0.6642567022221525	0.8552464784638704	0.9950118477961369	0.0933589135358616	0.6985230789527226	0.5182431725318956	-0.1118540901340002	0.31314871368786096	0.5653010233115161	0.2627223757523205	0.0	
