0.0	-0.3111718147154843	-0.8619786302614144	-0.2913812963387258	0.8967361419074718	0.6753999752587477	0.10926811588081514	0.6107156277342866	0.5713089149737971	0.047669889285791966	0.6542477764976833	0.9607455296480547	0.7931920931825761	0.8619786302614144	0.9644756895857045	0.5247923341525259	
0.3111718147154843	0.0	-0.6614376810966086	0.020753849254673606	0.9899304195793275	0.8713430014740294	0.41315197050797553	0.8267972407068437	0.7983351592707015	0.3561213116826201	0.8570998808199202	0.9993767874622612	0.9433077890170212	0.6614376810966086	0.8343902510433565	0.7636171957265488	
0.8619786302614144	0.6614376810966086	0.0	0.6768606074138928	0.8360776283744585	0.9780579058192448	0.9122102549737845	0.9921567758720694	0.997078104426919	0.8851646787984321	0.9835648173886702	0.7261844692586992	0.9270248893741234	0.0	0.26122546535434765	0.9997829660175479	
0.2913812963387258	-0.020753849254673606	-0.6768606074138928	0.0	0.9867793968849097	0.8609719451720568	0.3941632402310961	0.8149451199935221	0.7856649643664916	0.3366513874141724	0.8462239240224184	0.9998941325726683	0.9362160123932668	0.6768606074138928	0.8456495210321917	0.7500526023019016	
-0.8967361419074718	-0.9899304195793275	-0.8360776283744585	-0.9867793968849097	0.0	-0.36239072819382423	-0.8430084597928729	-0.4397987982609323	-0.4831411768496314	-0.8746196304320168	-0.3886363055381106	0.17641038801300862	-0.19504724680367447	0.8360776283744585	0.6637359803575229	-0.5310739425468288	
-0.6753999752587477	-0.8713430014740294	-0.9780579058192448	-0.8609719451720568	0.36239072819382423	0.0	-0.5907759440560933	-0.08444224880823116	-0.13301179644218325	-0.6394779066712045	-0.02831560122790855	0.5211263625479154	0.17364143955357111	0.9780579058192448	0.8896756525157832	-0.1879119661377609	
-0.10926811588081514	-0.41315197050797553	-0.9122102549737845	-0.3941632402310961	0.8430084597928729	0.5907759440560933	0.0	0.5205348963210004	0.47820791684277497	-0.06175943691369978	0.567693025549673	0.9246785104007087	0.7219015375590234	0.9122102549737845	0.9875662463180432	0.4286377121055085	
-0.6107156277342866	-0.8267972407068437	-0.9921567758720694	-0.8149451199935221	0.4397987982609323	0.08444224880823116	-0.5205348963210004	0.0	-0.04884479482403989	-0.5722739305625618	0.05619392173079879	0.5913348257604925	0.2561807390896083	0.9921567758720694	0.925053810545697	-0.1043028310423887	
-0.5713089149737971	-0.7983351592707015	-0.997078104426919	-0.7856649643664916	0.4831411768496314	0.13301179644218325	-0.47820791684277497	0.04884479482403989	0.0	-0.5315350674426724	0.10489446143194266	0.6300187165549717	0.30308974705746056	0.997078104426919	0.9425026638032297	-0.055599958151696285	
-0.047669889285791966	-0.3561213116826201	-0.8851646787984321	-0.3366513874141724	0.8746196304320168	0.6394779066712045	0.06175943691369978	0.5722739305625618	0.5315350674426724	0.0	0.6174521946401749	0.9464281900583964	0.763260743884388	0.8851646787984321	0.9759722520195449	0.48361766749333235	
-0.6542477764976833	-0.8570998808199202	-0.9835648173886702	-0.8462239240224184	0.3886363055381106	0.02831560122790855	-0.567693025549673	-0.05619392173079879	-0.10489446143194266	-0.6174521946401749	0.0	0.5450841941906647	0.20145727232421365	0.9835648173886702	0.9022476292650783	-0.16002543606876143	
-0.9607455296480547	-0.9993767874622612	-0.7261844692586992	-0.9998941325726683	-0.17641038801300862	-0.5211263625479154	-0.9246785104007087	-0.5913348257604925	-0.6300187165549717	-0.9464281900583964	-0.5450841941906647	0.0	-0.36501048643777495	0.7261844692586992	0.5213772742242981	-0.6722219695821435	
-0.7931920931825761	-0.9433077890170212	-0.9270248893741234	-0.9362160123932668	0.19504724680367447	-0.17364143955357111	-0.7219015375590234	-0.2561807390896083	-0.30308974705746056	-0.763260743884388	-0.20145727232421365	0.36501048643777495	0.0	0.9270248893741234	0.7968770589787086	-0.3556055536303139	
-0.8619786302614144	-0.6614376810966086	-0.0	-0.6768606074138928	-0.8360776283744585	-0.9780579058192448	-0.9122102549737845	-0.9921567758720694	-0.997078104426919	-0.8851646787984321	-0.9835648173886702	-0.7261844692586992	-0.9270248893741234	0.0	-0.26122546535434765	-0.9997829660175479	
-0.9644756895857045	-0.8343902510433565	-0.26122546535434765	-0.8456495210321917	-0.6637359803575229	-0.8896756525157832	-0.9875662463180432	-0.925053810545697	-0.9425026638032297	-0.9759722520195449	-0.9022476292650783	-0.5213772742242981	-0.7968770589787086	0.26122546535434765	0.0	-0.9596261610703359	
-0.5247923341525259	-0.7636171957265488	-0.9997829660175479	-0.7500526023019016	0.5310739425468288	0.1879119661377609	-0.4286377121055085	0.1043028310423887	0.055599958151696285	-0.48361766749333235	0.16002543606876143	0.6722219695821435	0.3556055536303139	0.9997829660175479	0.9596261610703359	0.0	
