0.0	-0.16439420725712717	-0.7326040293763537	0.6032112475071549	0.9678580640053716	0.8703735676745057	0.6794263820049743	0.5562218595624404	0.8444773252139885	0.7478774761001248	0.10377415908911605	0.07960490328645073	-0.20995904608284296	-0.9678580587054673	-0.37813255833235115	-0.10030049680448744	
0.16439420725712717	0.0	-0.6107409947139779	0.7261221622953791	0.9133454257789911	0.9394782796760727	0.7908058071698174	0.6852714549991994	0.9210360833534208	0.8468333164690434	0.2658689069622764	0.24239435760046243	-0.046372604364785186	-0.9133454171981955	-0.2207997815683208	0.06462931802757516	
0.7326040293763537	0.6107409947139779	0.0	0.9948901930350427	0.47452975191242847	0.9531525308728982	0.999998595747746	0.9874139731961228	0.9671741292103673	0.995376107881067	0.7992830256679293	0.7844625878891707	0.5733647274814778	-0.47452973336276866	0.42083140459483276	0.6606396040564724	
-0.6032112475071549	-0.7261221622953791	-0.9948901930350427	0.0	0.9236515025374646	0.397177449039617	0.09929544608368274	-0.05765671447807952	0.3504647609934598	0.19605939502179698	-0.5171860959852573	-0.5378055578011567	-0.7572252215153061	-0.9236515106135061	-0.8600152131899821	-0.6801671849485301	
-0.9678580640053716	-0.9133454257789911	-0.47452975191242847	-0.9236515025374646	0.0	-0.6954619271292667	-0.8810334730787346	-0.944210962137173	-0.7307599237201818	-0.8305887698355681	-0.9887313839434616	-0.9848069593688901	-0.8934806019506445	-2.1073424255447017e-08	-0.8008967929356802	-0.9377520604650849	
-0.8703735676745057	-0.9394782796760727	-0.9531525308728982	-0.397177449039617	0.6954619271292667	0.0	-0.30408701149275197	-0.44943071052159533	-0.05035066165582408	-0.20953712907833133	-0.8145767595153404	-0.8284146168395194	-0.9543552472479244	-0.6954619422718484	-0.991939037798115	-0.9153715985940987	
-0.6794263820049743	-0.7908058071698174	-0.999998595747746	-0.09929544608368274	0.8810334730787346	0.30408701149275197	0.0	-0.15650203966358184	0.2557350389351227	0.09772214635593929	-0.5996144483910063	-0.618860623511261	-0.8183382148740586	-0.8810334830476005	-0.9064323418505978	-0.7495950198609452	
-0.5562218595624404	-0.6852714549991994	-0.9874139731961228	0.05765671447807952	0.944210962137173	0.44943071052159533	0.15650203966358184	0.0	0.40388164196337195	0.25227095817041717	-0.4669789168422517	-0.4883023177710875	-0.7183068475290215	-0.9442109690775207	-0.8291641512822121	-0.6367700455173153	
-0.8444773252139885	-0.9210360833534208	-0.9671741292103673	-0.3504647609934598	0.7307599237201818	0.05035066165582408	-0.2557350389351227	-0.40388164196337195	0.0	-0.160038440632023	-0.7843373590814013	-0.7991616773286598	-0.9381063186147984	-0.7307599381056293	-0.9843006287630247	-0.8939388607755641	
-0.7478774761001248	-0.8468333164690434	-0.995376107881067	-0.19605939502179698	0.8305887698355681	0.20953712907833133	-0.09772214635593929	-0.25227095817041717	0.160038440632023	0.0	-0.6749504964835882	-0.6926594192445045	-0.870585961588258	-0.8305887815710681	-0.9433669693249538	-0.8106892318445363	
-0.10377415908911605	-0.2658689069622764	-0.7992830256679293	0.5171860959852573	0.9887313839434616	0.8145767595153404	0.5996144483910063	0.4669789168422517	0.7843373590814013	0.6749504964835882	0.0	-0.024269723787089942	-0.3102865053290882	-0.9887313807887584	-0.4721600572576944	-0.203009808805475	
-0.07960490328645073	-0.24239435760046243	-0.7844625878891707	0.5378055578011567	0.9848069593688901	0.8284146168395194	0.618860623511261	0.4883023177710875	0.7991616773286598	0.6926594192445045	0.024269723787089942	0.0	-0.2871232642536476	-0.9848069557094333	-0.45062690798773475	-0.17918566348820217	
0.20995904608284296	0.046372604364785186	-0.5733647274814778	0.7572252215153061	0.8934806019506445	0.9543552472479244	0.8183382148740586	0.7183068475290215	0.9381063186147984	0.870585961588258	0.3102865053290882	0.2871232642536476	0.0	-0.8934805924865318	-0.17533415847987494	0.11083544561555897	
0.9678580587054673	0.9133454171981955	0.47452973336276866	0.9236515106135061	2.1073424255447017e-08	0.6954619422718484	0.8810334830476005	0.9442109690775207	0.7307599381056293	0.8305887815710681	0.9887313807887584	0.9848069557094333	0.8934805924865318	0.0	0.8008967803168627	0.9377520531461696	
0.37813255833235115	0.2207997815683208	-0.42083140459483276	0.8600152131899821	0.8008967929356802	0.991939037798115	0.9064323418505978	0.8291641512822121	0.9843006287630247	0.9433669693249538	0.4721600572576944	0.45062690798773475	0.17533415847987494	-0.8008967803168627	0.0	0.28337237626508494	
0.10030049680448744	-0.06462931802757516	-0.6606396040564724	0.6801671849485301	0.9377520604650849	0.9153715985940987	0.7495950198609452	0.6367700455173153	0.8939388607755641	0.8106892318445363	0.203009808805475	0.17918566348820217	-0.11083544561555897	-0.9377520531461696	-0.28337237626508494	0.0	
