0.0	-0.18208368036539507	-0.861599545218393	0.12458675610612174	0.1172820195893517	0.03103187358595949	0.07655990775321281	0.5377821668740688	0.9759369168289014	0.966610739411901	0.861599545218393	0.9003465832520918	0.9999760393171145	0.8117923482174383	0.3819971864167337	-0.027625821803510198	
0.18208368036539507	0.0	-0.7547726115869382	0.3031690591477134	0.2961484776450457	0.21250910297725523	0.25682932039142436	0.6823038892241742	0.9993261193291008	0.9037931380235303	0.7547726115869382	0.8060575199058472	0.9819990066793647	0.9045487227726743	0.5438864429300215	0.15485018324524313	
0.861599545218393	0.7547726115869382	0.0	0.9181254018763081	0.9151843652547093	0.8769360213426776	0.8979316751625015	0.999372759462572	0.6832489008905391	0.26985638921660615	0.0	0.08206035030817259	0.5016120646113172	0.9151843652547091	0.99015627049353	0.8472481488806508	
-0.12458675610612174	-0.3031690591477134	-0.9181254018763081	0.0	-0.007358696941023424	-0.0937366590463295	-0.048257683944530394	0.428555075139121	0.9411665944982487	0.9910048655110077	0.9181254018763081	0.9475485917527063	0.9930473939540111	0.7327154803466187	0.26388240775815164	-0.15194978683314314	
-0.1172820195893517	-0.2961484776450457	-0.9151843652547093	0.007358696941023424	0.0	-0.08640782428038357	-0.04090625387492641	0.4351921696854541	0.94362793166513	0.9899932496534043	0.9151843652547093	0.9451710103723895	0.9938867372629521	0.7377034932245997	0.27097312987573946	-0.14467242337546987	
-0.03103187358595949	-0.21250910297725523	-0.8769360213426776	0.0937366590463295	0.08640782428038357	0.0	0.045582241639923804	0.5113606977578176	0.9687003063512969	0.97409710962383	0.8769360213426776	0.9134172232297274	0.9997092639599982	0.7932804401591834	0.3531346903473179	-0.058632546861302814	
-0.07655990775321281	-0.25682932039142436	-0.8979316751625015	0.048257683944530394	0.04090625387492641	-0.045582241639923804	0.0	0.47165734702798345	0.9563784037833634	0.9833921395471351	0.8979316751625015	0.9310208986626924	0.9975710775171968	0.7647028555138062	0.3101221469523427	-0.10407542700062622	
-0.5377821668740688	-0.6823038892241742	-0.999372759462572	-0.428555075139121	-0.4351921696854541	-0.5113606977578176	-0.47165734702798345	0.0	0.7055315878136525	0.9527401596137546	0.999372759462572	0.9930962256453859	0.846786415825018	0.3703731389874733	-0.17494299205499378	-0.5608677973835116	
-0.9759369168289014	-0.9993261193291008	-0.6832489008905391	-0.9411665944982487	-0.94362793166513	-0.9687003063512969	-0.9563784037833634	-0.7055315878136525	0.0	0.46085552739340235	0.6832489008905391	0.621025267623904	0.22480373750690508	-0.3928808690352535	-0.8186296104218169	-0.981588329850674	
-0.966610739411901	-0.9037931380235303	-0.26985638921660615	-0.9910048655110077	-0.9899932496534043	-0.97409710962383	-0.9833921395471351	-0.9527401596137546	-0.46085552739340235	0.0	0.26985638921660615	0.18993030233164318	-0.24955176287162006	-0.7724698646918807	-0.9911928436792399	-0.9591627209673752	
-0.861599545218393	-0.7547726115869382	-0.0	-0.9181254018763081	-0.9151843652547093	-0.8769360213426776	-0.8979316751625015	-0.999372759462572	-0.6832489008905391	-0.26985638921660615	0.0	-0.08206035030817259	-0.5016120646113172	-0.9151843652547091	-0.99015627049353	-0.8472481488806508	
-0.9003465832520918	-0.8060575199058472	-0.08206035030817259	-0.9475485917527063	-0.9451710103723895	-0.9134172232297274	-0.9310208986626924	-0.9930962256453859	-0.621025267623904	-0.18993030233164318	0.08206035030817259	0.0	-0.4289305007827159	-0.879024549204726	-0.9983025140436537	-0.8879809244005252	
-0.9999760393171145	-0.9819990066793647	-0.5016120646113172	-0.9930473939540111	-0.9938867372629521	-0.9997092639599982	-0.9975710775171968	-0.846786415825018	-0.22480373750690508	0.24955176287162006	0.5016120646113172	0.4289305007827159	0.0	-0.5895518443647495	-0.9267857124001965	-0.9994031432892767	
-0.8117923482174383	-0.9045487227726743	-0.9151843652547091	-0.7327154803466187	-0.7377034932245997	-0.7932804401591834	-0.7647028555138062	-0.3703731389874733	0.3928808690352535	0.7724698646918807	0.9151843652547091	0.879024549204726	0.5895518443647495	0.0	-0.5271630351559109	-0.8276145089118416	
-0.3819971864167337	-0.5438864429300215	-0.99015627049353	-0.26388240775815164	-0.27097312987573946	-0.3531346903473179	-0.3101221469523427	0.17494299205499378	0.8186296104218169	0.9911928436792399	0.99015627049353	0.9983025140436537	0.9267857124001965	0.5271630351559109	0.0	-0.40738216692826545	
0.027625821803510198	-0.15485018324524313	-0.8472481488806508	0.15194978683314314	0.14467242337546987	0.058632546861302814	0.10407542700062622	0.5608677973835116	0.981588329850674	0.9591627209673752	0.8472481488806508	0.8879809244005252	0.9994031432892767	0.8276145089118416	0.40738216692826545	0.0	
