0.0	0.5032960855609944	0.9945188193404338	0.6090540582525017	-0.1631530075717419	0.17097930199705555	-0.1467076176444385	-0.9945188193404338	-0.6566452364254702	-0.2624771858728189	0.39061709102577996	0.8688572973055538	0.8273399576602993	0.9712382989213458	0.23955554063830625	-0.968582560751801	
-0.5032960855609944	0.0	0.9120011551001459	0.12711357824466457	-0.6375351120841587	-0.348139246780775	-0.6246224818330129	-0.9120011551001459	-0.9470020643835129	-0.7124598359736762	-0.1257731406280046	0.5016286990139001	0.43221388696642804	0.719421023007934	-0.2816381404968873	-0.9621315998557897	
-0.9945188193404338	-0.9120011551001459	0.0	-0.8524627375324498	-0.9641341339932007	-0.9977513594890822	-0.96841861161917	-0.0	-0.681408361224072	-0.9322051803236482	-0.95634956708031	-0.5831948343927714	-0.645127513988896	-0.3383549146689972	-0.9906084609921991	-0.14605630886492202	
-0.6090540582525017	-0.12711357824466457	0.8524627375324498	0.0	-0.7302945428033804	-0.4644769126524243	-0.7188220564011664	-0.8524627375324498	-0.980152516578904	-0.795877718165267	-0.25085706307794575	0.387595771996522	0.31408048658038673	0.6252953821411266	-0.4013216477971382	-0.9196776482508602	
0.1631530075717419	0.6375351120841587	0.9641341339932007	0.7302945428033804	0.0	0.32943883011526903	0.016645825965637295	-0.9641341339932007	-0.5247967687426268	-0.10152762671466148	0.5355741576528599	0.9379862411769259	0.9078975381985952	0.9970727540823446	0.39474810915477776	-0.9150294239265755	
-0.17097930199705555	0.348139246780775	0.9977513594890822	0.4644769126524243	-0.32943883011526903	0.0	-0.3136765812180776	-0.9977513594890822	-0.7759284071008009	-0.4235965694129753	0.22746955388546203	0.771417583012318	0.7191177296660831	0.9162246387690972	0.07002715461772364	-0.9968410383294701	
0.1467076176444385	0.6246224818330129	0.96841861161917	0.7188220564011664	-0.016645825965637295	0.3136765812180776	0.0	-0.96841861161917	-0.5388934431856671	-0.11807337224795073	0.5214427495011841	0.932085632067684	0.9007939481555243	0.9956618911433519	0.3793994080991413	-0.9216173568381081	
0.9945188193404338	0.9120011551001459	0.0	0.8524627375324498	0.9641341339932007	0.9977513594890822	0.96841861161917	0.0	0.681408361224072	0.9322051803236482	0.95634956708031	0.5831948343927714	0.645127513988896	0.3383549146689972	0.9906084609921991	0.14605630886492202	
0.6566452364254702	0.9470020643835129	0.681408361224072	0.980152516578904	0.5247967687426268	0.7759284071008009	0.5388934431856671	-0.681408361224072	0.0	0.4356618834359657	0.8990801602284811	0.9803723348876681	0.9928180889800973	0.8888610485529633	0.8181981674127036	-0.5672020126679644	
0.2624771858728189	0.7124598359736762	0.9322051803236482	0.795877718165267	0.10152762671466148	0.4235965694129753	0.11807337224795073	-0.9322051803236482	-0.4356618834359657	0.0	0.6185455789193475	0.96833623831865	0.9457657618227948	0.9996832639840038	0.4859908406980583	-0.8693462757673395	
-0.39061709102577996	0.1257731406280046	0.95634956708031	0.25085706307794575	-0.5355741576528599	-0.22746955388546203	-0.5214427495011841	-0.95634956708031	-0.8990801602284811	-0.6185455789193475	0.0	0.6064494896345575	0.5422002751433608	0.8010669066386524	-0.15871972930773703	-0.9887752589774665	
-0.8688572973055538	-0.5016286990139001	0.5831948343927714	-0.387595771996522	-0.9379862411769259	-0.771417583012318	-0.932085632067684	-0.5831948343927714	-0.9803723348876681	-0.96833623831865	-0.6064494896345575	0.0	-0.07845337575347994	0.2739405397945883	-0.7249634921272077	-0.6955870743069097	
-0.8273399576602993	-0.43221388696642804	0.645127513988896	-0.31408048658038673	-0.9078975381985952	-0.7191177296660831	-0.9007939481555243	-0.645127513988896	-0.9928180889800973	-0.9457657618227948	-0.5422002751433608	0.07845337575347994	0.0	0.3485484656061315	-0.668691309654663	-0.7498073092248572	
-0.9712382989213458	-0.719421023007934	0.3383549146689972	-0.6252953821411266	-0.9970727540823446	-0.9162246387690972	-0.9956618911433519	-0.3383549146689972	-0.8888610485529633	-0.9996832639840038	-0.8010669066386524	-0.2739405397945883	-0.3485484656061315	0.0	-0.8859179584196484	-0.47216818981181086	
-0.23955554063830625	0.2816381404968873	0.9906084609921991	0.4013216477971382	-0.39474810915477776	-0.07002715461772364	-0.3793994080991413	-0.9906084609921991	-0.8181981674127036	-0.4859908406980583	0.15871972930773703	0.7249634921272077	0.668691309654663	0.8859179584196484	0.0	-0.9999556152627997	
0.968582560751801	0.9621315998557897	0.14605630886492202	0.9196776482508602	0.9150294239265755	0.9968410383294701	0.9216173568381081	-0.14605630886492202	0.5672020126679644	0.8693462757673395	0.9887752589774665	0.6955870743069097	0.7498073092248572	0.47216818981181086	0.9999556152627997	0.0	
