0.0	0.9620913247495456	0.9553568218481565	0.8149399211212365	0.6277575907525654	0.761872462674131	0.9980449718699056	0.7570049434971833	0.9696950590583927	0.917503704156838	0.9863315192731611	0.99985471365205	0.9315410868875187	0.899218513602867	0.0	0.8108693691644218	
-0.9620913247495456	0.0	0.5448062473841517	0.7798321644649577	0.9201071955892102	0.8309561530611212	0.33232488394123594	-0.4221832165891892	0.029405861349095563	0.6328784023672256	0.11047306569301177	0.2562884659355043	0.6039079850534678	0.6661563575313727	0.9620913247495456	0.784188370687086	
-0.9553568218481565	-0.5448062473841517	0.0	0.31289505497513925	0.5581844623666121	0.39371184664557124	-0.23516716665209145	-0.8478993808291454	-0.5199120115968108	0.10889085722336994	-0.4488330428133045	-0.3116961482421762	0.07217423925544514	0.1522902793546398	0.9553568218481565	0.3195258116444426	
-0.8149399211212365	-0.7798321644649577	-0.31289505497513925	0.0	0.27054242975159487	0.08631892636495803	-0.5274787776234141	-0.9712079682947236	-0.7610871937118497	-0.20761129330914552	-0.7059040183006661	-0.5933523654135576	-0.24352883176923779	-0.16460195228356733	0.8149399211212365	0.006989350724942223	
-0.6277575907525654	-0.9201071955892102	-0.5581844623666121	-0.27054242975159487	0.0	-0.18643271979171344	-0.7376523136551543	-0.9994419342268515	-0.9081920044543378	-0.464516753834589	-0.8712067149918183	-0.7889962908243716	-0.4968445541521075	-0.42531587613177474	0.6277575907525654	-0.26380711731127493	
-0.761872462674131	-0.8309561530611212	-0.39371184664557124	-0.08631892636495803	0.18643271979171344	0.0	-0.5988438081185179	-0.9881470273798054	-0.8142372140382604	-0.29127455391374457	-0.7644096140986522	-0.660619512336351	-0.32634005327810617	-0.24912912737126852	0.761872462674131	-0.07935355459114651	
-0.9980449718699056	-0.33232488394123594	0.23516716665209145	0.5274787776234141	0.7376523136551543	0.5988438081185179	0.0	-0.6994444281997095	-0.3044465929190785	0.33960580132364143	-0.22609643630733173	-0.07950304189391326	0.30470396814421596	0.38044342104192436	0.9980449718699056	0.5334038236937886	
-0.7570049434971833	0.4221832165891892	0.8478993808291454	0.9712079682947236	0.9994419342268515	0.9881470273798054	0.6994444281997095	0.0	0.448657368015809	0.9005867966885315	0.5197440798181152	0.6404106335397682	0.8839517836536461	0.9187471059598613	0.7570049434971833	0.9728493415053527	
-0.9696950590583927	-0.029405861349095563	0.5199120115968108	0.7610871937118497	0.9081920044543378	0.8142372140382604	0.3044465929190785	-0.448657368015809	0.0	0.6098371931596898	0.08119942052475546	0.22775391939997364	0.5802087669126141	0.6439370334060952	0.9696950590583927	0.7656022429847702	
-0.917503704156838	-0.6328784023672256	-0.10889085722336994	0.20761129330914552	0.464516753834589	0.29127455391374457	-0.33960580132364143	-0.9005867966885315	-0.6098371931596898	0.0	-0.5434707243361239	-0.4133088270497247	-0.03686180369788167	0.043763983970657394	0.917503704156838	0.21444328482072722	
-0.9863315192731611	-0.11047306569301177	0.4488330428133045	0.7059040183006661	0.8712067149918183	0.7644096140986522	0.22609643630733173	-0.5197440798181152	-0.08119942052475546	0.5434707243361239	0.0	0.14793645140772332	0.5121585321848612	0.5796867427496627	0.9863315192731611	0.7108373855735769	
-0.99985471365205	-0.2562884659355043	0.3116961482421762	0.5933523654135576	0.7889962908243716	0.660619512336351	0.07950304189391326	-0.6404106335397682	-0.22775391939997364	0.4133088270497247	-0.14793645140772332	0.0	0.3794619075778123	0.4527639211676053	0.99985471365205	0.5989639001010402	
-0.9315410868875187	-0.6039079850534678	-0.07217423925544514	0.24352883176923779	0.4968445541521075	0.32634005327810617	-0.30470396814421596	-0.8839517836536461	-0.5802087669126141	0.03686180369788167	-0.5121585321848612	-0.3794619075778123	0.0	0.08056072710072565	0.9315410868875187	0.25030181032286847	
-0.899218513602867	-0.6661563575313727	-0.1522902793546398	0.16460195228356733	0.42531587613177474	0.24912912737126852	-0.38044342104192436	-0.9187471059598613	-0.6439370334060952	-0.043763983970657394	-0.5796867427496627	-0.4527639211676053	-0.08056072710072565	0.0	0.899218513602867	0.17149194825191172	
-0.0	-0.9620913247495456	-0.9553568218481565	-0.8149399211212365	-0.6277575907525654	-0.761872462674131	-0.9980449718699056	-0.7570049434971833	-0.9696950590583927	-0.917503704156838	-0.9863315192731611	-0.99985471365205	-0.9315410868875187	-0.899218513602867	0.0	-0.8108693691644218	
-0.8108693691644218	-0.784188370687086	-0.3195258116444426	-0.006989350724942223	0.26380711731127493	0.07935355459114651	-0.5334038236937886	-0.9728493415053527	-0.7656022429847702	-0.21444328482072722	-0.7108373855735769	-0.5989639001010402	-0.25030181032286847	-0.17149194825191172	0.8108693691644218	0.0	
