0.0	0.2683611611431672	0.38379200709357786	-0.2914228024298012	-0.7545435308101339	0.2766687747726359	0.8756332804346674	0.9903383814432875	0.7049079396157361	0.7240981896909485	0.7545435308101339	0.9771077215661346	0.8715909865001484	0.9999762209208305	0.8331008563173089	0.0848704599469417	
-0.2683611611431672	0.0	0.12190394471531862	-0.537445710282655	-0.9029776577467227	0.008634338819151544	0.7139014761570979	0.9167970113643927	0.4887025180318278	0.5124492292752225	0.9029776577467227	0.8841732838006843	0.7080599062083491	0.9614447932820245	0.6541051376614082	-0.18563563900540692	
-0.38379200709357786	-0.12190394471531862	0.0	-0.6362387833235654	-0.9486237638772206	-0.11332945747236922	0.6232143603789817	0.8612766795442011	0.37870257131804913	0.40394627930051014	0.9486237638772206	0.8206304988380484	0.6166963669724843	0.9207509012073126	0.5570181700874229	-0.3040362397887808	
0.2914228024298012	0.537445710282655	0.6362387833235654	0.0	-0.5305458647476572	0.5447069998214886	0.9783762314614384	0.9877642479809867	0.8810167981245011	0.8936616399811906	0.5305458647476572	0.9966945145923278	0.9766243130849042	0.9585813132681111	0.9581316762240147	0.3715579495678489	
0.7545435308101339	0.9029776577467227	0.9486237638772206	0.5305458647476572	0.0	0.9066540652923828	0.9390611781091122	0.7545435308101339	0.9977926598212024	0.9955957685880625	0.0	0.8017524199944919	0.9418843053547247	0.6614378772671076	0.9640763913451722	0.807517372152454	
-0.2766687747726359	-0.008634338819151544	0.11332945747236922	-0.5447069998214886	-0.9066540652923828	0.0	0.7078287017502676	0.9133146826252281	0.4811512677735452	0.5050156688520582	0.9066540652923828	0.8801067150660443	0.7019363533258689	0.9590345278355705	0.6475497095222038	-0.1941129814865043	
-0.8756332804346674	-0.7139014761570979	-0.6232143603789817	-0.9783762314614384	-0.9390611781091122	-0.7078287017502676	0.0	0.35688451241725766	-0.28063162830579486	-0.25419910439341575	0.9390611781091122	0.2856333899063361	-0.008306989881475935	0.4769265325719488	-0.0819630664114846	-0.8314835471557023	
-0.9903383814432875	-0.9167970113643927	-0.8612766795442011	-0.9877642479809867	-0.7545435308101339	-0.9133146826252281	-0.35688451241725766	0.0	-0.6046949227696434	-0.5826212529589273	0.7545435308101339	-0.0751923267598778	-0.3646321608513726	0.13183900941404875	-0.43224940381594024	-0.9749960880654231	
-0.7049079396157361	-0.4887025180318278	-0.37870257131804913	-0.8810167981245011	-0.9977926598212024	-0.4811512677735452	0.28063162830579486	0.6046949227696434	0.0	0.02742916199370414	0.9977926598212024	0.5430955925539251	0.2726487674359741	0.7044207527850801	0.20101798037552324	-0.6421661113666319	
-0.7240981896909485	-0.5124492292752225	-0.40394627930051014	-0.8936616399811906	-0.9955957685880625	-0.5050156688520582	0.25419910439341575	0.5826212529589273	-0.02742916199370414	0.0	0.9955957685880625	0.5198597842677966	0.2461562124771658	0.6846869711554427	0.17407308166668672	-0.6629507458386227	
-0.7545435308101339	-0.9029776577467227	-0.9486237638772206	-0.5305458647476572	-0.0	-0.9066540652923828	-0.9390611781091122	-0.7545435308101339	-0.9977926598212024	-0.9955957685880625	0.0	-0.8017524199944919	-0.9418843053547247	-0.6614378772671076	-0.9640763913451722	-0.807517372152454	
-0.9771077215661346	-0.8841732838006843	-0.8206304988380484	-0.9966945145923278	-0.8017524199944919	-0.8801067150660443	-0.2856333899063361	0.0751923267598778	-0.5430955925539251	-0.5198597842677966	0.8017524199944919	0.0	-0.2935844465783613	0.20600176331686187	-0.36322073852629677	-0.9555265316586123	
-0.8715909865001484	-0.7080599062083491	-0.6166963669724843	-0.9766243130849042	-0.9418843053547247	-0.7019363533258689	0.008306989881475935	0.3646321608513726	-0.2726487674359741	-0.2461562124771658	0.9418843053547247	0.2935844465783613	0.0	0.4842114488281155	-0.07368119847438809	-0.8268399148929853	
-0.9999762209208305	-0.9614447932820245	-0.9207509012073126	-0.9585813132681111	-0.6614378772671076	-0.9590345278355705	-0.4769265325719488	-0.13183900941404875	-0.7044207527850801	-0.6846869711554427	0.6614378772671076	-0.20600176331686187	-0.4842114488281155	0.0	-0.5473627268409147	-0.9957830165957755	
-0.8331008563173089	-0.6541051376614082	-0.5570181700874229	-0.9581316762240147	-0.9640763913451722	-0.6475497095222038	0.0819630664114846	0.43224940381594024	-0.20101798037552324	-0.17407308166668672	0.9640763913451722	0.36322073852629677	0.07368119847438809	0.5473627268409147	0.0	-0.7831513800660412	
-0.0848704599469417	0.18563563900540692	0.3040362397887808	-0.3715579495678489	-0.807517372152454	0.1941129814865043	0.8314835471557023	0.9749960880654231	0.6421661113666319	0.6629507458386227	0.807517372152454	0.9555265316586123	0.8268399148929853	0.9957830165957755	0.7831513800660412	0.0	
