0.0	-0.5844769609565112	-0.8242840490005534	-0.30474342006651334	0.2234788798064885	0.8574470459736118	0.9998995477148884	0.7641733650821211	0.7811761994268287	0.8242840574372403	0.9472174960695399	0.8251361276093276	0.8677176371593893	0.24642935696201446	0.3096712344875998	0.2652995949095234	
0.5844769609565112	0.0	-0.33791546269864353	0.30940406196900094	0.751027886790341	0.9964969723850747	0.8196130120925296	0.9970521565656181	0.9987495894043759	0.3379154767232657	0.9559604784192537	0.9997148363029748	0.9945936561255388	0.7664074532132298	0.807016662062813	0.7787996535728741	
0.8242840490005534	0.33791546269864353	0.0	0.612537996685566	0.9299653787433557	0.90962001832295	0.5778027817388286	0.9643291867527939	0.9568928734130354	1.4901161193847656e-08	0.8005508627912441	0.9328387142428982	0.9009978396190672	0.9383862584435799	0.9590938578867598	0.9449530663035964	
0.30474342006651334	-0.30940406196900094	-0.612537996685566	0.0	0.5098850765212604	0.9734746318605445	0.956658160049616	0.9243878946010811	0.9342737034281714	0.6125380084640568	0.9998608080933546	0.958048007486073	0.977919186049733	0.5300531811931821	0.5847049213262825	0.5465037351641945	
-0.2234788798064885	-0.751027886790341	-0.9299653787433557	-0.5098850765212604	0.0	0.720765135316178	0.9714433321314728	0.6007001676962337	0.6218990569351227	0.9299653842217244	0.8516157364576957	0.6780166147889768	0.7346901519098537	0.023609895692492056	0.08934578555252043	0.043119099024607865	
-0.8574470459736118	-0.9964969723850747	-0.90962001832295	-0.9734746318605445	-0.720765135316178	0.0	0.5023673053704258	-0.1598403151670362	-0.1333417271854188	0.9096200121323931	0.21252142861555917	-0.05980882493388828	0.020302948992385605	-0.704198327983401	-0.6559499021281839	-0.6902055105796079	
-0.9998995477148884	-0.8196130120925296	-0.5778027817388286	-0.956658160049616	-0.9714433321314728	-0.5023673053704258	0.0	-0.6341149294845361	-0.6131757261263796	0.5778027695768522	-0.3071338597344259	-0.553181951257474	-0.48470872182604857	-0.9655705802021468	-0.9463589826243777	-0.9603088894363946	
-0.7641733650821211	-0.9970521565656181	-0.9643291867527939	-0.9243878946010811	-0.6007001676962337	0.1598403151670362	0.6341149294845361	0.0	0.02678562327093842	0.9643291828083683	0.36597800392953395	0.10051432107225222	0.17984927952845334	-0.5816572139807794	-0.5268681004119085	-0.5656688643705983	
-0.7811761994268287	-0.9987495894043759	-0.9568928734130354	-0.9342737034281714	-0.6218990569351227	0.1333417271854188	0.6131757261263796	-0.02678562327093842	0.0	0.9568928690851257	0.3409193608182527	0.07382828614517695	0.15343588807834196	-0.6032368527469528	-0.5494454223207812	-0.5875541979378496	
-0.8242840574372403	-0.3379154767232657	-1.4901161193847656e-08	-0.6125380084640568	-0.9299653842217244	-0.9096200121323931	-0.5778027695768522	-0.9643291828083683	-0.9568928690851257	0.0	-0.8005508538615025	-0.9328387088740957	-0.9009978331545921	-0.9383862635932458	-0.9590938621051037	-0.9449530711793442	
-0.9472174960695399	-0.9559604784192537	-0.8005508627912441	-0.9998608080933546	-0.8516157364576957	-0.21252142861555917	0.3071338597344259	-0.36597800392953395	-0.3409193608182527	0.8005508538615025	0.0	-0.27058355979889165	-0.19263846572482002	-0.8390028274531071	-0.8013777646351744	-0.8282220899362347	
-0.8251361276093276	-0.9997148363029748	-0.9328387142428982	-0.958048007486073	-0.6780166147889768	0.05980882493388828	0.553181951257474	-0.10051432107225222	-0.07382828614517695	0.9328387088740957	0.27058355979889165	0.0	0.08006310043973558	-0.6604732429966336	-0.6096316874048969	-0.6456914719423266	
-0.8677176371593893	-0.9945936561255388	-0.9009978396190672	-0.977919186049733	-0.7346901519098537	-0.020302948992385605	0.48470872182604857	-0.17984927952845334	-0.15343588807834196	0.9009978331545921	0.19263846572482002	-0.08006310043973558	0.0	-0.7184683355162373	-0.6711394495439447	-0.704754727158128	
-0.24642935696201446	-0.7664074532132298	-0.9383862584435799	-0.5300531811931821	-0.023609895692492056	0.704198327983401	0.9655705802021468	0.5816572139807794	0.6032368527469528	0.9383862635932458	0.8390028274531071	0.6604732429966336	0.7184683355162373	0.0	0.06580540831639331	0.01951914241792546	
-0.3096712344875998	-0.807016662062813	-0.9590938578867598	-0.5847049213262825	-0.08934578555252043	0.6559499021281839	0.9463589826243777	0.5268681004119085	0.5494454223207812	0.9590938621051037	0.8013777646351744	0.6096316874048969	0.6711394495439447	-0.06580540831639331	0.0	-0.04631603710371257	
-0.2652995949095234	-0.7787996535728741	-0.9449530663035964	-0.5465037351641945	-0.043119099024607865	0.6902055105796079	0.9603088894363946	0.5656688643705983	0.5875541979378496	0.9449530711793442	0.8282220899362347	0.6456914719423266	0.704754727158128	-0.01951914241792546	0.04631603710371257	0.0	
