0.0	-0.15004487285161633	-0.11885492871650133	-0.20219834363859485	0.3114399361234898	0.9657133062483427	0.48605988075720374	0.8725291848531886	0.47145882339018397	0.9064984855473178	0.9863011672727733	0.7605773117979536	0.5618462239191315	0.34054955916796065	-0.075930718951088	-0.48605988075720363	
0.15004487285161633	0.0	0.03147190497259672	-0.052963659355996395	0.45049670015429355	0.9158273653389926	0.3494292464404334	0.9359576679067931	0.598444310698586	0.9595864919905228	0.9998860230982337	0.8493831984846627	0.6796090430874461	0.47777043725316987	0.07454058615406833	-0.3494292464404333	
0.11885492871650133	-0.03147190497259672	0.0	-0.08436515539221884	0.4221761134140967	0.9280119405793293	0.3787441548337366	0.9244123764855946	0.5729336933899656	0.950254517785499	0.998915562806063	0.8323523091229795	0.6561854028628521	0.4498861796759072	0.04311931197340296	-0.37874415483373647	
0.20219834363859485	0.052963659355996395	0.08436515539221884	0.0	0.497149195980338	0.8932732135092647	0.29931382555477604	0.953293164394356	0.6400369571824636	0.9731443633372097	0.9992822533847261	0.8761440207429804	0.7175079612780422	0.5236276236121	0.12725227743213913	-0.299313825554776	
-0.3114399361234898	-0.45049670015429355	-0.4221761134140967	-0.497149195980338	0.0	0.9985375624718482	0.734061404926143	0.6769769624714026	0.173356048788108	0.7299217799447749	0.8858748687912688	0.520549077168492	0.27626717337161133	0.030788510773807787	-0.38269520728658607	-0.7340614049261429	
-0.9657133062483427	-0.9158273653389926	-0.9280119405793293	-0.8932732135092647	-0.9985375624718482	0.0	0.71777505664924	-0.698328889524293	-0.9740468902494321	-0.6430697848919554	-0.4153533313006747	-0.8244409750822751	-0.9447397054274158	-0.9963996783493945	-0.943212943568972	-0.7177750566492399	
-0.48605988075720374	-0.3494292464404334	-0.3787441548337366	-0.29931382555477604	-0.734061404926143	-0.71777505664924	0.0	-0.9999958948574945	-0.8406703042615664	-0.9974310372933975	-0.9421315425704285	-0.9802610142955881	-0.8931007455193609	-0.7546213594174862	-0.41829888039190954	-0.0	
-0.8725291848531886	-0.9359576679067931	-0.9244123764855946	-0.953293164394356	-0.6769769624714026	0.698328889524293	0.9999958948574945	0.0	-0.53913622106573	0.07449097479218034	0.3379415952754309	-0.19489811436280158	-0.4472958098923385	-0.653995548751414	-0.9071071401555617	-0.9999958948574943	
-0.47145882339018397	-0.598444310698586	-0.5729336933899656	-0.6400369571824636	-0.173356048788108	0.9740468902494321	0.8406703042615664	0.53913622106573	0.0	0.6003760152924162	0.7920379547597574	0.36465065874691993	0.10547508936345112	-0.14295151573907716	-0.5370601625703968	-0.8406703042615662	
-0.9064984855473178	-0.9595864919905228	-0.950254517785499	-0.9731443633372097	-0.7299217799447749	0.6430697848919554	0.9974310372933975	-0.07449097479218034	-0.6003760152924162	0.0	0.26689423457049355	-0.26741912467468165	-0.5126767733704798	-0.7085308478584963	-0.9359401492641696	-0.9974310372933973	
-0.9863011672727733	-0.9998860230982337	-0.998915562806063	-0.9992822533847261	-0.8858748687912688	0.4153533313006747	0.9421315425704285	-0.3379415952754309	-0.7920379547597574	-0.26689423457049355	0.0	-0.5148927457941535	-0.7232303510053026	-0.8711713574923923	-0.995978928808413	-0.9421315425704283	
-0.7605773117979536	-0.8493831984846627	-0.8323523091229795	-0.8761440207429804	-0.520549077168492	0.8244409750822751	0.9802610142955881	0.19489811436280158	-0.36465065874691993	0.26741912467468165	0.5148927457941535	0.0	-0.2644040784739158	-0.4940140879537295	-0.8076794178943161	-0.9802610142955879	
-0.5618462239191315	-0.6796090430874461	-0.6561854028628521	-0.7175079612780422	-0.27626717337161133	0.9447397054274158	0.8931007455193609	0.4472958098923385	-0.10547508936345112	0.5126767733704798	0.7232303510053026	0.2644040784739158	0.0	-0.24654595213979702	-0.6230372843137483	-0.8931007455193607	
-0.34054955916796065	-0.47777043725316987	-0.4498861796759072	-0.5236276236121	-0.030788510773807787	0.9963996783493945	0.7546213594174862	0.653995548751414	0.14295151573907716	0.7085308478584963	0.8711713574923923	0.4940140879537295	0.24654595213979702	0.0	-0.4109585044607138	-0.754621359417486	
0.075930718951088	-0.07454058615406833	-0.04311931197340296	-0.12725227743213913	0.38269520728658607	0.943212943568972	0.41829888039190954	0.9071071401555617	0.5370601625703968	0.9359401492641696	0.995978928808413	0.8076794178943161	0.6230372843137483	0.4109585044607138	0.0	-0.41829888039190943	
0.48605988075720363	0.3494292464404333	0.37874415483373647	0.299313825554776	0.7340614049261429	0.7177750566492399	0.0	0.9999958948574943	0.8406703042615662	0.9974310372933973	0.9421315425704283	0.9802610142955879	0.8931007455193607	0.754621359417486	0.41829888039190943	0.0	
