0.0	-0.23870427621738843	-0.36467696301321845	-0.6144049399408128	-0.14865664452820554	0.4098257849533356	0.5738482422726305	0.49994095347955864	0.3410878212045271	0.7889908238208159	0.6144049399408128	0.8830076122469279	0.994950026904763	0.9673819519639059	0.4192467799399479	-0.17708059384381541	
0.23870427621738843	0.0	-0.1318693018234977	-0.4083084194353944	0.0916926786849176	0.6157160702651493	0.752749262865646	0.6922209179365787	0.5556172823900368	0.9128440153731899	0.4083084194353944	0.7454439786925987	0.9901474302101633	0.9998862741504739	0.6238403261686191	0.06297027596170623	
0.36467696301321845	0.1318693018234977	0.0	-0.2843666019778629	0.22220571981046536	0.714247893474667	0.8329861164701878	0.7813440150906867	0.6604063102470468	0.9587156031518914	0.2843666019778629	0.6510342059090037	0.9630350826971816	0.9931431098358983	0.7214550912907863	0.19402795797555872	
0.6144049399408128	0.4083084194353944	0.2843666019778629	0.0	0.4902894751651479	0.8837867507725794	0.9559351028782241	0.9265600704317162	0.8466751289708273	0.9999999999999987	0.0	0.40830864866090755	0.8466752363668643	0.9188979514577197	0.8885831097070963	0.46498013258998555	
0.14865664452820554	-0.0916926786849176	-0.22220571981046536	-0.4902894751651479	0.0	0.5408713704259367	0.6892162331078998	0.6231315437602676	0.477039869747979	0.8715596289004708	0.4902894751651479	0.8034231177644919	0.9988159050433847	0.994291282389454	0.5495497272653064	-0.02880570123055093	
-0.4098257849533356	-0.6157160702651493	-0.714247893474667	-0.8837867507725794	-0.5408713704259367	0.0	0.1878119983610229	0.10109453659134304	-0.07412115225648319	0.4678898767453555	0.8837867507725794	0.9978028759884827	0.8664225716771271	0.7785928249211775	0.010352258859799124	-0.5648755534386405	
-0.5738482422726305	-0.752749262865646	-0.8329861164701878	-0.9559351028782241	-0.6892162331078998	-0.1878119983610229	0.0	-0.0875542455516517	-0.2600975394136602	0.2935780140112035	0.9559351028782241	0.9924900219316106	0.7572278963248986	0.6468802017436697	-0.17763389388734496	-0.7098015642815205	
-0.49994095347955864	-0.6922209179365787	-0.7813440150906867	-0.9265600704317162	-0.6231315437602676	-0.10109453659134304	0.0875542455516517	0.0	-0.17455786673324608	0.37614678005697344	0.9265600704317162	0.9993887424292549	0.8115060762632622	0.7111641576090745	-0.09078989691837797	-0.6454023927253975	
-0.3410878212045271	-0.5556172823900368	-0.6604063102470468	-0.8466751289708273	-0.477039869747979	0.07412115225648319	0.2600975394136602	0.17455786673324608	0.0	0.5321101199841525	0.8466751289708273	0.9901474371109066	0.9010487948912766	0.8229643121355481	0.08444096271771606	-0.5021587147218816	
-0.7889908238208159	-0.9128440153731899	-0.9587156031518914	-0.9999999999999987	-0.8715596289004708	-0.4678898767453555	-0.2935780140112035	-0.37614678005697344	-0.5321101199841525	0.0	0.9999999999999987	0.9128439547065197	0.5321100359096715	0.39449536369184696	-0.4587156148976715	-0.8853210909546066	
-0.6144049399408128	-0.4083084194353944	-0.2843666019778629	-0.0	-0.4902894751651479	-0.8837867507725794	-0.9559351028782241	-0.9265600704317162	-0.8466751289708273	-0.9999999999999987	0.0	-0.40830864866090755	-0.8466752363668643	-0.9188979514577197	-0.8885831097070963	-0.46498013258998555	
-0.8830076122469279	-0.7454439786925987	-0.6510342059090037	-0.40830864866090755	-0.8034231177644919	-0.9978028759884827	-0.9924900219316106	-0.9993887424292549	-0.9901474371109066	-0.9128439547065197	0.40830864866090755	0.0	-0.5556172414160214	-0.677734571128374	-0.9984352727889698	-0.7859385613720812	
-0.994950026904763	-0.9901474302101633	-0.9630350826971816	-0.8466752363668643	-0.9988159050433847	-0.8664225716771271	-0.7572278963248986	-0.8115060762632622	-0.9010487948912766	-0.5321100359096715	0.8466752363668643	0.5556172414160214	0.0	-0.15494536664806435	-0.8612071420836291	-0.9970000389943041	
-0.9673819519639059	-0.9998862741504739	-0.9931431098358983	-0.9188979514577197	-0.994291282389454	-0.7785928249211775	-0.6468802017436697	-0.7111641576090745	-0.8229643121355481	-0.39449536369184696	0.9188979514577197	0.677734571128374	0.15494536664806435	0.0	-0.7720547558654729	-0.9969522433760725	
-0.4192467799399479	-0.6238403261686191	-0.7214550912907863	-0.8885831097070963	-0.5495497272653064	-0.010352258859799124	0.17763389388734496	0.09078989691837797	-0.08444096271771606	0.4587156148976715	0.8885831097070963	0.9984352727889698	0.8612071420836291	0.7720547558654729	0.0	-0.5733877206535082	
0.17708059384381541	-0.06297027596170623	-0.19402795797555872	-0.46498013258998555	0.02880570123055093	0.5648755534386405	0.7098015642815205	0.6454023927253975	0.5021587147218816	0.8853210909546066	0.46498013258998555	0.7859385613720812	0.9970000389943041	0.9969522433760725	0.5733877206535082	0.0	
