0.0	0.45420412206283733	0.3630746703484818	0.14720085047407305	0.4713534883788874	0.9260259886629434	0.9450059194776324	0.8220416848858345	0.7972782293043441	0.5870870563730278	0.5675307508570505	-0.12961004748255878	-0.030120497730609486	0.3238633711842729	0.05676627434961873	-0.5870870443101828	
-0.45420412206283733	0.0	-0.09974688466563253	-0.31811541369284213	0.019344940473829064	0.653550595715825	0.6933546259940824	0.47371876772725086	0.9844563480784221	0.8907235248745974	0.13164184633708403	-0.5658422162635657	-0.4808323187628321	-0.1411951588203224	-0.4028987754421477	-0.8907235181013412	
-0.3630746703484818	0.09974688466563253	0.0	-0.22196368946742312	0.11897668317515347	0.7257879410845844	0.7617740172732379	0.5592009632355813	0.9620282212573847	0.8409418508389619	0.2298641497101963	-0.48077761515050177	-0.39097501060624473	-0.04174339793403814	-0.3095966642010383	-0.8409418427755632	
-0.14720085047407305	0.31811541369284213	0.22196368946742312	0.0	0.3363958938712444	0.8603760402178343	0.8865690998452975	0.7292666888421021	0.8774453732942026	0.6998542874664766	0.4401502796212801	-0.2741573739495192	-0.17692644551208864	0.1810681119967738	-0.09081559049745874	-0.6998542768227907	
-0.4713534883788874	-0.019344940473829064	-0.11897668317515347	-0.3363958938712444	0.0	0.638786442926009	0.6792849809133923	0.4565934920973127	0.9876696668870599	0.8993499984480009	0.11244062397161464	-0.5816864951700297	-0.49770422714757956	-0.1603198754750827	-0.42052873188153894	-0.899349991932774	
-0.9260259886629434	-0.653550595715825	-0.7257879410845844	-0.8603760402178343	-0.638786442926009	0.0	0.05384191867202945	-0.21701683855242979	0.859900829472625	0.9712418181371503	-0.5482255164815792	-0.9671375768336694	-0.9369751031662215	-0.7538713742929352	-0.903105782956581	-0.9712418216850449	
-0.9450059194776324	-0.6933546259940824	-0.7617740172732379	-0.8865690998452975	-0.6792849809133923	-0.05384191867202945	0.0	-0.2692608000786521	0.8311693125864568	0.9570135014469395	-0.592459941224164	-0.9794242197575718	-0.9544281524778766	-0.7881531894990548	-0.9249164995595457	-0.9570135057689221	
-0.8220416848858345	-0.47371876772725086	-0.5592009632355813	-0.7292666888421021	-0.4565934920973127	0.21701683855242979	0.2692608000786521	0.0	0.9501862131700689	0.9997657181078841	-0.35366231827522143	-0.8889113005506171	-0.8388201381016444	-0.5933201621770072	-0.7883918712801343	-0.9997657184304202	
-0.7972782293043441	-0.9844563480784221	-0.9620282212573847	-0.8774453732942026	-0.9876696668870599	-0.859900829472625	-0.8311693125864568	-0.9501862131700689	0.0	0.2910429227067929	-0.999009146372689	-0.7123190444857971	-0.778735390799511	-0.9497958229083737	-0.8302574175262025	-0.2910429369628826	
-0.5870870563730278	-0.8907235248745974	-0.8409418508389619	-0.6998542874664766	-0.8993499984480009	-0.9712418181371503	-0.9570135014469395	-0.9997657181078841	-0.2910429227067929	0.0	-0.9428090719910422	-0.4772125840261563	-0.562437420342391	-0.8176204391064372	-0.632094025852103	-1.4901161193847663e-08	
-0.5675307508570505	-0.13164184633708403	-0.2298641497101963	-0.4401502796212801	-0.11244062397161464	0.5482255164815792	0.592459941224164	0.35366231827522143	0.999009146372689	0.9428090719910422	0.0	-0.6694583715516584	-0.5920730259967854	-0.27028941544776164	-0.5198769677358009	-0.9428090670239893	
0.12961004748255878	0.5658422162635657	0.48077761515050177	0.2741573739495192	0.5816864951700297	0.9671375768336694	0.9794242197575718	0.8889113005506171	0.7123190444857971	0.4772125840261563	0.6694583715516584	0.0	0.09968480750354314	0.44375616416934177	0.1856885039257024	-0.47721257093119607	
0.030120497730609486	0.4808323187628321	0.39097501060624473	0.17692644551208864	0.49770422714757956	0.9369751031662215	0.9544281524778766	0.8388201381016444	0.778735390799511	0.562437420342391	0.5920730259967854	-0.09968480750354314	0.0	0.35221354544988065	0.08681244634096408	-0.5624374080215166	
-0.3238633711842729	0.1411951588203224	0.04174339793403814	-0.1810681119967738	0.1603198754750827	0.7538713742929352	0.7881531894990548	0.5933201621770072	0.9497958229083737	0.8176204391064372	0.27028941544776164	-0.44375616416934177	-0.35221354544988065	0.0	-0.2696343484996681	-0.81762043052698	
-0.05676627434961873	0.4028987754421477	0.3095966642010383	0.09081559049745874	0.42052873188153894	0.903105782956581	0.9249164995595457	0.7883918712801343	0.8302574175262025	0.632094025852103	0.5198769677358009	-0.1856885039257024	-0.08681244634096408	0.2696343484996681	0.0	-0.6320940143053164	
0.5870870443101828	0.8907235181013412	0.8409418427755632	0.6998542768227907	0.899349991932774	0.9712418216850449	0.9570135057689221	0.9997657184304202	0.2910429369628826	1.4901161193847663e-08	0.9428090670239893	0.47721257093119607	0.5624374080215166	0.81762043052698	0.6320940143053164	0.0	
