0.0	0.3710549322337535	0.9912932729585752	0.6758825063908845	-0.31552321241848613	-0.057660727693963854	0.05722187545493329	-0.07939887499218226	0.33001597534867766	0.19140276087758687	-0.6411949124200537	-0.9912932701837845	-0.5065382709433848	-0.09392667829355825	-0.4293002207911816	-0.2855485943043321	
-0.3710549322337535	0.0	0.9693834865206405	0.3541609063978689	-0.645098951703364	-0.4239819657482279	-0.31731009527419446	-0.4436141464726031	-0.043810270599487	-0.186456019567834	-0.8801600097232354	-0.9693834916952563	-0.7903070168681774	-0.4566358809259805	-0.7337755298183882	-0.6207693173153409	
-0.9912932729585752	-0.9693834865206405	0.0	-0.8195875867641187	-0.8991101599845557	-0.9820516629735063	-0.9972035725098697	-0.977709038222056	-0.9792104396388492	-0.9981683071553743	-0.6762689705109987	-2.1073424255447017e-08	-0.7880132262086397	-0.9745433213757213	-0.8387712296460742	-0.9124211187757547	
-0.6758825063908845	-0.3541609063978689	0.8195875867641187	0.0	-0.8739005502382757	-0.7172544951461006	-0.6326020041315206	-0.7322664113867208	-0.39479155167630187	-0.5223208756447464	-0.9912240751584325	-0.8195875988382194	-0.9560811712729398	-0.7421193528709128	-0.9268295851491111	-0.8581936134932859	
0.31552321241848613	0.645098951703364	0.8991101599845557	0.8739005502382757	0.0	0.2602829620648032	0.36930508277917534	0.23918407177923523	0.6110041866158082	0.4913151849689505	-0.36631571317833356	-0.8991101507602451	-0.20861358278706238	0.2249996189204749	-0.12240211917578675	0.03142400035994597	
0.057660727693963854	0.4239819657482279	0.9820516629735063	0.7172544951461006	-0.2602829620648032	0.0	0.11469292156053074	-0.021788085520833972	0.3838972121522687	0.24767898387568857	-0.5958805382717832	-0.9820516589988029	-0.45597942366235156	-0.03636459009588802	-0.3765089973412103	-0.22981352989962814	
-0.05722187545493329	0.31731009527419446	0.9972035725098697	0.6326020041315206	-0.36930508277917534	-0.11469292156053074	0.0	-0.13631000057983894	0.2754591998459538	0.1349252113666515	-0.6840551173329548	-0.9972035709349873	-0.5550460021205645	-0.15074168239187125	-0.4802774210999074	-0.3399201176669032	
0.07939887499218226	0.4436141464726031	0.977709038222056	0.7322664113867208	-0.23918407177923523	0.021788085520833972	0.13631000057983894	0.0	0.40392467099968576	0.2687294034555518	-0.5782416579642674	-0.9777090337973875	-0.4364799942356464	-0.014582282906316413	-0.3562348536015051	-0.20855405437789615	
-0.33001597534867766	0.043810270599487	0.9792104396388492	0.39479155167630187	-0.6110041866158082	-0.3838972121522687	-0.2754591998459538	-0.40392467099968576	0.0	-0.14323501399057859	-0.8585192083935707	-0.9792104439135304	-0.7627051822542447	-0.41722148223060096	-0.703306662521033	-0.5858263400449611	
-0.19140276087758687	0.186456019567834	0.9981683071553743	0.5223208756447464	-0.4913151849689505	-0.24767898387568857	-0.1349252113666515	-0.2687294034555518	0.14323501399057859	0.0	-0.7762185110387275	-0.998168308430278	-0.6622039848633055	-0.2827467142378638	-0.5942308092028433	-0.4637028120166178	
0.6411949124200537	0.8801600097232354	0.6762689705109987	0.9912240751584325	0.36631571317833356	0.5958805382717832	0.6840551173329548	0.5782416579642674	0.8585192083935707	0.7762185110387275	0.0	-0.6762689549871597	0.16414310576703384	0.5662829930143284	0.24966721103646689	0.3953745436734668	
0.9912932701837845	0.9693834916952563	2.1073424255447017e-08	0.8195875988382194	0.8991101507602451	0.9820516589988029	0.9972035709349873	0.9777090337973875	0.9792104439135304	0.998168308430278	0.6762689549871597	0.0	0.7880132132346107	0.9745433166510746	0.8387712181719317	0.9124211101514005	
0.5065382709433848	0.7903070168681774	0.7880132262086397	0.9560811712729398	0.20861358278706238	0.45597942366235156	0.5550460021205645	0.4364799942356464	0.7627051822542447	0.6622039848633055	-0.16414310576703384	-0.7880132132346107	0.0	0.42331370102765653	0.08733588610548021	0.23924317183347965	
0.09392667829355825	0.4566358809259805	0.9745433213757213	0.7421193528709128	-0.2249996189204749	0.03636459009588802	0.15074168239187125	0.014582282906316413	0.41722148223060096	0.2827467142378638	-0.5662829930143284	-0.9745433166510746	-0.42331370102765653	0.0	-0.3425713427619522	-0.1942702486432196	
0.4293002207911816	0.7337755298183882	0.8387712296460742	0.9268295851491111	0.12240211917578675	0.3765089973412103	0.4802774210999074	0.3562348536015051	0.703306662521033	0.5942308092028433	-0.24966721103646689	-0.8387712181719317	-0.08733588610548021	0.3425713427619522	0.0	0.15352938058621907	
0.2855485943043321	0.6207693173153409	0.9124211187757547	0.8581936134932859	-0.03142400035994597	0.22981352989962814	0.3399201176669032	0.20855405437789615	0.5858263400449611	0.4637028120166178	-0.3953745436734668	-0.9124211101514005	-0.23924317183347965	0.1942702486432196	-0.15352938058621907	0.0	
