0.0	0.9423147710836396	0.9423147710836396	0.9778718103639085	0.4850667881907838	0.0	0.7274199801012493	0.9263885390056286	0.7717028924973004	0.8877888294689352	0.9909960286304899	0.9915523452005179	0.8766264500903475	0.6432093053402995	0.7981110287978469	0.8391286481246153	
-0.9423147710836396	0.0	0.0	0.5244580713810344	0.9863981586427609	0.9423147710836396	0.890097222682718	0.6649348456683588	0.857606984504897	0.7308691572290735	0.45788189335862084	0.2096754195011864	-0.15998359690305863	-0.5062211734598693	-0.3006042984642297	-0.23167620130325994	
-0.9423147710836396	0.0	0.0	0.5244580713810344	0.9863981586427609	0.9423147710836396	0.890097222682718	0.6649348456683588	0.857606984504897	0.7308691572290735	0.45788189335862084	0.2096754195011864	-0.15998359690305863	-0.5062211734598693	-0.3006042984642297	-0.23167620130325994	
-0.9778718103639085	-0.5244580713810344	-0.5244580713810344	0.0	0.7536481255508796	0.9778718103639085	0.5188284400280405	0.17443119840131283	0.46046596865000544	0.26433664871387796	-0.07639280645848318	-0.3342746587942529	-0.653918717796918	-0.8833096462572304	-0.7561467381374595	-0.7074466402092427	
-0.4850667881907838	-0.9863981586427609	-0.9863981586427609	-0.7536481255508796	0.0	0.4850667881907838	-0.3032629188428782	-0.6274444137583672	-0.3663421791402813	-0.5530985271170042	-0.8016571337542713	-0.9300064607879536	-0.9999901037484594	-0.9338827960023558	-0.9901876097071649	-0.9976426275901826	
-0.0	-0.9423147710836396	-0.9423147710836396	-0.9778718103639085	-0.4850667881907838	0.0	-0.7274199801012493	-0.9263885390056286	-0.7717028924973004	-0.8877888294689352	-0.9909960286304899	-0.9915523452005179	-0.8766264500903475	-0.6432093053402995	-0.7981110287978469	-0.8391286481246153	
-0.7274199801012493	-0.890097222682718	-0.890097222682718	-0.5188284400280405	0.3032629188428782	0.7274199801012493	0.0	-0.36175700938794764	-0.06690985611136757	-0.27439827068984823	-0.5826188783888033	-0.7747473790384244	-0.9515483158565394	-0.9983439091485801	-0.9859359223077986	-0.9714715347807286	
-0.9263885390056286	-0.6649348456683588	-0.6649348456683588	-0.17443119840131283	0.6274444137583672	0.9263885390056286	0.36175700938794764	0.0	0.29856810730925465	0.09205743677448675	-0.2491431317157069	-0.4935471822818632	-0.7758622345044652	-0.9515395502534483	-0.858702670767303	-0.8198832062198098	
-0.7717028924973004	-0.857606984504897	-0.857606984504897	-0.46046596865000544	0.3663421791402813	0.7717028924973004	0.06690985611136757	-0.29856810730925465	0.0	-0.20944175375738427	-0.5269325595651334	-0.7307060338656292	-0.9288411874037579	-0.9999558167565927	-0.9725442362274582	-0.9534264046027467	
-0.8877888294689352	-0.7308691572290735	-0.7308691572290735	-0.26433664871387796	0.5530985271170042	0.8877888294689352	0.27439827068984823	-0.09205743677448675	0.20944175375738427	0.0	-0.3372397545643997	-0.5715155361711362	-0.830646944131971	-0.9758091183234507	-0.9022334142994535	-0.8691074538613468	
-0.9909960286304899	-0.45788189335862084	-0.45788189335862084	0.07639280645848318	0.8016571337542713	0.9909960286304899	0.5826188783888033	0.2491431317157069	0.5269325595651334	0.3372397545643997	0.0	-0.2612994773225637	-0.5942117274344069	-0.8449162546257358	-0.7039455130060603	-0.6513874433790507	
-0.9915523452005179	-0.2096754195011864	-0.2096754195011864	0.3342746587942529	0.9300064607879536	0.9915523452005179	0.7747473790384244	0.4935471822818632	0.7307060338656292	0.5715155361711362	0.2612994773225637	0.0	-0.36340206041509326	-0.675793261657428	-0.49389989011428304	-0.4304970530960512	
-0.8766264500903475	0.15998359690305863	0.15998359690305863	0.653918717796918	0.9999901037484594	0.8766264500903475	0.9515483158565394	0.7758622345044652	0.9288411874037579	0.830646944131971	0.5942117274344069	0.36340206041509326	0.0	-0.3617304349679788	-0.14414822954893514	-0.07306121971148194	
-0.6432093053402995	0.5062211734598693	0.5062211734598693	0.8833096462572304	0.9338827960023558	0.6432093053402995	0.9983439091485801	0.9515395502534483	0.9999558167565927	0.9758091183234507	0.8449162546257358	0.675793261657428	0.3617304349679788	0.0	0.22356565557129032	0.2926499816151243	
-0.7981110287978469	0.3006042984642297	0.3006042984642297	0.7561467381374595	0.9901876097071649	0.7981110287978469	0.9859359223077986	0.858702670767303	0.9725442362274582	0.9022334142994535	0.7039455130060603	0.49389989011428304	0.14414822954893514	-0.22356565557129032	0.0	0.07146481121501835	
-0.8391286481246153	0.23167620130325994	0.23167620130325994	0.7074466402092427	0.9976426275901826	0.8391286481246153	0.9714715347807286	0.8198832062198098	0.9534264046027467	0.8691074538613468	0.6513874433790507	0.4304970530960512	0.07306121971148194	-0.2926499816151243	-0.07146481121501835	0.0	
