0.0	0.9768354491424349	0.9428090415820634	0.9700767952841763	0.34589924046719456	0.0	0.9563630060563433	0.8575484713572925	0.9863588956213721	0.9690375327963129	0.5369384024183935	0.9969385227522994	0.8718843225826823	0.9999915321336184	0.9834702184363289	0.9720997265716329	
-0.9768354491424349	0.0	-0.12385837984403864	-0.02958546675216539	0.9905566353831615	0.9768354491424354	0.49006673942069845	0.6859956203673827	0.37186867439019977	0.4485599466237058	0.9389797724884266	0.2897148785655248	-0.2917918010689037	0.2180099896035531	0.3873301494692087	0.43715568948407013	
-0.9428090415820634	0.12385837984403864	0.0	0.09444650551515321	0.9999107550912394	0.9428090415820638	0.594258660337321	0.7708334482835887	0.48398116967159655	0.5558047598142063	0.9743533988246612	0.4060305116617471	-0.17107668322999375	0.33721044897628283	0.49853779907845996	0.5451860231650583	
-0.9700767952841763	0.02958546675216539	-0.09444650551515321	0.0	0.9941793141628804	0.9700767952841768	0.5156414198660313	0.7072218820264675	0.39916964579187053	0.47480568362756315	0.9487453210247015	0.3179046918664281	-0.26336610824215	0.2467883905038199	0.4144366545242909	0.4635730765430037	
-0.34589924046719456	-0.9905566353831615	-0.9999107550912394	-0.9941793141628804	0.0	0.3458992404671947	-0.7962630852751	-0.6266817660581154	-0.8685344677516256	-0.8238132777757441	-0.21198606927252683	-0.9083535134934844	-0.9874553224209099	-0.9368402410735617	-0.8601302776225067	-0.8309567534264188	
-0.0	-0.9768354491424354	-0.9428090415820638	-0.9700767952841768	-0.3458992404671947	0.0	-0.9563630060563437	-0.8575484713572928	-0.9863588956213726	-0.9690375327963133	-0.5369384024183937	-0.9969385227522999	-0.8718843225826827	-0.9999915321336188	-0.9834702184363293	-0.9720997265716333	
-0.9563630060563433	-0.49006673942069845	-0.594258660337321	-0.5156414198660313	0.7962630852751	0.9563630060563437	0.0	0.2413966964341609	-0.13076946039367351	-0.04699555607297912	0.6499250884655599	-0.21650915644963964	-0.7230904567939953	-0.2882429183345586	-0.11418281070957018	-0.05969706989471782	
-0.8575484713572925	-0.6859956203673827	-0.7708334482835887	-0.7072218820264675	0.6266817660581154	0.8575484713572928	-0.2413966964341609	0.0	-0.3662259283810325	-0.28673571088816596	0.4472434701774302	-0.44577713628488724	-0.8684517340814011	-0.5108697463437561	-0.3506239309003846	-0.2988977948973771	
-0.9863588956213721	-0.37186867439019977	-0.48398116967159655	-0.39916964579187053	0.8685344677516256	0.9863588956213726	0.13076946039367351	0.3662259283810325	0.0	0.08403297698551918	0.7437286188822976	-0.08698226432306849	-0.6265516945064015	-0.16054846598149852	0.016711895594578807	0.07135179877022985	
-0.9690375327963129	-0.4485599466237058	-0.5558047598142063	-0.47480568362756315	0.8238132777757441	0.9690375327963133	0.04699555607297912	0.28673571088816596	-0.08403297698551918	0.0	0.6849235268193655	-0.17038908606304956	-0.6898291752099193	-0.24292349958834872	-0.06736845630070828	-0.012719369151973359	
-0.5369384024183935	-0.9389797724884266	-0.9743533988246612	-0.9487453210247015	0.21198606927252683	0.5369384024183937	-0.6499250884655599	-0.4472434701774302	-0.7437286188822976	-0.6849235268193655	0.0	-0.7990558326996965	-0.9984854329517853	-0.8414046465305439	-0.7324531587383923	-0.6941356429763805	
-0.9969385227522994	-0.2897148785655248	-0.4060305116617471	-0.3179046918664281	0.9083535134934844	0.9969385227522999	0.21650915644963964	0.44577713628488724	0.08698226432306849	0.17038908606304956	0.7990558326996965	0.0	-0.5563847506007572	-0.07408603811580297	0.10361867212234038	0.15784193047569167	
-0.8718843225826823	0.2917918010689037	0.17107668322999375	0.26336610824215	0.9874553224209099	0.8718843225826827	0.7230904567939953	0.8684517340814011	0.6265516945064015	0.6898291752099193	0.9984854329517853	0.5563847506007572	0.0	0.49329579791530476	0.639489109316598	0.6805649025202128	
-0.9999915321336184	-0.2180099896035531	-0.33721044897628283	-0.2467883905038199	0.9368402410735617	0.9999915321336188	0.2882429183345586	0.5108697463437561	0.16054846598149852	0.24292349958834872	0.8414046465305439	0.07408603811580297	-0.49329579791530476	0.0	0.1770211530144165	0.23056548226452062	
-0.9834702184363289	-0.3873301494692087	-0.49853779907845996	-0.4144366545242909	0.8601302776225067	0.9834702184363293	0.11418281070957018	0.3506239309003846	-0.016711895594578807	0.06736845630070828	0.7324531587383923	-0.10361867212234038	-0.639489109316598	-0.1770211530144165	0.0	0.0546725337235664	
-0.9720997265716329	-0.43715568948407013	-0.5451860231650583	-0.4635730765430037	0.8309567534264188	0.9720997265716333	0.05969706989471782	0.2988977948973771	-0.07135179877022985	0.012719369151973359	0.6941356429763805	-0.15784193047569167	-0.6805649025202128	-0.23056548226452062	-0.0546725337235664	0.0	
