0.0	0.524596050342588	-0.7609639133290961	-0.9533856600630896	-0.9757582382472698	-0.9982257221190537	-0.9676395365618418	-0.9999959161029619	-0.9601543343596401	-0.8869460332325703	-0.9865499744626429	-0.9959518611456928	-0.9991837725325878	-0.8970324572760033	-0.5245960682834744	-0.8852636500461382	
-0.524596050342588	0.0	-0.9882024719104994	-0.9699653150999472	-0.7159045243761282	-0.8810769294771154	-0.9561758978253297	-0.8498485325715556	-0.9640376322590791	-0.9973994203546014	-0.9256510054565972	-0.8950598811704168	-0.8294651034712922	-0.5318368003192886	-2.1073424255447017e-08	-0.5096862023247055	
0.7609639133290961	0.9882024719104994	0.0	-0.3889268015898727	-0.7996041798442584	-0.6023327429122853	-0.4357799277354915	-0.6509663404589061	-0.41027574883348084	-0.22397670807795172	-0.5156808019452168	-0.5777661136617103	-0.6790040881350606	-0.9183086272306157	-0.9882024751379596	-0.9282702754990958	
0.9533856600630896	0.9699653150999472	0.3889268015898727	0.0	-0.5030890707927427	-0.2444513584050704	-0.05141555770795478	-0.30447798754447103	-0.023287912874620703	0.17270319908255177	-0.1418555514621277	-0.21483483366165756	-0.34002060724353866	-0.6920463677171516	-0.9699653099739785	-0.7105419848123522	
0.9757582382472698	0.7159045243761282	0.7996041798442584	0.5030890707927427	0.0	0.27656281734965205	0.4579885555177198	0.21606168431742295	0.48282641362694556	0.6447856840410854	0.37540504536123415	0.30567445030687795	0.17925644798514734	-0.23493401309641382	-0.7159045096627012	-0.26007390144352266	
0.9982257221190537	0.8810769294771154	0.6023327429122853	0.2444513584050704	-0.27656281734965205	0.0	0.19427234402241944	-0.062395944670604164	0.2218036693071541	0.4082418632627489	0.10442743715110347	0.030426436656251166	-0.09981845720529192	-0.4945927993174984	-0.8810769195099548	-0.5169758731762241	
0.9676395365618418	0.9561758978253297	0.4357799277354915	0.05141555770795478	-0.4579885555177198	-0.19427234402241944	0.0	-0.25510095359794793	0.028144502785519998	0.2231177553734365	-0.0907723144546202	-0.1643356566536332	-0.2912187622779428	-0.6540165523602336	-0.9561758916551816	-0.6734233789119166	
0.9999959161029619	0.8498485325715556	0.6509663404589061	0.30447798754447103	-0.21606168431742295	0.062395944670604164	0.25510095359794793	0.0	0.2822132248883808	0.4644060169841173	0.1662787530151053	0.09273420587073206	-0.03753963992305548	-0.4393992081754716	-0.8498485214652916	-0.46255760590162565	
0.9601543343596401	0.9640376322590791	0.41027574883348084	0.023287912874620703	-0.48282641362694556	-0.2218036693071541	-0.028144502785519998	-0.2822132248883808	0.0	0.19559434855665708	-0.11876466940996441	-0.19203242109796398	-0.3180280214786768	-0.6750482336687647	-0.9640376266584841	-0.6939626338253887	
0.8869460332325703	0.9973994203546014	0.22397670807795172	-0.17270319908255177	-0.6447856840410854	-0.4082418632627489	-0.2231177553734365	-0.4644060169841173	-0.19559434855665708	0.0	-0.3106807325864964	-0.38027735391413087	-0.4973246217783064	-0.8063139481889359	-0.997399418835794	-0.821388753861849	
0.9865499744626429	0.9256510054565972	0.5156808019452168	0.1418555514621277	-0.37540504536123415	-0.10442743715110347	0.0907723144546202	-0.1662787530151053	0.11876466940996441	0.3106807325864964	0.0	-0.07411900779519132	-0.20317859229752577	-0.5826490954932619	-0.9256509974828684	-0.603539194900953	
0.9959518611456928	0.8950598811704168	0.5777661136617103	0.21483483366165756	-0.30567445030687795	-0.030426436656251166	0.1643356566536332	-0.09273420587073206	0.19203242109796398	0.38027735391413087	0.07411900779519132	0.0	-0.13004671901024856	-0.5208081786610446	-0.895059871772808	-0.5427815467220254	
0.9991837725325878	0.8294651034712922	0.6790040881350606	0.34002060724353866	-0.17925644798514734	0.09981845720529192	0.2912187622779428	0.03753963992305548	0.3180280214786768	0.4973246217783064	0.20317859229752577	0.13004671901024856	0.0	-0.4053679385080883	-0.8294650917005509	-0.42894932680361175	
0.8970324572760033	0.5318368003192886	0.9183086272306157	0.6920463677171516	0.23493401309641382	0.4945927993174984	0.6540165523602336	0.4393992081754716	0.6750482336687647	0.8063139481889359	0.5826490954932619	0.5208081786610446	0.4053679385080883	0.0	-0.5318367824733251	-0.02594514495414013	
0.5245960682834744	2.1073424255447017e-08	0.9882024751379596	0.9699653099739785	0.7159045096627012	0.8810769195099548	0.9561758916551816	0.8498485214652916	0.9640376266584841	0.997399418835794	0.9256509974828684	0.895059871772808	0.8294650917005509	0.5318367824733251	0.0	0.5096861841939662	
0.8852636500461382	0.5096862023247055	0.9282702754990958	0.7105419848123522	0.26007390144352266	0.5169758731762241	0.6734233789119166	0.46255760590162565	0.6939626338253887	0.821388753861849	0.603539194900953	0.5427815467220254	0.42894932680361175	0.02594514495414013	-0.5096861841939662	0.0	
