0.0	0.1452864443512195	0.017890901970201545	-0.058449201128094264	-0.134323732775448	0.010755118988261647	0.35348931828084695	0.9291980324821347	0.8801565443790669	0.901809966840977	0.5822774619158742	0.1552555340026725	-0.2509642149133002	-0.5213273308034855	-0.6721009080665138	-0.8801565443790669	
-0.1452864443512195	0.0	-0.127562117566761	-0.20286709407648262	-0.27686829527342277	-0.1346370380328995	0.21383212498284754	0.8656436153838363	0.9397828446861962	0.8294583910703005	0.45798283948611984	0.010083465180981577	-0.3889381429242838	-0.6397770313870864	-0.7725484094363312	-0.9397828446861962	
-0.017890901970201545	0.127562117566761	0.0	-0.07630016144031387	-0.15203099931542996	-0.007136469619101582	0.3366969009512621	0.9224371504493167	0.8885081874998132	0.8939343815316878	0.5676391387162227	0.13755672153486975	-0.2682423749124105	-0.5365112124681064	-0.6852408244729153	-0.8885081874998132	
0.058449201128094264	0.20286709407648262	0.07630016144031387	0.0	-0.07617458536240473	0.06918255241055388	0.4075606239133969	0.9492112461437474	0.8509069413656297	0.9255260368966143	0.6288006149143289	0.21273057287621583	-0.1939565482541291	-0.4705580385242563	-0.6276726035144375	-0.8509069413656297	
0.134323732775448	0.27686829527342277	0.15203099931542996	0.07617458536240473	0.0	0.14497361451860086	0.47593742171583286	0.9704208412749462	0.8084188641540947	0.95168301163124	0.6862044436086591	0.28654350056240957	-0.11866496739131693	-0.4019767337544189	-0.5665487026710421	-0.8084188641540947	
-0.010755118988261647	0.1346370380328995	0.007136469619101582	-0.06918255241055388	-0.14497361451860086	0.0	0.3434081201457022	0.9251693888201793	0.8852109158050118	0.8971101679707092	0.5734999785492618	0.1446218482254089	-0.26136061574064	-0.5304751321271967	-0.6800257658597468	-0.8852109158050118	
-0.35348931828084695	-0.21383212498284754	-0.3366969009512621	-0.4075606239133969	-0.47593742171583286	-0.3434081201457022	0.0	0.7385643040534867	0.9911279303519829	0.6908334780278406	0.25730146312078017	-0.2039710149886094	-0.5769379793171122	-0.7893221988570015	-0.8904536537702894	-0.9911279303519829	
-0.9291980324821347	-0.8656436153838363	-0.9224371504493167	-0.9492112461437474	-0.9704208412749462	-0.9251693888201793	-0.7385643040534867	0.0	0.7663652143187936	-0.0682440479657675	-0.5402294362615024	-0.860551211876374	-0.9922122292737805	-0.985610763594996	-0.9364301170114178	-0.7663652143187936	
-0.8801565443790669	-0.9397828446861962	-0.8885081874998132	-0.8509069413656297	-0.8084188641540947	-0.8852109158050118	-0.9911279303519829	-0.7663652143187936	0.0	-0.8084188813210184	-0.9919561099626617	-0.9431813142730847	-0.7328597552459569	-0.5036220652954565	-0.3326850989570393	-0.0	
-0.901809966840977	-0.8294583910703005	-0.8939343815316878	-0.9255260368966143	-0.95168301163124	-0.8971101679707092	-0.6908334780278406	0.0682440479657675	0.8084188813210184	0.0	-0.481541397333658	-0.8237839157849091	-0.9813986465994452	-0.9948483155260073	-0.9581906851444009	-0.8084188813210184	
-0.5822774619158742	-0.45798283948611984	-0.5676391387162227	-0.6288006149143289	-0.6862044436086591	-0.5734999785492618	-0.25730146312078017	0.5402294362615024	0.9919561099626617	0.481541397333658	0.0	-0.44899574827423444	-0.7676738972233733	-0.9207244031774149	-0.9775643239839451	-0.9919561099626617	
-0.1552555340026725	-0.010083465180981577	-0.13755672153486975	-0.21273057287621583	-0.28654350056240957	-0.1446218482254089	0.2039710149886094	0.860551211876374	0.9431813142730847	0.8237839157849091	0.44899574827423444	0.0	-0.3982079017028485	-0.6474942592385495	-0.7789116889101441	-0.9431813142730847	
0.2509642149133002	0.3889381429242838	0.2682423749124105	0.1939565482541291	0.11866496739131693	0.26136061574064	0.5769379793171122	0.9922122292737805	0.7328597552459569	0.9813986465994452	0.7676738972233733	0.3982079017028485	0.0	-0.29048094393952445	-0.46476238224382016	-0.7328597552459569	
0.5213273308034855	0.6397770313870864	0.5365112124681064	0.4705580385242563	0.4019767337544189	0.5304751321271967	0.7893221988570015	0.985610763594996	0.5036220652954565	0.9948483155260073	0.9207244031774149	0.6474942592385495	0.29048094393952445	0.0	-0.18752006540663751	-0.5036220652954565	
0.6721009080665138	0.7725484094363312	0.6852408244729153	0.6276726035144375	0.5665487026710421	0.6800257658597468	0.8904536537702894	0.9364301170114178	0.3326850989570393	0.9581906851444009	0.9775643239839451	0.7789116889101441	0.46476238224382016	0.18752006540663751	0.0	-0.3326850989570393	
0.8801565443790669	0.9397828446861962	0.8885081874998132	0.8509069413656297	0.8084188641540947	0.8852109158050118	0.9911279303519829	0.7663652143187936	0.0	0.8084188813210184	0.9919561099626617	0.9431813142730847	0.7328597552459569	0.5036220652954565	0.3326850989570393	0.0	
