0.0	0.5845484795298772	0.9921164299828028	0.906582906256546	0.19352980832965058	-0.19314058884600388	-0.407982380340133	-0.8039300253647916	-0.5802596119071318	-0.3970645395305053	-0.6373576179062137	-0.9921164273418905	-0.9308587104570575	-0.8101616441005123	-0.5972943558816676	0.2386691170155347	
-0.5845484795298772	0.0	0.8782177312411545	0.4888683155826902	-0.41647512748617693	-0.7302483834869744	-0.8647068878742421	-0.9999206372125554	-0.9468734687899326	-0.8586549542661073	-0.967560139169467	-0.878217741319752	-0.9688423275521961	-0.9999979088426378	-0.9534408221973599	-0.3740092986680574	
-0.9921164299828028	-0.8782177312411545	0.0	-0.532313240087946	-0.9976129376403823	-0.9492316701005653	-0.8546640144072435	-0.48928720186726626	-0.7352930691856809	-0.860795274252398	-0.6846199483770262	-2.1073424255447017e-08	-0.2458440513594821	-0.48005605029775406	-0.7208466455197257	-0.9933551124872249	
-0.906582906256546	-0.4888683155826902	0.532313240087946	0.0	-0.8077684561815835	-0.9710236316198638	-0.9998808394384209	-0.8784473109511787	-0.9832354068927358	-0.999625611484271	-0.9675665195665413	-0.5323132579275998	-0.7240948835080765	-0.8733555385491568	-0.9791743301166852	-0.7796585264185233	
-0.19352980832965058	0.41647512748617693	0.9976129376403823	0.8077684561815835	0.0	-0.37937500278850933	-0.5769599681572066	-0.9038280443279659	-0.7269062390055047	-0.5671776508738421	-0.7744358924972884	-0.997612939095582	-0.9839720574153883	-0.9082934884486366	-0.7412173288596595	0.04621995265995893	
0.19314058884600388	0.7302483834869744	0.9492316701005653	0.9710236316198638	0.37937500278850933	0.0	-0.22396513003782786	-0.673927577581941	-0.4120341643295742	-0.21232561369328323	-0.47652888496098034	-0.9492316634713321	-0.8427620773556252	-0.6816869087220712	-0.43114493467189613	0.4217342473728683	
0.407982380340133	0.8647068878742421	0.8546640144072435	0.9998808394384209	0.5769599681572066	0.22396513003782786	0.0	-0.49134304277318464	-0.1974973770975234	0.011926555476287015	-0.267522778722821	-0.8546640034663114	-0.7007961767865563	-0.5005073779265639	-0.2181127689670737	0.6140945463322972	
0.8039300253647916	0.9999206372125554	0.48928720186726626	0.8784473109511787	0.9038280443279659	0.673927577581941	0.49134304277318464	0.0	0.30965173502841664	0.5016957225117776	0.24043106212241866	-0.48928718348865413	-0.2598644993033356	-0.010553450072296466	0.28954442165757205	0.9226394378234711	
0.5802596119071318	0.9468734687899326	0.7352930691856809	0.9832354068927358	0.7269062390055047	0.4120341643295742	0.1974973770975234	-0.30965173502841664	0.0	0.2091749733815037	-0.07195459255849435	-0.7352930549031823	-0.5461058480485563	-0.31966923921745255	-0.021074346455530746	0.7578703233863635	
0.3970645395305053	0.8586549542661073	0.860795274252398	0.999625611484271	0.5671776508738421	0.21232561369328323	-0.011926555476287015	-0.5016957225117776	-0.2091749733815037	0.0	-0.2789956023120292	-0.8607952635270497	-0.7092542796826244	-0.5107969838487079	-0.22973666257005848	0.6046380447276497	
0.6373576179062137	0.967560139169467	0.6846199483770262	0.9675665195665413	0.7744358924972884	0.47652888496098034	0.267522778722821	-0.24043106212241866	0.07195459255849435	0.2789956023120292	0.0	-0.6846199330166025	-0.48441276530099797	-0.25066155016322833	0.050918892428196694	0.8028494063080774	
0.9921164273418905	0.878217741319752	2.1073424255447017e-08	0.5323132579275998	0.997612939095582	0.9492316634713321	0.8546640034663114	0.48928718348865413	0.7352930549031823	0.8607952635270497	0.6846199330166025	0.0	0.24584403093281393	0.48005603181134926	0.720846630913849	0.993355114912557	
0.9308587104570575	0.9688423275521961	0.2458440513594821	0.7240948835080765	0.9839720574153883	0.8427620773556252	0.7007961767865563	0.2598644993033356	0.5461058480485563	0.7092542796826244	0.48441276530099797	-0.24584403093281393	0.0	0.24965914039931814	0.5283302430449335	0.9911625409875714	
0.8101616441005123	0.9999979088426378	0.48005605029775406	0.8733555385491568	0.9082934884486366	0.6816869087220712	0.5005073779265639	0.010553450072296466	0.31966923921745255	0.5107969838487079	0.25066155016322833	-0.48005603181134926	-0.24965914039931814	0.0	0.2996296857356333	0.926658139072211	
0.5972943558816676	0.9534408221973599	0.7208466455197257	0.9791743301166852	0.7412173288596595	0.43114493467189613	0.2181127689670737	-0.28954442165757205	0.021074346455530746	0.22973666257005848	-0.050918892428196694	-0.720846630913849	-0.5283302430449335	-0.2996296857356333	0.0	0.7714510226162551	
-0.2386691170155347	0.3740092986680574	0.9933551124872249	0.7796585264185233	-0.04621995265995893	-0.4217342473728683	-0.6140945463322972	-0.9226394378234711	-0.7578703233863635	-0.6046380447276497	-0.8028494063080774	-0.993355114912557	-0.9911625409875714	-0.926658139072211	-0.7714510226162551	0.0	
