0.0	0.995492347780447	0.49266969665824895	0.0	0.4683795342053406	0.14095102878777066	0.367264913017185	0.9821652145235007	0.9759554661308718	0.6294532356218928	0.6571684271699079	0.9189633988811803	0.7037148761647466	0.4807241460104786	0.9821652145235007	0.5719342907139835	
-0.995492347780447	0.0	0.8195680309283971	0.995492347780447	0.8351227312398763	0.9721858558947869	0.8910916393983332	0.09402198185706337	0.12442601532649263	0.7138372093026274	0.688019046406615	0.3054090422152109	0.6405382310427763	0.8273264572254563	-0.28032280695274814	-0.8708451462290572	
-0.49266969665824895	-0.8195680309283971	0.0	0.49266969665824895	0.02769561228471451	0.36509326707386913	0.13864020792747883	-0.7620645516001283	-0.7419052231492133	-0.1649372673488989	-0.2005320275949884	-0.605416249030156	-0.26235102659483844	0.013674171361956367	-0.9473279882902528	-0.901843270308964	
-0.0	-0.995492347780447	-0.49266969665824895	0.0	-0.4683795342053406	-0.14095102878777066	-0.367264913017185	-0.9821652145235007	-0.9759554661308718	-0.6294532356218928	-0.6571684271699079	-0.9189633988811803	-0.7037148761647466	-0.4807241460104786	-0.9821652145235007	-0.5719342907139835	
-0.4683795342053406	-0.8351227312398763	-0.02769561228471451	0.4683795342053406	0.0	0.3391694079472451	0.1111588752991427	-0.7797051641280695	-0.7601906705052376	-0.1921902927283211	-0.22758813948450557	-0.6272272007318144	-0.2889758939299769	-0.014024096869595548	-0.9558345318784742	-0.8895310675977692	
-0.14095102878777066	-0.9721858558947869	-0.36509326707386913	0.14095102878777066	-0.3391694079472451	0.0	-0.2324974883035522	-0.9458582346108242	-0.9354889842837795	-0.5136447755933816	-0.5443666730606871	-0.854205963181853	-0.5965461491198861	-0.3523288760895356	-0.9988614377210512	-0.681846473981009	
-0.367264913017185	-0.8910916393983332	-0.13864020792747883	0.367264913017185	-0.1111588752991427	0.2324974883035522	0.0	-0.8444748350458753	-0.8276994277610334	-0.30008583766414143	-0.3344194826180503	-0.7099146245653793	-0.39360144338241426	-0.1250851282732119	-0.9825810762512508	-0.8332326546468216	
-0.9821652145235007	-0.09402198185706337	0.7620645516001283	0.9821652145235007	0.7797051641280695	0.9458582346108242	0.8444748350458753	0.0	0.03058349667224672	0.6448303058695486	0.616740146463899	0.21452638779590882	0.5654987735852306	0.7708473421400929	-0.3693332556768496	-0.9132046141737401	
-0.9759554661308718	-0.12442601532649263	0.7419052231492133	0.9759554661308718	0.7601906705052376	0.9354889842837795	0.8276994277610334	-0.03058349667224672	0.0	0.6211529096957784	0.5923773313440016	0.1845545780554541	0.5400105295469354	0.7510044551436806	-0.39758163952197745	-0.9252402466895212	
-0.6294532356218928	-0.7138372093026274	0.1649372673488989	0.6294532356218928	0.1921902927283211	0.5136447755933816	0.30008583766414143	-0.6448303058695486	-0.6211529096957784	0.0	-0.03619863200654	-0.4658494455854219	-0.09959795421617312	0.1784087371235346	-0.8815298034396677	-0.9607550225169432	
-0.6571684271699079	-0.688019046406615	0.2005320275949884	0.6571684271699079	0.22758813948450557	0.5443666730606871	0.3344194826180503	-0.616740146463899	-0.5923773313440016	0.03619863200654	0.0	-0.4335132685117862	-0.06351403538702693	0.21390968861079163	-0.8638616603860244	-0.9701667948663927	
-0.9189633988811803	-0.3054090422152109	0.605416249030156	0.9189633988811803	0.6272272007318144	0.854205963181853	0.7099146245653793	-0.21452638779590882	-0.1845545780554541	0.4658494455854219	0.4335132685117862	0.0	0.3754024874460995	0.6162430414269173	-0.5600932424735223	-0.9793633487877385	
-0.7037148761647466	-0.6405382310427763	0.26235102659483844	0.7037148761647466	0.2889758939299769	0.5965461491198861	0.39360144338241426	-0.5654987735852306	-0.5400105295469354	0.09959795421617312	0.06351403538702693	-0.3754024874460995	0.0	0.2755216972794058	-0.8301236070031504	-0.983606217834881	
-0.4807241460104786	-0.8273264572254563	-0.013674171361956367	0.4807241460104786	0.014024096869595548	0.3523288760895356	0.1250851282732119	-0.7708473421400929	-0.7510044551436806	-0.1784087371235346	-0.21390968861079163	-0.6162430414269173	-0.2755216972794058	0.0	-0.9516187758083691	-0.8958508437748178	
-0.9821652145235007	0.28032280695274814	0.9473279882902528	0.9821652145235007	0.9558345318784742	0.9988614377210512	0.9825810762512508	0.3693332556768496	0.39758163952197745	0.8815298034396677	0.8638616603860244	0.5600932424735223	0.8301236070031504	0.9516187758083691	0.0	-0.6981345317690134	
-0.5719342907139835	0.8708451462290572	0.901843270308964	0.5719342907139835	0.8895310675977692	0.681846473981009	0.8332326546468216	0.9132046141737401	0.9252402466895212	0.9607550225169432	0.9701667948663927	0.9793633487877385	0.983606217834881	0.8958508437748178	0.6981345317690134	0.0	
