0.0	0.019615660992533035	0.6051900478882496	0.8899078781292361	0.9415404742132594	0.5324440590048972	0.30990668416633754	-0.019814917723920467	0.9246379906737352	0.995319215745872	0.6470800282816636	0.05827172017328741	-0.8899078685167979	-0.5616106917178608	-0.0398354148867201	0.8899078781292361	
-0.019615660992533035	0.0	0.5894579503389324	0.8986841482663929	0.9347508025474918	0.5157376395123616	0.29119713365844513	-0.03942291497954464	0.9169895156835514	0.997023405710963	0.6320001132989663	0.03867817909970006	-0.8986841390236646	-0.577732664248535	-0.059427841486946464	0.8986841482663929	
-0.6051900478882496	-0.5894579503389324	0.0	0.9844903467985172	0.5456540501223092	-0.08840369628989725	-0.32868388089512257	-0.6208455081541264	0.5056018313773691	0.8508414683431337	0.05371787659941085	-0.5577726735110731	-0.9844903504956123	-0.9478228402200634	-0.6364218993234807	0.9844903467985172	
-0.8899078781292361	-0.8986841482663929	-0.9844903467985172	0.0	-0.7292844150133512	-0.9961452343578278	-0.9874559505365593	-0.8806947758733097	-0.7606835650529169	-0.36800280332502167	-0.9736446954527986	-0.9149757903271155	-2.1073424255447017e-08	-0.48013794830487094	-0.8710309801766358	0.0	
-0.9415404742132594	-0.9347508025474918	-0.5456540501223092	0.7292844150133512	0.0	-0.6176008952738032	-0.7907780640635311	-0.9480312606820223	-0.04707261219734621	0.4263152033779733	-0.49985006236234064	-0.9203088345296224	-0.7292844294320128	-0.9682386879423961	-0.9542136778893722	0.7292844150133512	
-0.5324440590048972	-0.5157376395123616	0.08840369628989725	0.9961452343578278	0.6176008952738032	0.0	-0.24390500769650425	-0.5491121598985372	0.5798940492645067	0.893959483508397	0.14178361136736536	-0.48221432565204303	-0.9961452362063732	-0.9159289767277553	-0.5657407262880991	0.9961452343578278	
-0.30990668416633754	-0.29119713365844513	0.32868388089512257	0.9874559505365593	0.7907780640635311	0.24390500769650425	0.0	-0.3286852081636621	0.7610881769710655	0.9762666171195525	0.37894262267358003	-0.2539772508978885	-0.9874559472091765	-0.79037819105721	-0.34753489428010936	0.9874559505365593	
0.019814917723920467	0.03942291497954464	0.6208455081541264	0.8806947758733097	0.9480312606820223	0.5491121598985372	0.3286852081636621	0.0	0.932002907940732	0.9932088484954484	0.6620603148843921	0.07804152682463461	-0.8806947658911616	-0.5451055331125808	-0.020028404081288587	0.8806947758733097	
-0.9246379906737352	-0.9169895156835514	-0.5056018313773691	0.7606835650529169	0.04707261219734621	-0.5798940492645067	-0.7610881769710655	-0.932002907940732	0.0	0.46842331326114656	-0.4585258115745328	-0.9008741872533115	-0.7606835787321585	-0.9789348227211546	-0.9390752697832936	0.7606835650529169	
-0.995319215745872	-0.997023405710963	-0.8508414683431337	0.36800280332502167	-0.4263152033779733	-0.893959483508397	-0.9762666171195525	-0.9932088484954484	-0.46842331326114656	0.0	-0.821388402411433	-0.999259419464722	-0.3680028229196116	-0.7692535956926299	-0.990679415360411	0.36800280332502167	
-0.6470800282816636	-0.6320001132989663	-0.05371787659941085	0.9736446954527986	0.49985006236234064	-0.14178361136736536	-0.37894262267358003	-0.6620603148843921	0.4585258115745328	0.821388402411433	0.0	-0.6015528373179925	-0.9736447002590181	-0.9635794548437053	-0.6769378117529534	0.9736446954527986	
-0.05827172017328741	-0.03867817909970006	0.5577726735110731	0.9149757903271155	0.9203088345296224	0.48221432565204303	0.2539772508978885	-0.07804152682463461	0.9008741872533115	0.999259419464722	0.6015528373179925	0.0	-0.9149757818238045	-0.6088704954696641	-0.09799319221830527	0.9149757903271155	
0.8899078685167979	0.8986841390236646	0.9844903504956123	2.1073424255447017e-08	0.7292844294320128	0.9961452362063732	0.9874559472091765	0.8806947658911616	0.7606835787321585	0.3680028229196116	0.9736447002590181	0.9149757818238045	0.0	0.48013792981941067	0.8710309698247778	2.1073424255447017e-08	
0.5616106917178608	0.577732664248535	0.9478228402200634	0.48013794830487094	0.9682386879423961	0.9159289767277553	0.79037819105721	0.5451055331125808	0.9789348227211546	0.7692535956926299	0.9635794548437053	0.6088704954696641	-0.48013792981941067	0.0	0.5282050293781537	0.48013794830487094	
0.0398354148867201	0.059427841486946464	0.6364218993234807	0.8710309801766358	0.9542136778893722	0.5657407262880991	0.34753489428010936	0.020028404081288587	0.9390752697832936	0.990679415360411	0.6769378117529534	0.09799319221830527	-0.8710309698247778	-0.5282050293781537	0.0	0.8710309801766358	
-0.8899078781292361	-0.8986841482663929	-0.9844903467985172	0.0	-0.7292844150133512	-0.9961452343578278	-0.9874559505365593	-0.8806947758733097	-0.7606835650529169	-0.36800280332502167	-0.9736446954527986	-0.9149757903271155	-2.1073424255447017e-08	-0.48013794830487094	-0.8710309801766358	0.0	
