0.0	0.7120511386650055	0.9146461914464266	0.998150563690391	0.8390378819809424	0.650065219021287	0.36732874825694006	0.28860978799541076	0.650065219021287	1.4901161193847656e-08	0.41720006803591436	0.9988167495076382	0.4607345244795079	0.6127542111019358	0.7542956091596492	0.9237571723395532	
-0.7120511386650055	0.0	0.3543478973291414	0.6575433129757458	0.9765194612156314	0.9975010295488094	0.9201841338737317	0.884391989575254	0.9975010295488094	0.7120511491275221	0.9400502053844082	0.7359255005317114	-0.3084780131650242	-0.13248353029239146	0.06212531555665357	0.3758949912951406	
-0.9146461914464266	-0.3543478973291414	0.0	0.34790609832770863	0.836819807537841	0.9578122091516925	0.9991989412973488	0.992397111829349	0.9578122091516925	0.9146461974702998	0.9998992131155622	0.4482583116753357	-0.6255288780208723	-0.4751115535453426	-0.29556919212095933	0.023143717657064466	
-0.998150563690391	-0.6575433129757458	-0.34790609832770863	0.0	0.5940720814381403	0.7979906867723597	0.9507010284599756	0.973220726900768	0.7979906867723597	0.998150564596236	0.9324955630806934	0.10926066182381967	-0.8578883947866406	-0.751562514810638	-0.6094669209871806	-0.3261149957164301	
-0.8390378819809424	-0.9765194612156314	-0.836819807537841	-0.5940720814381403	0.0	0.28388384302247893	0.5805280729639815	0.6463093478961583	0.28388384302247893	0.8390378738736228	0.5355426414160006	-0.5026248837849715	-0.9953512183698332	-0.9964524655729311	-0.9612495669273244	-0.8239249781743363	
-0.650065219021287	-0.9975010295488094	-0.9578122091516925	-0.7979906867723597	-0.28388384302247893	0.0	0.3254947339764126	0.4030945196980549	0.0	0.6500652076982162	0.2737674791533111	-0.7273651233098166	-0.9270598049263468	-0.9793480463751669	-0.9999634874424042	-0.9509042733727984	
-0.36732874825694006	-0.9201841338737317	-0.9991989412973488	-0.9507010284599756	-0.5805280729639815	-0.3254947339764126	0.0	0.08326432117819776	-0.3254947339764126	0.3673287343975015	-0.05420034590143746	-0.9111265994742112	-0.7545433363141711	-0.8602074754288764	-0.9427278476927572	-0.9998574796821842	
-0.28860978799541076	-0.884391989575254	-0.992397111829349	-0.973220726900768	-0.6463093478961583	-0.4030945196980549	-0.08326432117819776	0.0	-0.4030945196980549	0.2886097737283415	-0.13715406441632427	-0.9422781499755911	-0.6972809532783135	-0.8147602439837782	-0.9116803346143294	-0.9949797582121046	
-0.650065219021287	-0.9975010295488094	-0.9578122091516925	-0.7979906867723597	-0.28388384302247893	0.0	0.3254947339764126	0.4030945196980549	0.0	0.6500652076982162	0.2737674791533111	-0.7273651233098166	-0.9270598049263468	-0.9793480463751669	-0.9999634874424042	-0.9509042733727984	
-1.4901161193847656e-08	-0.7120511491275221	-0.9146461974702998	-0.998150564596236	-0.8390378738736228	-0.6500652076982162	-0.3673287343975015	-0.2886097737283415	-0.6500652076982162	0.0	-0.41720005449352043	-0.9988167487829603	-0.4607345377048546	-0.6127542228779294	-0.7542956189427822	-0.9237571780463805	
-0.41720006803591436	-0.9400502053844082	-0.9998992131155622	-0.9324955630806934	-0.5355426414160006	-0.2737674791533111	0.05420034590143746	0.13715406441632427	-0.2737674791533111	0.41720005449352043	0.0	-0.8874499137935355	-0.7890032076881384	-0.8865821927224806	-0.9594213383534773	-0.9993028098718988	
-0.9988167495076382	-0.7359255005317114	-0.4482583116753357	-0.10926066182381967	0.5026248837849715	0.7273651233098166	0.9111265994742112	0.9422781499755911	0.7273651233098166	0.9988167487829603	0.8874499137935355	0.0	-0.9088943992944871	-0.819138102484597	-0.6924412323778587	-0.42744998151786273	
-0.4607345244795079	0.3084780131650242	0.6255288780208723	0.8578883947866406	0.9953512183698332	0.9270598049263468	0.7545433363141711	0.6972809532783135	0.9270598049263468	0.4607345377048546	0.7890032076881384	0.9088943992944871	0.0	0.17973633959569613	0.3669776991912653	0.6434180810353047	
-0.6127542111019358	0.13248353029239146	0.4751115535453426	0.751562514810638	0.9964524655729311	0.9793480463751669	0.8602074754288764	0.8147602439837782	0.9793480463751669	0.6127542228779294	0.8865821927224806	0.819138102484597	-0.17973633959569613	0.0	0.19380531315156008	0.4953490430953769	
-0.7542956091596492	-0.06212531555665357	0.29556919212095933	0.6094669209871806	0.9612495669273244	0.9999634874424042	0.9427278476927572	0.9116803346143294	0.9999634874424042	0.7542956189427822	0.9594213383534773	0.6924412323778587	-0.3669776991912653	-0.19380531315156008	0.0	0.31759971065239256	
-0.9237571723395532	-0.3758949912951406	-0.023143717657064466	0.3261149957164301	0.8239249781743363	0.9509042733727984	0.9998574796821842	0.9949797582121046	0.9509042733727984	0.9237571780463805	0.9993028098718988	0.42744998151786273	-0.6434180810353047	-0.4953490430953769	-0.31759971065239256	0.0	
