0.0	-0.9299518050478071	-0.75701643583683	-0.9261932558095113	-0.5111615728052445	-0.9995364422553177	-0.6950415258395773	-0.7404321023586229	-0.9012712366453127	-0.9590099543093809	-0.8157147402144084	-0.7046028326149967	-0.6141013107757431	-0.0	-0.21515104094177537	-0.37982447697727467	
0.9299518050478071	0.0	-0.8859675273974907	0.010093458286363377	0.6113346699840427	-0.3958234191044129	-0.9241609399892141	-0.8972927298911719	-0.7342872563755243	-0.616132818845385	-0.8378578582424208	-0.9189649455238704	-0.9597369166783328	-0.9299518050478071	-0.9872801080111514	-0.9999143014579885	
0.75701643583683	0.8859675273974907	0.0	0.8906032098259302	0.9846348410352375	0.6300455498415183	-0.09013456223064259	-0.025019087253584538	0.26090548566745275	0.41209555738743797	0.09508514461170686	-0.07679574137352108	-0.19620672720339205	-0.75701643583683	-0.5987089113186881	-0.4521088142818164	
0.9261932558095113	-0.010093458286363377	-0.8906032098259302	0.0	0.6033158463950821	-0.40507234741289383	-0.9279695978487588	-0.9017026375985604	-0.7411016835202862	-0.6240514673098503	-0.8433250799429768	-0.9228983797981829	-0.9625232842005048	-0.9261932558095113	-0.9856250514452283	-0.9999955049977785	
0.5111615728052445	-0.6113346699840427	-0.9846348410352375	-0.6033158463950821	0.0	-0.8746485550226183	-0.9648871442195599	-0.9799576419683746	-0.9960922467727378	-0.9691033984505714	-0.996777937399531	-0.9683165322821066	-0.9312332631301147	-0.5111615728052445	-0.6841095849999131	-0.799307699876204	
0.9995364422553177	0.3958234191044129	-0.6300455498415183	0.40507234741289383	0.8746485550226183	0.0	-0.6974757415707531	-0.6492771058126877	-0.40561522366442254	-0.25404392502190504	-0.5533517570099241	-0.6878212896818628	-0.7701650115654902	-0.9995364422553177	-0.9695778008357243	-0.9130659843809732	
0.6950415258395773	0.9241609399892141	0.09013456223064259	0.9279695978487588	0.9648871442195599	0.6974757415707531	0.0	0.06518909826998898	0.3468561880483582	0.4925434240970019	0.18442428512872883	0.01338522933229136	-0.10702551015796341	-0.6950415258395773	-0.5240771423005838	-0.36987187320128184	
0.7404321023586229	0.8972927298911719	0.025019087253584538	0.9017026375985604	0.9799576419683746	0.6492771058126877	-0.06518909826998898	0.0	0.28497635026899765	0.4347624675930971	0.11996110980997654	-0.05182650023403773	-0.1716125292572584	-0.7404321023586229	-0.5784820441294984	-0.42965119741880237	
0.9012712366453127	0.7342872563755243	-0.26090548566745275	0.7411016835202862	0.9960922467727378	0.40561522366442254	-0.3468561880483582	-0.28497635026899765	0.0	0.1601007705990265	-0.16793155151303774	-0.33427086264402917	-0.4452451286993535	-0.9012712366453127	-0.7869488422203044	-0.6691677165769606	
0.9590099543093809	0.616132818845385	-0.41209555738743797	0.6240514673098503	0.9691033984505714	0.25404392502190504	-0.4925434240970019	-0.4347624675930971	-0.1601007705990265	0.0	-0.3235924727016528	-0.48085029629063497	-0.5828573932602291	-0.9590099543093809	-0.875582830767774	-0.779508614267138	
0.8157147402144084	0.8378578582424208	-0.09508514461170686	0.8433250799429768	0.996777937399531	0.5533517570099241	-0.18442428512872883	-0.11996110980997654	0.16793155151303774	0.3235924727016528	0.0	-0.1712521344583237	-0.288554674785777	-0.8157147402144084	-0.672156280648256	-0.5348727849790851	
0.7046028326149967	0.9189649455238704	0.07679574137352108	0.9228983797981829	0.9683165322821066	0.6878212896818628	-0.01338522933229136	0.05182650023403773	0.33427086264402917	0.48085029629063497	0.1712521344583237	0.0	-0.12032427040433114	-0.7046028326149967	-0.5354300011762837	-0.38227472376078153	
0.6141013107757431	0.9597369166783328	0.19620672720339205	0.9625232842005048	0.9312332631301147	0.7701650115654902	0.10702551015796341	0.1716125292572584	0.4452451286993535	0.5828573932602291	0.288554674785777	0.12032427040433114	0.0	-0.6141013107757431	-0.4299164855734852	-0.26831187317584176	
0.0	0.9299518050478071	0.75701643583683	0.9261932558095113	0.5111615728052445	0.9995364422553177	0.6950415258395773	0.7404321023586229	0.9012712366453127	0.9590099543093809	0.8157147402144084	0.7046028326149967	0.6141013107757431	0.0	0.21515104094177537	0.37982447697727467	
0.21515104094177537	0.9872801080111514	0.5987089113186881	0.9856250514452283	0.6841095849999131	0.9695778008357243	0.5240771423005838	0.5784820441294984	0.7869488422203044	0.875582830767774	0.672156280648256	0.5354300011762837	0.4299164855734852	-0.21515104094177537	0.0	0.17190197059290646	
0.37982447697727467	0.9999143014579885	0.4521088142818164	0.9999955049977785	0.799307699876204	0.9130659843809732	0.36987187320128184	0.42965119741880237	0.6691677165769606	0.779508614267138	0.5348727849790851	0.38227472376078153	0.26831187317584176	-0.37982447697727467	-0.17190197059290646	0.0	
