0.0	0.09971557631189859	-0.14498155183514083	-0.05468720680159078	0.8932717260354888	0.6367822339245217	0.9441946522807168	0.9986556931744704	0.9643226272119779	0.9999203231011955	0.8022204299340646	0.5936723478794044	0.21492857641070834	0.07097199882786215	0.11375354794907372	-0.6367822176759905	
-0.09971557631189859	0.0	-0.24292097840072485	-0.1539810002044109	0.8439957866882682	0.7104935664768444	0.972333883720953	0.9885096764457765	0.9859141108512721	0.9961954405459785	0.7386891617952275	0.510471664931979	0.11647216812508204	-0.02884585127642092	0.0141182758165882	-0.7104935516473976	
0.14498155183514083	0.24292097840072485	0.0	0.09065519064185301	0.9490054239256067	0.5182671089900794	0.8864634457160836	0.9956192888631811	0.9157530017505842	0.9875253791950795	0.8803024961435957	0.7040674691285579	0.35425101768550193	0.2148380871747944	0.2565921451146861	-0.5182670909676906	
0.05468720680159078	0.1539810002044109	-0.09065519064185301	0.0	0.9165178107892771	0.5936630853520346	0.9247683880215967	0.9999959192109873	0.9484022184589318	0.997733644869165	0.833669726507421	0.6367911088942603	0.2680160975026726	0.12541509423788766	0.16791555181271267	-0.5936630683939612	
-0.8932717260354888	-0.8439957866882682	-0.9490054239256067	-0.9165178107892771	0.0	0.9749960396311769	0.7186646350168613	0.40261059480238814	0.669955162660156	0.46075731217859117	-0.1726963924392954	-0.45195602055777184	-0.775781689626829	-0.8591160429565663	-0.8363393330012769	-0.9749960443141601	
-0.6367822339245217	-0.7104935664768444	-0.5182671089900794	-0.5936630853520346	-0.9749960396311769	0.0	-0.5182669073616849	-0.8030144142408389	-0.5749596482022818	-0.7629439783669755	-0.9987238044850977	-0.9701703604497008	-0.7876198111462086	-0.6898989779417557	-0.7203578360055191	-2.1073424255447017e-08	
-0.9441946522807168	-0.972333883720953	-0.8864634457160836	-0.9247683880215967	-0.7186646350168613	0.5182669073616849	0.0	-0.3778869842627899	-0.06767983952714735	-0.3174429186824328	-0.8279523924633942	-0.9553484723764478	-0.9929235010496777	-0.9651910095808289	-0.9755349378380535	-0.518266925384076	
-0.9986556931744704	-0.9885096764457765	-0.9956192888631811	-0.9999959192109873	-0.40261059480238814	0.8030144142408389	0.3778869842627899	0.0	0.3143590272192505	0.0644366045207857	-0.5546427425364324	-0.7728524366890422	-0.9641761827809954	-0.9924585993481636	-0.9862770691715828	-0.8030144267997483	
-0.9643226272119779	-0.9859141108512721	-0.9157530017505842	-0.9484022184589318	-0.669955162660156	0.5749596482022818	0.06767983952714735	-0.3143590272192505	0.0	-0.25253578989279063	-0.7880992277873797	-0.933159807059434	-0.9986841858442531	-0.9806793063190137	-0.9881771624828377	-0.5749596654441732	
-0.9999203231011955	-0.9961954405459785	-0.9875253791950795	-0.997733644869165	-0.46075731217859117	0.7629439783669755	0.3174429186824328	-0.0644366045207857	0.25253578989279063	0.0	-0.6071070490547901	-0.8121368496090784	-0.9792650605962047	-0.9982947323679088	-0.9948657829178422	-0.7629439919901982	
-0.8022204299340646	-0.7386891617952275	-0.8803024961435957	-0.833669726507421	0.1726963924392954	0.9987238044850977	0.8279523924633942	0.5546427425364324	0.7880992277873797	0.6071070490547901	0.0	-0.2911133004371772	-0.6551539847863901	-0.7578252097897442	-0.7290991676447652	-0.9987238055494123	
-0.5936723478794044	-0.510471664931979	-0.7040674691285579	-0.6367911088942603	0.45195602055777184	0.9701703604497008	0.9553484723764478	0.7728524366890422	0.933159807059434	0.8121368496090784	0.2911133004371772	0.0	-0.4068435868185555	-0.5350636343130241	-0.4982805585561417	-0.9701703553409935	
-0.21492857641070834	-0.11647216812508204	-0.35425101768550193	-0.2680160975026726	0.775781689626829	0.7876198111462086	0.9929235010496777	0.9641761827809954	0.9986841858442531	0.9792650605962047	0.6551539847863901	0.4068435868185555	0.0	-0.1450732259180843	-0.10243837338878392	-0.7876197981615751	
-0.07097199882786215	0.02884585127642092	-0.2148380871747944	-0.12541509423788766	0.8591160429565663	0.6898989779417557	0.9651910095808289	0.9924585993481636	0.9806793063190137	0.9982947323679088	0.7578252097897442	0.5350636343130241	0.1450732259180843	0.0	0.04295537707782787	-0.6898989626865845	
-0.11375354794907372	-0.0141182758165882	-0.2565921451146861	-0.16791555181271267	0.8363393330012769	0.7203578360055191	0.9755349378380535	0.9862770691715828	0.9881771624828377	0.9948657829178422	0.7290991676447652	0.4982805585561417	0.10243837338878392	-0.04295537707782787	0.0	-0.7203578213889367	
0.6367822176759905	0.7104935516473976	0.5182670909676906	0.5936630683939612	0.9749960443141601	2.1073424255447017e-08	0.518266925384076	0.8030144267997483	0.5749596654441732	0.7629439919901982	0.9987238055494123	0.9701703553409935	0.7876197981615751	0.6898989626865845	0.7203578213889367	0.0	
