0.0	-0.9298140289186967	-0.688846725498414	-0.996012000131504	-0.564725754601751	-0.9341512984614443	-0.7688699768222403	-0.4932485167324275	-0.4045901051717571	-0.0	-0.9780908650047243	-0.987141094640309	-0.8874174904314702	-0.9883163657335173	-0.9022435844077181	-0.5537037088219211	
0.9298140289186967	0.0	-0.9275447821136393	-0.2836045933761594	0.559519791826852	-0.011965989160413193	-0.8774948869759827	-0.990364587921141	-0.9992143807229393	-0.9298140289186967	-0.5535337300977305	-0.511929299223737	-0.7552092095257974	-0.5054487048586662	-0.7330131364711496	-0.978048352834086	
0.688846725498414	0.9275447821136393	0.0	0.7834745610455491	0.9778641482909122	0.923006540501592	0.11690709347191658	-0.2416604917436202	-0.3366588409610046	-0.688846725498414	0.565621903391813	0.6054724198357118	0.3257598426539603	0.6114459291666003	0.3569935705244528	-0.17222843955190265	
0.996012000131504	0.2836045933761594	-0.7834745610455491	0.0	0.7716029471052794	0.27210960738997153	-0.7054533056563116	-0.9104266473994826	-0.9469483942576148	-0.996012000131504	-0.29461286567041556	-0.24728598337323748	-0.5383030834143055	-0.2399855320733305	-0.510004625170656	-0.8787939905472619	
0.564725754601751	-0.559519791826852	-0.9778641482909122	-0.7716029471052794	0.0	-0.5693973481167978	-0.995620524952451	-0.8983158681924833	-0.8503402207246373	-0.564725754601751	-0.9247612144571523	-0.9049386365596785	-0.9926863991445327	-0.9017098499289135	-0.9881272067061094	-0.9272147452836632	
0.9341512984614443	0.011965989160413193	-0.923006540501592	-0.27210960738997153	0.5693973481167978	0.0	-0.8716933419428348	-0.9886365775973213	-0.9986686170573806	-0.9341512984614443	-0.5435285038796146	-0.501613532863602	-0.7473116279234582	-0.4950875838744786	-0.724821217266959	-0.9754848797398654	
0.7688699768222403	0.8774948869759827	-0.11690709347191658	0.7054533056563116	0.995620524952451	0.8716933419428348	0.0	-0.35344545908979724	-0.4444331622078996	-0.7688699768222403	0.46533419947659715	0.5082781934270965	0.21299595067730254	0.5147461844740386	0.24534189825138952	-0.28620759926926176	
0.4932485167324275	0.990364587921141	0.2416604917436202	0.9104266473994826	0.8983158681924833	0.9886365775973213	0.35344545908979724	0.0	-0.09912659471387897	-0.4932485167324275	0.7481462351635367	0.7798561791359025	0.5445831306640609	0.7845458163046464	0.5721493081636237	0.07092563032901816	
0.4045901051717571	0.9992143807229393	0.3366588409610046	0.9469483942576148	0.8503402207246373	0.9986686170573806	0.4444331622078996	0.09912659471387897	0.0	-0.4045901051717571	0.8102353421858067	0.8380644132245961	0.6250391224052851	0.8421473072391509	0.6506300009062991	0.16945326450012194	
0.0	0.9298140289186967	0.688846725498414	0.996012000131504	0.564725754601751	0.9341512984614443	0.7688699768222403	0.4932485167324275	0.4045901051717571	0.0	0.9780908650047243	0.987141094640309	0.8874174904314702	0.9883163657335173	0.9022435844077181	0.5537037088219211	
0.9780908650047243	0.5535337300977305	-0.565621903391813	0.29461286567041556	0.9247612144571523	0.5435285038796146	-0.46533419947659715	-0.7481462351635367	-0.8102353421858067	-0.9780908650047243	0.0	0.049152324796764346	-0.26612602915863237	0.05666905623230137	-0.23395129478731813	-0.6992005496871662	
0.987141094640309	0.511929299223737	-0.6054724198357118	0.24728598337323748	0.9049386365596785	0.501613532863602	-0.5082781934270965	-0.7798561791359025	-0.8380644132245961	-0.987141094640309	-0.049152324796764346	0.0	-0.3131841666412749	0.007527222116382876	-0.28145678155796516	-0.7334956763194163	
0.8874174904314702	0.7552092095257974	-0.3257598426539603	0.5383030834143055	0.9926863991445327	0.7473116279234582	-0.21299595067730254	-0.5445831306640609	-0.6250391224052851	-0.8874174904314702	0.26612602915863237	0.3131841666412749	0.0	0.3203238398821229	0.03322598412036637	-0.4837258425373585	
0.9883163657335173	0.5054487048586662	-0.6114459291666003	0.2399855320733305	0.9017098499289135	0.4950875838744786	-0.5147461844740386	-0.7845458163046464	-0.8421473072391509	-0.9883163657335173	-0.05666905623230137	-0.007527222116382876	-0.3203238398821229	0.0	-0.28867173382865957	-0.7385911050232247	
0.9022435844077181	0.7330131364711496	-0.3569935705244528	0.510004625170656	0.9881272067061094	0.724821217266959	-0.24534189825138952	-0.5721493081636237	-0.6506300009062991	-0.9022435844077181	0.23395129478731813	0.28145678155796516	-0.03322598412036637	0.28867173382865957	0.0	-0.5125387921496901	
0.5537037088219211	0.978048352834086	0.17222843955190265	0.8787939905472619	0.9272147452836632	0.9754848797398654	0.28620759926926176	-0.07092563032901816	-0.16945326450012194	-0.5537037088219211	0.6992005496871662	0.7334956763194163	0.4837258425373585	0.7385911050232247	0.5125387921496901	0.0	
