0.0	0.3769268039101616	0.3397816198226214	0.1507545751080528	0.16191872488443132	0.023910007305178727	0.5522878236756995	0.9154540896028894	0.8990539721212789	0.9976119896614747	0.40680273493814234	0.2633802846232757	0.34998125338954145	0.004004261353446392	-0.39668789062389376	-0.8990539655969869	
-0.3769268039101616	0.0	-0.03978093911326601	-0.2329836134056686	-0.22197682118555045	-0.35467256810613745	0.19732640761061376	0.6962491872508182	0.9977753012262024	0.8979977822976446	0.032469528208715126	-0.11966414799959382	-0.02892100745555795	-0.3732148628131803	-0.7134306982497819	-0.9977753002327912	
-0.3397816198226214	0.03978093911326601	0.0	-0.19411299547464533	-0.18301262795314244	-0.31719701520999766	0.23616896908072216	0.7242528183504171	0.9943334236412354	0.9147905622752847	0.07220378979947664	-0.08007433449322017	0.010866184440145255	-0.33601287050318557	-0.684990434291089	-0.9943334220571471	
-0.1507545751080528	0.2329836134056686	0.19411299547464533	0.0	0.011302959077871044	-0.12707473151795912	0.4202987686028631	0.844324544698219	0.9547849368308036	0.9757982622378538	0.26443675542378564	0.11493842352035058	0.20476103595613804	-0.14679486896201843	-0.5305399294001325	-0.9547849324007275	
-0.16191872488443132	0.22197682118555045	0.18301262795314244	-0.011302959077871044	0.0	-0.13827794155898826	0.41001577542940904	0.8382141202888279	0.9580842846812317	0.9732642791510382	0.25351925510473095	0.10370303114463747	0.19368448381762812	-0.1579660052575761	-0.540087103930205	-0.9580842804122504	
-0.023910007305178727	0.35467256810613745	0.31719701520999766	0.12707473151795912	0.13827794155898826	0.0	0.5321972715214389	0.9055704517566486	0.9092656514319161	0.9956753830935557	0.3848442611800863	0.24023919324295925	0.3274833393343885	-0.01990669902174913	-0.41852275952408374	-0.9092656452298103	
-0.5522878236756995	-0.19732640761061376	-0.23616896908072216	-0.4202987686028631	-0.41001577542940904	-0.5321972715214389	0.0	0.5409185003928274	0.9913119873371964	0.7935175945006118	-0.16539125521093698	-0.31321979770643643	-0.22559622411152308	-0.5489452294399366	-0.8376748164495542	-0.9913119892971688	
-0.9154540896028894	-0.6962491872508182	-0.7242528183504171	-0.844324544698219	-0.8382141202888279	-0.9055704517566486	-0.5409185003928274	0.0	0.7626199029791849	0.3382333226045046	-0.6725754405260341	-0.7771411842648781	-0.7167174501087108	-0.913835345755569	-0.999980433898028	-0.7626199126179544	
-0.8990539721212789	-0.9977753012262024	-0.9943334236412354	-0.9547849368308036	-0.9580842846812317	-0.9092656514319161	-0.9913119873371964	-0.7626199029791849	0.0	-0.4988876577887823	-0.9994138362560825	-0.9826281032931077	-0.9954298640018445	-0.9007999813829576	-0.6516048235010125	-1.4901161193847656e-08	
-0.9976119896614747	-0.8979977822976446	-0.9147905622752847	-0.9757982622378538	-0.9732642791510382	-0.9956753830935557	-0.7935175945006118	-0.3382333226045046	0.4988876577887823	0.0	-0.8832376995050514	-0.9441973788483058	-0.9103473927051786	-0.9973274274413882	-0.943159702716936	-0.4988876707031219	
-0.40680273493814234	-0.032469528208715126	-0.07220378979947664	-0.26443675542378564	-0.25351925510473095	-0.3848442611800863	0.16539125521093698	0.6725754405260341	0.9994138362560825	0.8832376995050514	0.0	-0.15183726831778482	-0.06136170436701873	-0.40314151663555803	-0.7358067606364109	-0.9994138357459523	
-0.2633802846232757	0.11966414799959382	0.08007433449322017	-0.11493842352035058	-0.10370303114463747	-0.24023919324295925	0.31321979770643643	0.7771411842648781	0.9826281032931077	0.9441973788483058	0.15183726831778482	0.0	0.09090089898626337	-0.25951529383264227	-0.6244525366080731	-0.9826281005276668	
-0.34998125338954145	0.02892100745555795	-0.010866184440145255	-0.20476103595613804	-0.19368448381762812	-0.3274833393343885	0.22559622411152308	0.7167174501087108	0.9954298640018445	0.9103473927051786	0.06136170436701873	-0.09090089898626337	0.0	-0.3462274288925605	-0.6928665743934295	-0.9954298625788509	
-0.004004261353446392	0.3732148628131803	0.33601287050318557	0.14679486896201843	0.1579660052575761	0.01990669902174913	0.5489452294399366	0.913835345755569	0.9007999813829576	0.9973274274413882	0.40314151663555803	0.25951529383264227	0.3462274288925605	0.0	-0.4003604362617256	-0.9007999749123627	
0.39668789062389376	0.7134306982497819	0.684990434291089	0.5305399294001325	0.540087103930205	0.41852275952408374	0.8376748164495542	0.999980433898028	0.6516048235010125	0.943159702716936	0.7358067606364109	0.6244525366080731	0.6928665743934295	0.4003604362617256	0.0	-0.6516048121976084	
0.8990539655969869	0.9977753002327912	0.9943334220571471	0.9547849324007275	0.9580842804122504	0.9092656452298103	0.9913119892971688	0.7626199126179544	1.4901161193847656e-08	0.4988876707031219	0.9994138357459523	0.9826281005276668	0.9954298625788509	0.9007999749123627	0.6516048121976084	0.0	
