0.0	0.5975957408196133	0.5173597740913886	-0.3048125441926084	-0.3048125441926084	0.35121521028984104	0.8438673307803268	0.9990649820263275	0.9469020383697518	0.8611826864076051	0.9836756066276873	0.5853735943079335	0.356941413246167	0.29880039212234744	-0.10483500053397726	-0.8611826864076051	
-0.5975957408196133	0.0	-0.09658550436562374	-0.8135555276203471	-0.8135555276203471	-0.27792226086038685	0.3559696458037718	0.8268842032496437	0.9513640475010688	0.9942494427361074	0.6811708541896543	-0.015157804946816941	-0.2720354258167981	-0.33071753118797703	-0.6783592145708286	-0.9942494427361074	
-0.5173597740913886	0.09658550436562374	0.0	-0.7535886662790198	-0.7535886662790198	-0.18384250817499975	0.44456429179557183	0.8773352685829781	0.9766711169228031	0.9999442606175458	0.7486987829361873	0.08148747050766293	-0.1778205779584869	-0.23802070685879645	-0.6042233683086341	-0.9999442606175458	
0.3048125441926084	0.8135555276203471	0.7535886662790198	0.0	0.0	0.6198960966960438	0.9672574261473087	0.938343636896007	0.8038372077412591	0.6652661748728497	0.9917160809229136	0.8046479913041616	0.624688973727912	0.5754685638908784	0.20328676327364387	-0.6652661748728497	
0.3048125441926084	0.8135555276203471	0.7535886662790198	0.0	0.0	0.6198960966960438	0.9672574261473087	0.938343636896007	0.8038372077412591	0.6652661748728497	0.9917160809229136	0.8046479913041616	0.624688973727912	0.5754685638908784	0.20328676327364387	-0.6652661748728497	
-0.35121521028984104	0.27792226086038685	0.18384250817499975	-0.6198960966960438	-0.6198960966960438	0.0	0.6016633752297648	0.9506036758256382	0.9995029055981999	0.9848419694627553	0.8578088468998085	0.2633296899175929	0.0061228436376149775	-0.05540492422636556	-0.44743634584229613	-0.9848419694627553	
-0.8438673307803268	-0.3559696458037718	-0.44456429179557183	-0.9672574261473087	-0.9672574261473087	-0.6016633752297648	0.0	0.5725337955129572	0.7793841628070363	0.8910032169714134	0.3759383775814507	-0.37009368093270106	-0.59676147727983	-0.644993870784675	-0.8954667263328709	-0.8910032169714134	
-0.9990649820263275	-0.8268842032496437	-0.8773352685829781	-0.938343636896007	-0.938343636896007	-0.9506036758256382	-0.5725337955129572	0.0	0.2802834023458563	0.47058809647571215	-0.22231060894508936	-0.8353135341540617	-0.9486852820026583	-0.9663416070048451	-0.9890273478401379	-0.47058809647571215	
-0.9469020383697518	-0.9513640475010688	-0.9766711169228031	-0.8038372077412591	-0.8038372077412591	-0.9995029055981999	-0.7793841628070363	-0.2802834023458563	0.0	0.2044167477309732	-0.4866693591896363	-0.9559243973173367	-0.9992911362157674	-0.9997143788735025	-0.9079774762986925	-0.2044167477309732	
-0.8611826864076051	-0.9942494427361074	-0.9999442606175458	-0.6652661748728497	-0.6652661748728497	-0.9848419694627553	-0.8910032169714134	-0.47058809647571215	-0.2044167477309732	0.0	-0.6549684860073633	-0.9957584508569294	-0.985885540623737	-0.9737190136419884	-0.8031500847630544	-0.0	
-0.9836756066276873	-0.6811708541896543	-0.7486987829361873	-0.9917160809229136	-0.9917160809229136	-0.8578088468998085	-0.3759383775814507	0.22231060894508936	0.4866693591896363	0.6549684860073633	0.0	-0.6921899973110238	-0.8546458165358323	-0.8849676299944778	-0.9971203346002533	-0.6549684860073633	
-0.5853735943079335	0.015157804946816941	-0.08148747050766293	-0.8046479913041616	-0.8046479913041616	-0.2633296899175929	0.37009368093270106	0.8353135341540617	0.9559243973173367	0.9957584508569294	0.6921899973110238	0.0	-0.25741801047487134	-0.3163746642688991	-0.6671443802596811	-0.9957584508569294	
-0.356941413246167	0.2720354258167981	0.1778205779584869	-0.624688973727912	-0.624688973727912	-0.0061228436376149775	0.59676147727983	0.9486852820026583	0.9992911362157674	0.985885540623737	0.8546458165358323	0.25741801047487134	0.0	-0.061517324423815994	-0.4529037144358329	-0.985885540623737	
-0.29880039212234744	0.33071753118797703	0.23802070685879645	-0.5754685638908784	-0.5754685638908784	0.05540492422636556	0.644993870784675	0.9663416070048451	0.9997143788735025	0.9737190136419884	0.8849676299944778	0.3163746642688991	0.061517324423815994	0.0	-0.39719957097871605	-0.9737190136419884	
0.10483500053397726	0.6783592145708286	0.6042233683086341	-0.20328676327364387	-0.20328676327364387	0.44743634584229613	0.8954667263328709	0.9890273478401379	0.9079774762986925	0.8031500847630544	0.9971203346002533	0.6671443802596811	0.4529037144358329	0.39719957097871605	0.0	-0.8031500847630544	
0.8611826864076051	0.9942494427361074	0.9999442606175458	0.6652661748728497	0.6652661748728497	0.9848419694627553	0.8910032169714134	0.47058809647571215	0.2044167477309732	0.0	0.6549684860073633	0.9957584508569294	0.985885540623737	0.9737190136419884	0.8031500847630544	0.0	
