0.0	0.40809628204631554	0.9897206370404029	0.692468223238964	0.9967720126284156	0.9243848858143551	0.9354464800060696	0.7156365020318418	0.5124861811316148	0.9921684763829532	0.975122568132409	0.2614367259959605	0.7534299459533372	0.9843125818024288	0.5608627707378624	-0.6924682232389643	
-0.40809628204631554	0.0	0.845190901787177	0.9266015741019114	0.8772282502078079	0.6882340523803196	0.7097563506426134	0.36828820178961563	0.11743813784964122	0.9567632018430008	0.79976609990204	-0.15522718936311547	0.419500693324925	0.8266154292802771	0.17416694165096605	-0.9266015741019118	
-0.9897206370404029	-0.845190901787177	0.0	0.8130651337490553	0.06309360689778987	-0.2453397761505708	-0.21605280515269354	-0.588946867168844	-0.776575830070275	0.2655170387797238	-0.07993140410622784	-0.9179095998349562	-0.543018037082189	-0.03384909396893143	-0.7391870688554323	-0.8130651337490556	
-0.692468223238964	-0.9266015741019114	-0.8130651337490553	0.0	-0.7747138164074545	-0.9310456761380713	-0.9196419529180146	-0.9999650829655152	-0.9643516513099073	-0.6293043304936261	-0.8569975070936199	-0.8569977067638896	-0.9988781865339131	-0.832305230490366	-0.9779340590600146	-0.0	
-0.9967720126284156	-0.8772282502078079	-0.06309360689778987	0.7747138164074545	0.0	-0.3060162511766183	-0.27722578638954726	-0.6387639285268205	-0.8147790644863341	0.20415909070113547	-0.14266388034134264	-0.9411156546582582	-0.5949171640107083	-0.09683910493011028	-0.7802078774689082	-0.7747138164074548	
-0.9243848858143551	-0.6882340523803196	0.2453397761505708	0.9310456761380713	0.3060162511766183	0.0	0.03009564645803059	-0.3726702965878112	-0.5982715656180017	0.4939356735406244	0.1670663059241721	-0.7925074040523715	-0.32040489007715905	0.21238461617490478	-0.5513590271767608	-0.9310456761380718	
-0.9354464800060696	-0.7097563506426134	0.21605280515269354	0.9196419529180146	0.27722578638954726	-0.03009564645803059	0.0	-0.40042915671149953	-0.622116005889062	0.46754381438228876	0.13731795671756203	-0.8105026166846308	-0.34876877892664065	0.18287936198049032	-0.5762171115362023	-0.9196419529180151	
-0.7156365020318418	-0.36828820178961563	0.588946867168844	0.9999650829655152	0.6387639285268205	0.3726702965878112	0.40042915671149953	0.0	-0.25655611315580834	0.7823906784920248	0.5224641497993099	-0.5081406365063043	0.05569923030761686	0.561253492524545	-0.20073429726519879	-0.9999650829655157	
-0.5124861811316148	-0.11743813784964122	0.776575830070275	0.9643516513099073	0.8147790644863341	0.5982715656180017	0.622116005889062	0.25655611315580834	0.0	0.9159835992277476	0.7237323856020135	-0.27016769473645097	0.3099927738054774	0.7548050827684595	0.05731851146533323	-0.9643516513099077	
-0.9921684763829532	-0.9567632018430008	-0.2655170387797238	0.6293043304936261	-0.20415909070113547	-0.4939356735406244	-0.46754381438228876	-0.7823906784920248	-0.9159835992277476	0.0	-0.3417298412372259	-0.9903166992366519	-0.746487280377518	-0.29799900588701533	-0.8914805823942471	-0.6293043304936264	
-0.975122568132409	-0.79976609990204	0.07993140410622784	0.8569975070936199	0.14266388034134264	-0.1670663059241721	-0.13731795671756203	-0.5224641497993099	-0.7237323856020135	0.3417298412372259	0.0	-0.8832566776870956	-0.47416049723828974	0.04614481055939662	-0.6829881269910265	-0.8569975070936202	
-0.2614367259959605	0.15522718936311547	0.9179095998349562	0.8569977067638896	0.9411156546582582	0.7925074040523715	0.8105026166846308	0.5081406365063043	0.27016769473645097	0.9903166992366519	0.8832566776870956	0.0	0.5553241004105113	0.9039526289407771	0.3249105477196124	-0.85699770676389	
-0.7534299459533372	-0.419500693324925	0.543018037082189	0.9988781865339131	0.5949171640107083	0.32040489007715905	0.34876877892664065	-0.05569923030761686	-0.3099927738054774	0.746487280377518	0.47416049723828974	-0.5553241004105113	0.0	0.5142830673190223	-0.2549881886400435	-0.9988781865339136	
-0.9843125818024288	-0.8266154292802771	0.03384909396893143	0.832305230490366	0.09683910493011028	-0.21238461617490478	-0.18287936198049032	-0.561253492524545	-0.7548050827684595	0.29799900588701533	-0.04614481055939662	-0.9039526289407771	-0.5142830673190223	0.0	-0.7159661110721611	-0.8323052304903663	
-0.5608627707378624	-0.17416694165096605	0.7391870688554323	0.9779340590600146	0.7802078774689082	0.5513590271767608	0.5762171115362023	0.20073429726519879	-0.05731851146533323	0.8914805823942471	0.6829881269910265	-0.3249105477196124	0.2549881886400435	0.7159661110721611	0.0	-0.9779340590600151	
0.6924682232389643	0.9266015741019118	0.8130651337490556	0.0	0.7747138164074548	0.9310456761380718	0.9196419529180151	0.9999650829655157	0.9643516513099077	0.6293043304936264	0.8569975070936202	0.85699770676389	0.9988781865339136	0.8323052304903663	0.9779340590600151	0.0	
