0.0	0.060126820401733394	0.504924981473474	0.9244043142331861	0.7156307625131603	0.3981876195483976	0.9195677334295524	0.8934372027312033	0.6900775100654482	0.9959907414106676	0.777702900270738	0.4399763778771453	0.005622091224590564	-0.6900775100654482	-0.39574084655125513	-0.45106849611892996	
-0.060126820401733394	0.0	0.45211218338988785	0.8997986190593004	0.6723386963160585	0.34231262444449323	0.8942782786045205	0.9188290011879894	0.732344897198691	0.9888100138198022	0.7384981944934216	0.3851859021575116	-0.05451395071892179	-0.732344897198691	-0.45024305162003603	-0.5039149445663937	
-0.504924981473474	-0.45211218338988785	0.0	0.6053263414262915	0.2650267739757423	-0.1194687906175882	0.595336112597108	0.9979884443024384	0.9610816517520238	0.814533827769931	0.353872544075522	-0.07365592096331536	-0.5000642191732705	-0.9610816517520238	-0.8052929787978724	-0.8399859010208767	
-0.9244043142331861	-0.8997986190593004	-0.6053263414262915	0.0	-0.37272518678817995	-0.696085425165401	-0.012491560327619056	0.756000919444851	0.9322294360794527	0.29719098557752704	-0.28448333945814513	-0.6623105501054309	-0.9222453603912852	-0.9322294360794527	-0.9998791177915904	-0.9970648448434224	
-0.7156307625131603	-0.6723386963160585	-0.2650267739757423	0.37272518678817995	0.0	-0.37832535323312627	0.3611046651611315	0.9454997659108593	0.9999318661585652	0.6316606681318211	0.09334057435892898	-0.33532894815938785	-0.7116925411852385	-0.9999318661585652	-0.933624846994172	-0.9537545975127866	
-0.3981876195483976	-0.34231262444449323	0.1194687906175882	0.696085425165401	0.37832535323312627	0.0	0.6870626870107627	0.9984146627198289	0.9211933608540057	0.8780058652877147	0.46307649548606655	0.04601588509932475	-0.3930241598177184	-0.9211933608540057	-0.7286951291819802	-0.7691451370962601	
-0.9195677334295524	-0.8942782786045205	-0.595336112597108	0.012491560327619056	-0.3611046651611315	-0.6870626870107627	0.0	0.7641185418604977	0.9366769941330974	0.3090949653045715	-0.2724857219832926	-0.6528998303308484	-0.9173441036270669	-0.9366769941330974	-0.9999953272359635	-0.9979434264663177	
-0.8934372027312033	-0.9188290011879894	-0.9979884443024384	-0.756000919444851	-0.9454997659108593	-0.9984146627198289	-0.7641185418604977	0.0	0.3366375759885537	-0.5273108594674374	-0.9109781225840257	-0.9999471196772498	-0.8959484593511868	-0.3366375759885537	-0.642736894523571	-0.5947685657180084	
-0.6900775100654482	-0.732344897198691	-0.9610816517520238	-0.9322294360794527	-0.9999318661585652	-0.9211933608540057	-0.9366769941330974	-0.3366375759885537	0.0	-0.7825656595560877	-0.9966559832310767	-0.9381225645435134	-0.6941355108585684	-0.0	-0.3473294323862096	-0.2894325476565147	
-0.9959907414106676	-0.9888100138198022	-0.814533827769931	-0.29719098557752704	-0.6316606681318211	-0.8780058652877147	-0.3090949653045715	0.5273108594674374	0.7825656595560877	0.0	-0.5565411754169775	-0.8550503032554744	-0.9954720687928085	-0.7825656595560877	-0.9500818182128173	-0.9292620662833295	
-0.777702900270738	-0.7384981944934216	-0.353872544075522	0.28448333945814513	-0.09334057435892898	-0.46307649548606655	0.2724857219832926	0.9109781225840257	0.9966559832310767	0.5565411754169775	0.0	-0.42180124046603523	-0.7741563829079037	-0.9966559832310767	-0.9629883306548541	-0.9776476372707902	
-0.4399763778771453	-0.3851859021575116	0.07365592096331536	0.6623105501054309	0.33532894815938785	-0.04601588509932475	0.6528998303308484	0.9999471196772498	0.9381225645435134	0.8550503032554744	0.42180124046603523	0.0	-0.4349207339872292	-0.9381225645435134	-0.759436665894227	-0.7977379501461126	
-0.005622091224590564	0.05451395071892179	0.5000642191732705	0.9222453603912852	0.7116925411852385	0.3930241598177184	0.9173441036270669	0.8959484593511868	0.6941355108585684	0.9954720687928085	0.7741563829079037	0.4349207339872292	0.0	-0.6941355108585684	-0.40089770845608386	-0.45607902385075655	
0.6900775100654482	0.732344897198691	0.9610816517520238	0.9322294360794527	0.9999318661585652	0.9211933608540057	0.9366769941330974	0.3366375759885537	0.0	0.7825656595560877	0.9966559832310767	0.9381225645435134	0.6941355108585684	0.0	0.3473294323862096	0.2894325476565147	
0.39574084655125513	0.45024305162003603	0.8052929787978724	0.9998791177915904	0.933624846994172	0.7286951291819802	0.9999953272359635	0.642736894523571	0.3473294323862096	0.9500818182128173	0.9629883306548541	0.759436665894227	0.40089770845608386	-0.3473294323862096	0.0	-0.061049784525245454	
0.45106849611892996	0.5039149445663937	0.8399859010208767	0.9970648448434224	0.9537545975127866	0.7691451370962601	0.9979434264663177	0.5947685657180084	0.2894325476565147	0.9292620662833295	0.9776476372707902	0.7977379501461126	0.45607902385075655	-0.2894325476565147	0.061049784525245454	0.0	
