0.0	-0.6253964461219135	0.8941390752476477	0.6904662678749791	0.9505876685360062	0.7374081135318186	0.9580568805353037	0.9991363597868801	0.9954854612224185	0.9426223652871756	0.9580568805353037	0.9953387694813292	0.9833813934086888	0.7645767234127532	0.12210195157708659	-0.6904662678749791	
0.6253964461219135	0.0	0.9777490111956002	0.08638613688135735	0.9359086135969557	0.9978272832207501	0.9268035887087325	0.8056194850673142	0.8361434207648172	0.944330391430856	0.9268035887087325	0.7163565529929512	0.8808813700277367	0.9996931778775108	0.7159939855161258	-0.08638613688135735	
-0.8941390752476477	-0.9777490111956002	0.0	0.955971997987366	0.14807198100046326	-0.27374045932642355	0.17276699370185533	0.41024973525609726	0.36090134786080735	0.12357822489623382	0.17276699370185533	0.5319331663734068	0.278015221404251	-0.23393257062140185	-0.8327727810131986	-0.955971997987366	
-0.6904662678749791	-0.08638613688135735	-0.955971997987366	0.0	-0.9019810306700887	-0.9997886074881696	-0.8908969431818522	-0.7514298358364686	-0.7856339556674764	-0.9123793073583011	-0.8908969431818522	-0.6534040398902956	-0.836698634267682	-0.9980958349457064	-0.773624126101153	-0.0	
-0.9505876685360062	-0.9359086135969557	-0.14807198100046326	0.9019810306700887	0.0	-0.4131390690975433	0.02501713005310674	0.2706897013804444	0.21883046155873553	-0.02472101364249535	0.02501713005310674	0.4006841161448849	0.13271605437700096	-0.37531723671874667	-0.9055676422075197	-0.9019810306700887	
-0.7374081135318186	-0.9978272832207501	0.27374045932642355	0.9997886074881696	0.4131390690975433	0.0	0.4357920643798063	0.6442236396506635	0.6024076616445212	0.39050017453124664	0.4357920643798063	0.7434149150673595	0.5303447387558293	0.04114774634083848	-0.6494170506723443	-0.9997886074881696	
-0.9580568805353037	-0.9268035887087325	-0.17276699370185533	0.8908969431818522	-0.02501713005310674	-0.4357920643798063	0.0	0.2465218247622672	0.194351185306468	-0.04972276106858181	0.0	0.37763760969428445	0.10787868624532715	-0.3983880591785135	-0.915896533930695	-0.8908969431818522	
-0.9991363597868801	-0.8056194850673142	-0.41024973525609726	0.7514298358364686	-0.2706897013804444	-0.6442236396506635	-0.2465218247622672	0.0	-0.05346817882970195	-0.2944050711136675	-0.2465218247622672	0.1377149307520028	-0.14053388729006927	-0.612206703143691	-0.9865868550880079	-0.7514298358364686	
-0.9954854612224185	-0.8361434207648172	-0.36090134786080735	0.7856339556674764	-0.21883046155873553	-0.6024076616445212	-0.194351185306468	0.05346817882970195	0.0	-0.24288543243438826	-0.194351185306468	0.19047666598804236	-0.08739530750775854	-0.569053805015433	-0.9764476009050278	-0.7856339556674764	
-0.9426223652871756	-0.944330391430856	-0.12357822489623382	0.9123793073583011	0.02472101364249535	-0.39050017453124664	0.04972276106858181	0.2944050711136675	0.24288543243438826	0.0	0.04972276106858181	0.4232114574054219	0.1571778289116349	-0.3522887166360986	-0.8948041900485184	-0.9123793073583011	
-0.9580568805353037	-0.9268035887087325	-0.17276699370185533	0.8908969431818522	-0.02501713005310674	-0.4357920643798063	0.0	0.2465218247622672	0.194351185306468	-0.04972276106858181	0.0	0.37763760969428445	0.10787868624532715	-0.3983880591785135	-0.915896533930695	-0.8908969431818522	
-0.9953387694813292	-0.7163565529929512	-0.5319331663734068	0.6534040398902956	-0.4006841161448849	-0.7434149150673595	-0.37763760969428445	-0.1377149307520028	-0.19047666598804236	-0.4232114574054219	-0.37763760969428445	0.0	-0.275543097040863	-0.7152644282178664	-0.9996667605500055	-0.6534040398902956	
-0.9833813934086888	-0.8808813700277367	-0.278015221404251	0.836698634267682	-0.13271605437700096	-0.5303447387558293	-0.10787868624532715	0.14053388729006927	0.08739530750775854	-0.1571778289116349	-0.10787868624532715	0.275543097040863	0.0	-0.4950112533432181	-0.9538554823263514	-0.836698634267682	
-0.7645767234127532	-0.9996931778775108	0.23393257062140185	0.9980958349457064	0.37531723671874667	-0.04114774634083848	0.3983880591785135	0.612206703143691	0.569053805015433	0.3522887166360986	0.3983880591785135	0.7152644282178664	0.4950112533432181	0.0	-0.6801571228453924	-0.9980958349457064	
-0.12210195157708659	-0.7159939855161258	0.8327727810131986	0.773624126101153	0.9055676422075197	0.6494170506723443	0.915896533930695	0.9865868550880079	0.9764476009050278	0.8948041900485184	0.915896533930695	0.9996667605500055	0.9538554823263514	0.6801571228453924	0.0	-0.773624126101153	
0.6904662678749791	0.08638613688135735	0.955971997987366	0.0	0.9019810306700887	0.9997886074881696	0.8908969431818522	0.7514298358364686	0.7856339556674764	0.9123793073583011	0.8908969431818522	0.6534040398902956	0.836698634267682	0.9980958349457064	0.773624126101153	0.0	
