0.0	0.4244070871377528	0.7278585562797565	0.07364722036925037	-0.3401721000275885	0.564266814203205	0.8668254360018803	0.654863561962529	0.9480614659912701	0.9997980712494519	0.3513958634474857	0.8179792228051398	0.8911994758274919	0.14972090577316605	-0.9480614659912696	-0.9480614659912696	
-0.4244070871377528	0.0	0.3680276500331207	-0.35656909004965454	-0.7071129445530615	0.16054021005468283	0.5732713670046425	0.27221585162402934	0.9934410862057906	0.9138171938726487	-0.07916242594305206	0.496517639706917	0.6144397369952757	-0.28405528552879544	-0.9934410862057902	-0.9934410862057902	
-0.7278585562797565	-0.3680276500331207	0.0	-0.6753800424837372	-0.9177166927062075	-0.21398140337405397	0.23148704232624234	-0.10101919204742782	0.8816341024427092	0.7002152833270794	-0.4404790791200273	0.142211671503084	0.28095471236099195	-0.6169866410740685	-0.8816341024427088	-0.8816341024427088	
-0.07364722036925037	0.35656909004965454	0.6753800424837372	0.0	-0.40850344934106536	0.5019318743009934	0.8277500783822513	0.5974265107545563	0.9689131056047692	0.998562930726015	0.2814910831343258	0.7733924836116857	0.855372061081589	0.07649722614556775	-0.9689131056047687	-0.9689131056047687	
0.3401721000275885	0.7071129445530615	0.9177166927062075	0.40850344934106536	0.0	0.8114592770686957	0.9847445396911432	0.8728936789687539	0.7833177257432612	0.9333374871521045	0.648918033484802	0.9648807973091376	0.9923572028516587	0.4771298116399163	-0.7833177257432609	-0.7833177257432609	
-0.564266814203205	-0.16054021005468283	0.21398140337405397	-0.5019318743009934	-0.8114592770686957	0.0	0.43429451567409094	0.11420741793868472	0.9621984700372792	0.8367648306134707	-0.23817202559786727	0.3507242810375129	0.47980961684109535	-0.43429811205176894	-0.9621984700372788	-0.9621984700372788	
-0.8668254360018803	-0.5732713670046425	-0.23148704232624234	-0.8277500783822513	-0.9847445396911432	-0.43429451567409094	0.0	-0.3285781725221367	0.748440635667744	0.5159300754085299	-0.636335253500874	-0.09078535416826983	0.05116043486172006	-0.7824022385872995	-0.7484406356677437	-0.7484406356677437	
-0.654863561962529	-0.27221585162402934	0.10101919204742782	-0.5974265107545563	-0.8728936789687539	-0.11420741793868472	0.3285781725221367	0.0	0.924798432568387	0.7687541255382386	-0.3475345179716723	0.24147664465313806	0.3764677248401297	-0.5343309921519478	-0.9247984325683866	-0.9247984325683866	
-0.9480614659912701	-0.9934410862057906	-0.8816341024427092	-0.9689131056047692	-0.7833177257432612	-0.9621984700372792	-0.748440635667744	-0.924798432568387	0.0	-0.2989714763561283	-0.9993752383423805	-0.8055589469816594	-0.7135308213521244	-0.9849995024807893	-0.0	-0.0	
-0.9997980712494519	-0.9138171938726487	-0.7002152833270794	-0.998562930726015	-0.9333374871521045	-0.8367648306134707	-0.5159300754085299	-0.7687541255382386	0.2989714763561283	0.0	-0.9430992902279558	-0.5915690550853755	-0.4714288387215748	-0.9915373171914558	-0.2989714763561282	-0.2989714763561282	
-0.3513958634474857	0.07916242594305206	0.4404790791200273	-0.2814910831343258	-0.648918033484802	0.23817202559786727	0.636335253500874	0.3475345179716723	0.9993752383423805	0.9430992902279558	0.0	0.5636745276412859	0.6749677446611603	-0.2072622839619718	-0.9993752383423801	-0.9993752383423801	
-0.8179792228051398	-0.496517639706917	-0.142211671503084	-0.7733924836116857	-0.9648807973091376	-0.3507242810375129	0.09078535416826983	-0.24147664465313806	0.8055589469816594	0.5915690550853755	-0.5636745276412859	0.0	0.14161563297027174	-0.7226325896397334	-0.8055589469816591	-0.8055589469816591	
-0.8911994758274919	-0.6144397369952757	-0.28095471236099195	-0.855372061081589	-0.9923572028516587	-0.47980961684109535	-0.05116043486172006	-0.3764677248401297	0.7135308213521244	0.4714288387215748	-0.6749677446611603	-0.14161563297027174	0.0	-0.8132390009387936	-0.7135308213521241	-0.7135308213521241	
-0.14972090577316605	0.28405528552879544	0.6169866410740685	-0.07649722614556775	-0.4771298116399163	0.43429811205176894	0.7824022385872995	0.5343309921519478	0.9849995024807893	0.9915373171914558	0.2072622839619718	0.7226325896397334	0.8132390009387936	0.0	-0.9849995024807888	-0.9849995024807888	
0.9480614659912696	0.9934410862057902	0.8816341024427088	0.9689131056047687	0.7833177257432609	0.9621984700372788	0.7484406356677437	0.9247984325683866	0.0	0.2989714763561282	0.9993752383423801	0.8055589469816591	0.7135308213521241	0.9849995024807888	0.0	0.0	
0.9480614659912696	0.9934410862057902	0.8816341024427088	0.9689131056047687	0.7833177257432609	0.9621984700372788	0.7484406356677437	0.9247984325683866	0.0	0.2989714763561282	0.9993752383423801	0.8055589469816591	0.7135308213521241	0.9849995024807888	0.0	0.0	
