0.0	0.8386209985902543	0.9959930457617062	0.9853175570101501	0.9633374615508145	0.3547548992622428	0.7925891717508173	0.9959930240058589	0.9024023828470551	0.0	0.0	0.9943990044673413	0.8683597091529512	0.8944567746620118	0.9241152927874879	0.8165775463870835	
-0.8386209985902543	0.0	0.4675342324546949	0.6798967903117132	0.29974887671877715	-0.590836090874157	-0.07961870894512146	0.6175313749173112	0.8529094852962353	0.8386209985902541	0.8386209985902541	0.630299229876416	0.05710745640531195	0.11223125282325336	0.18293116905838402	-0.03927969071179399	
-0.9959930457617062	-0.4675342324546949	0.0	0.25816523508145295	-0.1810656354294558	-0.8994870132036464	-0.536430939893609	0.17814497991301947	0.5098702647660246	0.995993045761706	0.995993045761706	0.1941974678338454	-0.4162896722827586	-0.3653707870319267	-0.2979383562990334	-0.5018956786033093	
-0.9853175570101501	-0.6798967903117132	-0.25816523508145295	0.0	-0.4288256766464055	-0.9817997550662261	-0.73612340584967	-0.08192968528011635	0.27049907779181703	0.9853175570101499	0.9853175570101499	-0.06563607893414232	-0.6369098800943929	-0.593301225642664	-0.5342791673470642	-0.7081761877174548	
-0.9633374615508145	-0.29974887671877715	0.1810656354294558	0.4288256766464055	0.0	-0.8055032293195755	-0.37475498398827256	0.3533697790461891	0.6572045761048503	0.9633374615508142	0.9633374615508142	0.36860617137761276	-0.2447781484870986	-0.19078444678344025	-0.12017117756635917	-0.3369910845294547	
-0.3547548992622428	0.590836090874157	0.8994870132036464	0.9817997550662261	0.8055032293195755	0.0	0.5247247106558872	0.962939047435154	0.9965714145220166	0.35475489926224274	0.35475489926224274	0.9672170882103414	0.6359456856783466	0.6776504904383663	0.7284534928003854	0.5586895909702365	
-0.7925891717508173	0.07961870894512146	0.536430939893609	0.73612340584967	0.37475498398827256	-0.5247247106558872	0.0	0.678194751409315	0.8917674807306377	0.7925891717508171	0.7925891717508171	0.6901104437496921	0.13641493679279632	0.19099064964363394	0.2606256350210546	0.040402270544122376	
-0.9959930240058589	-0.6175313749173112	-0.17814497991301947	0.08192968528011635	-0.3533697790461891	-0.962939047435154	-0.678194751409315	0.0	0.34846505602235733	0.9959930240058587	0.9959930240058587	0.016337596567561022	-0.5716059313127481	-0.5253548119047273	-0.4632271547395268	-0.647950091632	
-0.9024023828470551	-0.8529094852962353	-0.5098702647660246	-0.27049907779181703	-0.6572045761048503	-0.9965714145220166	-0.8917674807306377	-0.34846505602235733	0.0	0.9024023828470549	0.9024023828470549	-0.333104962315254	-0.8217041178381393	-0.7889295861077688	-0.7430164244848831	-0.8727575657175941	
-0.0	-0.8386209985902541	-0.995993045761706	-0.9853175570101499	-0.9633374615508142	-0.35475489926224274	-0.7925891717508171	-0.9959930240058587	-0.9024023828470549	0.0	0.0	-0.9943990044673411	-0.868359709152951	-0.8944567746620116	-0.9241152927874877	-0.8165775463870832	
-0.0	-0.8386209985902541	-0.995993045761706	-0.9853175570101499	-0.9633374615508142	-0.35475489926224274	-0.7925891717508171	-0.9959930240058587	-0.9024023828470549	0.0	0.0	-0.9943990044673411	-0.868359709152951	-0.8944567746620116	-0.9241152927874877	-0.8165775463870832	
-0.9943990044673413	-0.630299229876416	-0.1941974678338454	0.06563607893414232	-0.36860617137761276	-0.9672170882103414	-0.6901104437496921	-0.016337596567561022	0.333104962315254	0.9943990044673411	0.9943990044673411	0.0	-0.5849351005547431	-0.5391860815669518	-0.47764435381015435	-0.6603076775952557	
-0.8683597091529512	-0.05710745640531195	0.4162896722827586	0.6369098800943929	0.2447781484870986	-0.6359456856783466	-0.13641493679279632	0.5716059313127481	0.8217041178381393	0.868359709152951	0.868359709152951	0.5849351005547431	0.0	0.05530143756474715	0.12648882288962615	-0.09627897175207528	
-0.8944567746620118	-0.11223125282325336	0.3653707870319267	0.593301225642664	0.19078444678344025	-0.6776504904383663	-0.19099064964363394	0.5253548119047273	0.7889295861077688	0.8944567746620116	0.8944567746620116	0.5391860815669518	-0.05530143756474715	0.0	0.07143799940516088	-0.1511761650796643	
-0.9241152927874879	-0.18293116905838402	0.2979383562990334	0.5342791673470642	0.12017117756635917	-0.7284534928003854	-0.2606256350210546	0.4632271547395268	0.7430164244848831	0.9241152927874877	0.9241152927874877	0.47764435381015435	-0.12648882288962615	-0.07143799940516088	0.0	-0.2214068672049409	
-0.8165775463870835	0.03927969071179399	0.5018956786033093	0.7081761877174548	0.3369910845294547	-0.5586895909702365	-0.040402270544122376	0.647950091632	0.8727575657175941	0.8165775463870832	0.8165775463870832	0.6603076775952557	0.09627897175207528	0.1511761650796643	0.2214068672049409	0.0	
