0.0	0.32720238210145997	0.06155367447249216	-0.617445301431056	-0.5634311845281161	-0.8823591141218171	-0.5727968474740022	-0.7653249000309323	-0.9765585001706487	-0.9844223002254776	-0.7524807663868858	-0.8291926129234979	-0.9570346099211382	-0.8999729558688319	-0.8217687732798475	-0.32720238210145997	
-0.32720238210145997	0.0	-0.26841652421727147	-0.8408394987399674	-0.802739213398902	-0.9877628303761553	-0.8094737662754045	-0.9337989443861284	-0.8523721174418009	-0.9877628519617269	-0.9265600677586441	-0.9664431307295045	-0.8094738654371896	-0.7077908202037663	-0.5900871032629633	-0.0	
-0.06155367447249216	0.26841652421727147	0.0	-0.6646934569871904	-0.6132161603649346	-0.9096516850806944	-0.6221660804467976	-0.8034923343779689	-0.961457163412488	-0.9933779917695663	-0.7915940189079286	-0.8620265021334766	-0.9373709090622366	-0.8714323429249395	-0.7851359322288556	-0.26841652421727147	
0.617445301431056	0.8408394987399674	0.6646934569871904	0.0	0.06690770609285518	-0.40352052400978833	0.055548371597550994	-0.20460008326580909	-0.9010808506187428	-0.6658008422768027	-0.1852535109912617	-0.30712530329031806	-0.9318595570093255	-0.9771038056266034	-0.9982480321879919	-0.8408394987399674	
0.5634311845281161	0.802739213398902	0.6132161603649346	-0.06690770609285518	0.0	-0.4638348861615467	-0.011380503337870163	-0.26963392604973774	-0.9280762827144182	-0.7142307085930863	-0.2505879739227648	-0.37011108278194543	-0.9540468168688128	-0.98914977443085	-0.9999699298973082	-0.802739213398902	
0.8823591141218171	0.9877628303761553	0.9096516850806944	0.40352052400978833	0.4638348861615467	0.0	0.45372261372511263	0.20778124990376443	-0.6494753502206243	-0.30810962282503596	0.2270343769539073	0.10300738703312948	-0.7062191013635979	-0.8081669557358111	-0.8894920441917132	-0.9877628303761553	
0.5727968474740022	0.8094737662754045	0.6221660804467976	-0.055548371597550994	0.011380503337870163	-0.45372261372511263	0.0	-0.25865746205728224	-0.923778193284257	-0.7062191229456107	-0.2395543507542095	-0.35951476896548396	-0.9505747785702681	-0.987413800518155	-0.99999342709188	-0.8094737662754045	
0.7653249000309323	0.9337989443861284	0.8034923343779689	0.20460008326580909	0.26963392604973774	-0.20778124990376443	0.25865746205728224	0.0	-0.7932940137943882	-0.49905809914979093	0.01972401871175289	-0.10591669292570244	-0.8379138366326593	-0.9129024536211869	-0.9650249416766901	-0.9337989443861284	
0.9765585001706487	0.8523721174418009	0.961457163412488	0.9010808506187428	0.9280762827144182	0.6494753502206243	0.923778193284257	0.7932940137943882	0.0	0.38359772300492656	0.805148435096927	0.7243455548170109	-0.0771725217974093	-0.23200537763196993	-0.3795761265486779	-0.8523721174418009	
0.9844223002254776	0.9877628519617269	0.9933779917695663	0.6658008422768027	0.7142307085930863	0.30810962282503596	0.7062191229456107	0.49905809914979093	-0.38359772300492656	0.0	0.5160532275557329	0.4044668280620983	-0.4537225865600842	-0.5873881022490762	-0.7054281271977534	-0.9877628519617269	
0.7524807663868858	0.9265600677586441	0.7915940189079286	0.1852535109912617	0.2505879739227648	-0.2270343769539073	0.2395543507542095	-0.01972401871175289	-0.805148435096927	-0.5160532275557329	0.0	-0.12550915941055243	-0.8485162503965993	-0.9207757663842976	-0.9700080192428561	-0.9265600677586441	
0.8291926129234979	0.9664431307295045	0.8620265021334766	0.30712530329031806	0.37011108278194543	-0.10300738703312948	0.35951476896548396	0.10591669292570244	-0.7243455548170109	-0.4044668280620983	0.12550915941055243	0.0	-0.7753909779753885	-0.8645345416404021	-0.9318297654773866	-0.9664431307295045	
0.9570346099211382	0.8094738654371896	0.9373709090622366	0.9318595570093255	0.9540468168688128	0.7062191013635979	0.9505747785702681	0.8379138366326593	0.0771725217974093	0.4537225865600842	0.8485162503965993	0.7753909779753885	0.0	-0.15624664933139093	-0.3070471677693902	-0.8094738654371896	
0.8999729558688319	0.7077908202037663	0.8714323429249395	0.9771038056266034	0.98914977443085	0.8081669557358111	0.987413800518155	0.9129024536211869	0.23200537763196993	0.5873881022490762	0.9207757663842976	0.8645345416404021	0.15624664933139093	0.0	-0.15457699051303664	-0.7077908202037663	
0.8217687732798475	0.5900871032629633	0.7851359322288556	0.9982480321879919	0.9999699298973082	0.8894920441917132	0.99999342709188	0.9650249416766901	0.3795761265486779	0.7054281271977534	0.9700080192428561	0.9318297654773866	0.3070471677693902	0.15457699051303664	0.0	-0.5900871032629633	
0.32720238210145997	0.0	0.26841652421727147	0.8408394987399674	0.802739213398902	0.9877628303761553	0.8094737662754045	0.9337989443861284	0.8523721174418009	0.9877628519617269	0.9265600677586441	0.9664431307295045	0.8094738654371896	0.7077908202037663	0.5900871032629633	0.0	
