0.0	0.5150786587510967	0.8367277590911888	0.9954545241447407	0.8727903763938415	2.1073424255447017e-08	0.7758214642557011	0.9035078788636107	0.9385151144485148	0.9340497433352335	0.9340497433352335	0.9740830743626178	0.8035493503440247	0.9682458508653328	0.9988655670682252	0.9999291349877009	
-0.5150786587510967	0.0	0.4351283683736408	0.8041916933499459	0.9995135258964846	0.5150786768140329	0.9899800375017026	0.995183398972009	0.9822663832390282	0.9845708236060685	0.9845708236060685	0.7184224806412314	0.3821621697953691	0.7011554341026269	0.83164295955303	0.8632140971384187	
-0.8367277590911888	-0.4351283683736408	0.0	0.465441552473714	0.8863594958471155	0.8367277706313978	0.9527901070933928	0.8533758071626061	0.8028191271540144	0.8103348702453013	0.8103348702453013	0.34416656657784195	-0.05801331752521438	0.321048009018038	0.5071536182864742	0.5575413759413056	
-0.9954545241447407	-0.8041916933499459	-0.465441552473714	0.0	0.568999483062339	0.9954545261517328	0.7019722598170123	0.5126717663712944	0.43305124799492173	0.444476648457614	0.444476648457614	-0.1323926108663468	-0.5160040070541432	-0.15664970778630583	0.04772737975640895	0.1070820409061129	
-0.8727903763938415	-0.9995135258964846	-0.8863594958471155	-0.568999483062339	0.0	0.8727903661080033	0.1720145085489283	-0.0669448281785674	-0.15676422121458577	-0.14419431156836393	-0.14419431156836393	-0.672862241514626	-0.9117267283285565	-0.6907937322714284	-0.5291030185645321	-0.47767022459216657	
-2.1073424255447017e-08	-0.5150786768140329	-0.8367277706313978	-0.9954545261517328	-0.8727903661080033	0.0	-0.7758214509593712	-0.9035078698321419	-0.9385151071731646	-0.9340497358090086	-0.9340497358090086	-0.974083079129227	-0.8035493628877304	-0.9682458561336874	-0.9988655680717224	-0.9999291347368251	
-0.7758214642557011	-0.9899800375017026	-0.9527901070933928	-0.7019722598170123	-0.1720145085489283	0.7758214509593712	0.0	-0.23757560117858584	-0.3243152897637796	-0.31226186363836805	-0.31226186363836805	-0.7900836322528348	-0.9687999946342268	-0.8048724620029807	-0.667180647243721	-0.6216717627604413	
-0.9035078788636107	-0.995183398972009	-0.8533758071626061	-0.5126717663712944	0.0669448281785674	0.9035078698321419	0.23757560117858584	0.0	-0.09029542263879153	-0.07762562333861789	-0.07762562333861789	-0.6218291668107669	-0.8821806816946088	-0.6408394762176611	-0.4711095279734867	-0.41778499986637885	
-0.9385151144485148	-0.9822663832390282	-0.8028191271540144	-0.43305124799492173	0.15676422121458577	0.9385151071731646	0.3243152897637796	0.09029542263879153	0.0	0.012714438730493327	0.012714438730493327	-0.5485738866996479	-0.8360558805469738	-0.5689041325128227	-0.38953774754983606	-0.33404082042041733	
-0.9340497433352335	-0.9845708236060685	-0.8103348702453013	-0.444476648457614	0.14419431156836393	0.9340497358090086	0.31226186363836805	0.07762562333861789	-0.012714438730493327	0.0	0.0	-0.559160113204975	-0.8429640049916217	-0.5793145503280688	-0.4012163921217856	-0.34599792299523136	
-0.9340497433352335	-0.9845708236060685	-0.8103348702453013	-0.444476648457614	0.14419431156836393	0.9340497358090086	0.31226186363836805	0.07762562333861789	-0.012714438730493327	0.0	0.0	-0.559160113204975	-0.8429640049916217	-0.5793145503280688	-0.4012163921217856	-0.34599792299523136	
-0.9740830743626178	-0.7184224806412314	-0.34416656657784195	0.1323926108663468	0.672862241514626	0.974083079129227	0.7900836322528348	0.6218291668107669	0.5485738866996479	0.559160113204975	0.559160113204975	0.0	-0.3980561276399529	-0.02451265448101339	0.17954898872614228	0.2377708139711909	
-0.8035493503440247	-0.3821621697953691	0.05801331752521438	0.5160040070541432	0.9117267283285565	0.8035493628877304	0.9687999946342268	0.8821806816946088	0.8360558805469738	0.8429640049916217	0.8429640049916217	0.3980561276399529	0.0	0.37544956486877135	0.5562985818847703	0.6047620762431961	
-0.9682458508653328	-0.7011554341026269	-0.321048009018038	0.15664970778630583	0.6907937322714284	0.9682458561336874	0.8048724620029807	0.6408394762176611	0.5689041325128227	0.5793145503280688	0.5793145503280688	0.02451265448101339	-0.37544956486877135	0.0	0.20360933795041614	0.26150903160144917	
-0.9988655670682252	-0.83164295955303	-0.5071536182864742	-0.04772737975640895	0.5291030185645321	0.9988655680717224	0.667180647243721	0.4711095279734867	0.38953774754983606	0.4012163921217856	0.4012163921217856	-0.17954898872614228	-0.5562985818847703	-0.20360933795041614	0.0	0.05950705383387131	
-0.9999291349877009	-0.8632140971384187	-0.5575413759413056	-0.1070820409061129	0.47767022459216657	0.9999291347368251	0.6216717627604413	0.41778499986637885	0.33404082042041733	0.34599792299523136	0.34599792299523136	-0.2377708139711909	-0.6047620762431961	-0.26150903160144917	-0.05950705383387131	0.0	
