0.0	0.4973506641822736	0.7980063712247523	0.9920520894854266	0.8894905543942377	0.0	0.9026080144533287	0.9813845621604448	0.9982221865575412	0.6480599472478138	0.9088061723938099	0.7312410258652742	0.4973506641822736	0.6779594433879237	0.8679287415098033	0.9260163515169143	
-0.4973506641822736	0.0	0.3925822256935983	0.7980738257005854	0.9989433342488927	0.4973506641822736	0.997148503505461	0.7558821196604837	0.8956506408949798	0.9410011093362359	0.9959383721206573	0.2951354407689265	0.0	0.22256131795813977	0.5059427643789283	0.6156235004789179	
-0.7980063712247523	-0.3925822256935983	0.0	0.4974477730503932	0.9007024538353019	0.7980063712247523	0.887468394834305	0.43817094738971674	0.6491408443598969	0.998305822960535	0.8806342244202461	-0.10365376193794978	-0.3925822256935983	-0.17804234290516258	0.1266956232333345	0.25682868155147776	
-0.9920520894854266	-0.7980738257005854	-0.4974477730503932	0.0	0.5652444293231702	0.9920520894854266	0.5406153939075502	-0.06704101993679884	0.18473302046295015	0.8370802842421807	0.528255701981111	-0.5846872504003153	-0.7980738257005854	-0.6439506151298945	-0.38353147657638775	-0.2579645340192783	
-0.8894905543942377	-0.9989433342488927	-0.9007024538353019	-0.5652444293231702	0.0	0.8894905543942377	-0.029556780235717894	-0.6192764647009125	-0.40312525685961764	0.38129321540965905	-0.04417023009925508	-0.940881746797064	-0.9989433342488927	-0.9636598707557131	-0.8384030644468254	-0.7589143841494035	
-0.0	-0.4973506641822736	-0.7980063712247523	-0.9920520894854266	-0.8894905543942377	0.0	-0.9026080144533287	-0.9813845621604448	-0.9982221865575412	-0.6480599472478138	-0.9088061723938099	-0.7312410258652742	-0.4973506641822736	-0.6779594433879237	-0.8679287415098033	-0.9260163515169143	
-0.9026080144533287	-0.997148503505461	-0.887468394834305	-0.5406153939075502	0.029556780235717894	0.9026080144533287	0.0	-0.5957987184380811	-0.37590039851885204	0.40845051780593244	-0.014622998871961612	-0.9304587563323521	-0.997148503505461	-0.9553432805735975	-0.8219268238736487	-0.7393357246705772	
-0.9813845621604448	-0.7558821196604837	-0.43817094738971674	0.06704101993679884	0.6192764647009125	0.9813845621604448	0.5957987184380811	0.0	0.2502045714582553	0.8718738433749762	0.5839907900603651	-0.5289842162556907	-0.7558821196604837	-0.5912109919811883	-0.32075436917474703	-0.19261219507808156	
-0.9982221865575412	-0.8956506408949798	-0.6491408443598969	-0.18473302046295015	0.40312525685961764	0.9982221865575412	0.37590039851885204	-0.2502045714582553	0.0	0.7216093265179352	0.36230965738686904	-0.7244903332790128	-0.8956506408949798	-0.7742005635982799	-0.5475364982187427	-0.4320052579488243	
-0.6480599472478138	-0.9410011093362359	-0.998305822960535	-0.8370802842421807	-0.38129321540965905	0.6480599472478138	-0.40845051780593244	-0.8718738433749762	-0.7216093265179352	0.0	-0.42175443324376916	-0.9989594749463038	-0.9410011093362359	-0.9927150959965573	-0.9828893426641772	-0.9498760428374352	
-0.9088061723938099	-0.9959383721206573	-0.8806342244202461	-0.528255701981111	0.04417023009925508	0.9088061723938099	0.014622998871961612	-0.5839907900603651	-0.36230965738686904	0.42175443324376916	0.0	-0.9250014522882575	-0.9959383721206573	-0.9509200629956518	-0.8135097827921385	-0.729410467717782	
-0.7312410258652742	-0.2951354407689265	0.10365376193794978	0.5846872504003153	0.940881746797064	0.7312410258652742	0.9304587563323521	0.5289842162556907	0.7244903332790128	0.9989594749463038	0.9250014522882575	0.0	-0.2951354407689265	-0.07508563952058422	0.2288316525306473	0.35562215698173244	
-0.4973506641822736	0.0	0.3925822256935983	0.7980738257005854	0.9989433342488927	0.4973506641822736	0.997148503505461	0.7558821196604837	0.8956506408949798	0.9410011093362359	0.9959383721206573	0.2951354407689265	0.0	0.22256131795813977	0.5059427643789283	0.6156235004789179	
-0.6779594433879237	-0.22256131795813977	0.17804234290516258	0.6439506151298945	0.9636598707557131	0.6779594433879237	0.9553432805735975	0.5912109919811883	0.7742005635982799	0.9927150959965573	0.9509200629956518	0.07508563952058422	-0.22256131795813977	0.0	0.3012789991276636	0.4247955442548496	
-0.8679287415098033	-0.5059427643789283	-0.1266956232333345	0.38353147657638775	0.8384030644468254	0.8679287415098033	0.8219268238736487	0.32075436917474703	0.5475364982187427	0.9828893426641772	0.8135097827921385	-0.2288316525306473	-0.5059427643789283	-0.3012789991276636	0.0	0.1323131987290418	
-0.9260163515169143	-0.6156235004789179	-0.25682868155147776	0.2579645340192783	0.7589143841494035	0.9260163515169143	0.7393357246705772	0.19261219507808156	0.4320052579488243	0.9498760428374352	0.729410467717782	-0.35562215698173244	-0.6156235004789179	-0.4247955442548496	-0.1323131987290418	0.0	
