0.0	0.3455817572235153	0.33242983145095684	0.16802932177555946	0.5792275014112793	0.8056314144432737	0.6680951073491994	0.5139503354823045	0.6573854283184237	0.6935804692490041	0.8533569594698184	0.8855968077395031	0.0	0.9213958243901328	0.7985746378080221	0.7032925602255121	
-0.3455817572235153	0.0	-0.013979449276854239	-0.18299146742840022	0.2618340339477316	0.5512668278694365	0.36979380953662405	0.1858382360227553	0.35646832980416365	0.40189814111692784	0.6206193606669905	0.99154110660211	0.3455817572235153	0.9989292425894989	0.5413691658607062	0.4142874955468707	
-0.33242983145095684	0.013979449276854239	0.0	-0.1692301866952287	0.27530019528077315	0.562876419548324	0.3827461741726724	0.19955600862137218	0.36949459968841764	0.4146596320724002	0.6315201691926484	0.9896297806506483	0.33242983145095684	0.9981848831022543	0.5530699760844712	0.42697035333931804	
-0.16802932177555946	0.18299146742840022	0.1692301866952287	0.0	0.4340202642789439	0.6946335011092515	0.5335695627288073	0.362504085402489	0.5214194676629028	0.5626743190512884	0.7536256965636898	0.9510474212923372	0.16802932177555946	0.9735958860352232	0.6860843595977714	0.573841009772158	
-0.5792275014112793	-0.2618340339477316	-0.27530019528077315	-0.4340202642789439	0.0	0.31357900680199	0.11361915522606125	-0.07791809581130676	0.09939871168439662	0.14811975140534245	0.3936605554767866	0.9909333636513649	0.5792275014112793	0.976193032929452	0.30233624395111053	0.16152699514799002	
-0.8056314144432737	-0.5512668278694365	-0.562876419548324	-0.6946335011092515	-0.31357900680199	0.0	-0.20365994223649292	-0.3866137242096762	-0.2176408141928698	-0.16947114840631294	0.08554580402423512	0.8988221013522746	0.8056314144432737	0.8589395102833715	-0.011816886996252218	-0.1560812646751467	
-0.6680951073491994	-0.36979380953662405	-0.3827461741726724	-0.5335695627288073	-0.11361915522606125	0.20365994223649292	0.0	-0.1906872537337012	-0.014301434324370532	0.03479471221448732	0.28666628194379945	0.9692512344983943	0.6680951073491994	0.9452271734310544	0.1920764973249579	0.04835386532122998	
-0.5139503354823045	-0.1858382360227553	-0.19955600862137218	-0.362504085402489	0.07791809581130676	0.3866137242096762	0.1906872537337012	0.0	0.17662873699212128	0.22472804738202556	0.46409040183295563	0.9983893205965794	0.5139503354823045	0.9901258892183198	0.37568870369265345	0.23793081319689058	
-0.6573854283184237	-0.35646832980416365	-0.36949459968841764	-0.5214194676629028	-0.09939871168439662	0.2176408141928698	0.014301434324370532	-0.17662873699212128	0.0	0.04908392826296748	0.3003381746759279	0.9726713088814618	0.6573854283184237	0.9497986815846897	0.20609199451541882	0.06263362561052266	
-0.6935804692490041	-0.40189814111692784	-0.4146596320724002	-0.5626743190512884	-0.14811975140534245	0.16947114840631294	-0.03479471221448732	-0.22472804738202556	-0.04908392826296748	0.0	0.2531583043595958	0.9601022862227622	0.6935804692490041	0.9332973660350856	0.1578133581315429	0.013570574404949687	
-0.8533569594698184	-0.6206193606669905	-0.6315201691926484	-0.7536256965636898	-0.3936605554767866	-0.08554580402423512	-0.28666628194379945	-0.46409040183295563	-0.3003381746759279	-0.2531583043595958	0.0	0.8580313430709088	0.8533569594698184	0.8119847991453251	-0.09731340016866996	-0.2400064812712887	
-0.8855968077395031	-0.99154110660211	-0.9896297806506483	-0.9510474212923372	-0.9909333636513649	-0.8988221013522746	-0.9692512344983943	-0.9983893205965794	-0.9726713088814618	-0.9601022862227622	-0.8580313430709088	0.0	0.8855968077395031	-0.08378129439491616	-0.9039388464584439	-0.9562188772441582	
-0.0	-0.3455817572235153	-0.33242983145095684	-0.16802932177555946	-0.5792275014112793	-0.8056314144432737	-0.6680951073491994	-0.5139503354823045	-0.6573854283184237	-0.6935804692490041	-0.8533569594698184	-0.8855968077395031	0.0	-0.9213958243901328	-0.7985746378080221	-0.7032925602255121	
-0.9213958243901328	-0.9989292425894989	-0.9981848831022543	-0.9735958860352232	-0.976193032929452	-0.8589395102833715	-0.9452271734310544	-0.9901258892183198	-0.9497986815846897	-0.9332973660350856	-0.8119847991453251	0.08378129439491616	0.9213958243901328	0.0	-0.8649306943184555	-0.9283381697821224	
-0.7985746378080221	-0.5413691658607062	-0.5530699760844712	-0.6860843595977714	-0.30233624395111053	0.011816886996252218	-0.1920764973249579	-0.37568870369265345	-0.20609199451541882	-0.1578133581315429	0.09731340016866996	0.9039388464584439	0.7985746378080221	0.8649306943184555	0.0	-0.14439830499593148	
-0.7032925602255121	-0.4142874955468707	-0.42697035333931804	-0.573841009772158	-0.16152699514799002	0.1560812646751467	-0.04835386532122998	-0.23793081319689058	-0.06263362561052266	-0.013570574404949687	0.2400064812712887	0.9562188772441582	0.7032925602255121	0.9283381697821224	0.14439830499593148	0.0	
