0.0	0.381971193875787	0.3317783429564688	0.02407205637535434	-0.02419665415931674	-0.20991157810421499	-0.465013582828924	-0.9778215973683951	0.5020051690641528	0.9947694761239337	0.9778215973683951	0.6435981161383948	-0.3712883097679577	-0.805148139949067	-0.898482170339395	-0.42450237426569637	
-0.381971193875787	0.0	-0.05371434703144454	-0.3596137344197497	-0.40422128384681383	-0.5674558894868861	-0.7679140220039414	-0.9836773953377379	0.13358686919276072	0.9583569272226892	0.9836773953377379	0.30244993908668805	-0.697802075755976	-0.9706342504008902	-0.9980432457219904	-0.7381611198525584	
-0.3317783429564688	0.05371434703144454	0.0	-0.3089736504021413	-0.35450729634072914	-0.5224080801547197	-0.732398534761987	-0.9919227180466051	0.18662692660376135	0.9723127609784631	0.9919227180466051	0.35321195508889996	-0.6583196051356387	-0.956311459273377	-0.9932437928476026	-0.7008584556080654	
-0.02407205637535434	0.3596137344197497	0.3089736504021413	0.0	-0.04825465111268973	-0.23338649115840004	-0.48618991087194935	-0.982579890733107	0.48104063117163887	0.9969400684684999	0.982579890733107	0.6249877420654206	-0.3935320488522781	-0.8191913337461083	-0.9087896873559957	-0.4461748501022921	
0.02419665415931674	0.40422128384681383	0.35450729634072914	0.04825465111268973	0.0	-0.18619255804442267	-0.44345605155209183	-0.9724675726276453	0.522785021133563	0.9920066479266134	0.9724675726276453	0.6619289209868687	-0.3487125832748301	-0.7905620067338013	-0.8875965376214627	-0.4024697879200968	
0.20991157810421499	0.5674558894868861	0.5224080801547197	0.23338649115840004	0.18619255804442267	0.0	-0.2688177896835312	-0.9120723119415998	0.6723657787020878	0.9511648751346324	0.9120723119415998	0.7899176751854871	-0.16810954380503984	-0.662716693610605	-0.786311039282097	-0.2249850464973982	
0.465013582828924	0.7679140220039414	0.732398534761987	0.48618991087194935	0.44345605155209183	0.2688177896835312	0.0	-0.7682766930824828	0.8466007514843031	0.833173930712256	0.7682766930824828	0.9256841714401267	0.10307045323577901	-0.43701315370964355	-0.5912838330060288	0.04522231454100906	
0.9778215973683951	0.9836773953377379	0.9919227180466051	0.982579890733107	0.9724675726276453	0.9120723119415998	0.7682766930824828	0.0	0.9508230388904746	0.10846405821532469	0.0	0.8831839713946463	0.8301621378127049	0.4112904599618533	0.2410957715510552	0.7964383188435781	
-0.5020051690641528	-0.13358686919276072	-0.18662692660376135	-0.48104063117163887	-0.522785021133563	-0.6723657787020878	-0.8466007514843031	-0.9508230388904746	0.0	0.9116184596463153	0.9508230388904746	0.17240874837484205	-0.7872347731049238	-0.9940702278278659	-0.9974507351586922	-0.8216660304682075	
-0.9947694761239337	-0.9583569272226892	-0.9723127609784631	-0.9969400684684999	-0.9920066479266134	-0.9511648751346324	-0.833173930712256	-0.10846405821532469	-0.9116184596463153	0.0	0.10846405821532469	-0.8271009713692173	-0.8857355923678887	-0.507729458472347	-0.3449379086107348	-0.8573299891228671	
-0.9778215973683951	-0.9836773953377379	-0.9919227180466051	-0.982579890733107	-0.9724675726276453	-0.9120723119415998	-0.7682766930824828	-0.0	-0.9508230388904746	-0.10846405821532469	0.0	-0.8831839713946463	-0.8301621378127049	-0.4112904599618533	-0.2410957715510552	-0.7964383188435781	
-0.6435981161383948	-0.30244993908668805	-0.35321195508889996	-0.6249877420654206	-0.6619289209868687	-0.7899176751854871	-0.9256841714401267	-0.8831839713946463	-0.17240874837484205	0.8271009713692173	0.8831839713946463	0.0	-0.8817627614888042	-0.9979322400369715	-0.9702115788401825	-0.9076296706752172	
0.3712883097679577	0.697802075755976	0.6583196051356387	0.3935320488522781	0.3487125832748301	0.16810954380503984	-0.10307045323577901	-0.8301621378127049	0.7872347731049238	0.8857355923678887	0.8301621378127049	0.8817627614888042	0.0	-0.5273928933468106	-0.6712572513949804	-0.05798354366655778	
0.805148139949067	0.9706342504008902	0.956311459273377	0.8191913337461083	0.7905620067338013	0.662716693610605	0.43701315370964355	-0.4112904599618533	0.9940702278278659	0.507729458472347	0.4112904599618533	0.9979322400369715	0.5273928933468106	0.0	-0.17939809630366282	0.4772415085638759	
0.898482170339395	0.9980432457219904	0.9932437928476026	0.9087896873559957	0.8875965376214627	0.786311039282097	0.5912838330060288	-0.2410957715510552	0.9974507351586922	0.3449379086107348	0.2410957715510552	0.9702115788401825	0.6712572513949804	0.17939809630366282	0.0	0.6271490663098491	
0.42450237426569637	0.7381611198525584	0.7008584556080654	0.4461748501022921	0.4024697879200968	0.2249850464973982	-0.04522231454100906	-0.7964383188435781	0.8216660304682075	0.8573299891228671	0.7964383188435781	0.9076296706752172	0.05798354366655778	-0.4772415085638759	-0.6271490663098491	0.0	
