0.0	-0.24353303527302483	0.6621161240189198	0.9983299815076508	0.24353303527302483	0.8123551504666129	0.9295635951170854	0.6256003313119777	0.966116594891556	0.9240976573865907	0.7010576688384362	0.8345101225107339	0.9861952522715601	0.9108476423073901	0.9196341537436068	0.9918892658633772	
0.24353303527302483	0.0	0.8246854926320647	0.9823415043282865	0.0	0.645877790528676	0.9913581817183196	0.7967559019043792	0.9998866847285192	0.8032077722419598	0.5062861237200029	0.6752002921445752	0.9968292889629828	0.9839408836090662	0.9876003058481034	0.9929803311895226	
-0.6621161240189198	-0.8246854926320647	0.0	0.70990000640536	0.8246854926320647	0.9949016072023664	0.4525192011615182	-0.0477200644516102	0.5531128197723459	0.9455518616811907	0.9975315374980239	0.99020402241384	0.6294183955881881	0.40930673893292474	0.4291116333195376	0.6591647805021519	
-0.9983299815076508	-0.9823415043282865	-0.70990000640536	0.0	0.9823415043282865	0.6291180073855023	-0.3143462435819273	-0.7427006116121051	-0.20186348122078077	0.4349023218781496	0.752413028036352	0.5982811892044837	-0.1083386404200229	-0.3594347718855119	-0.3389938328554413	-0.06959237419098793	
-0.24353303527302483	-0.0	-0.8246854926320647	-0.9823415043282865	0.0	-0.645877790528676	-0.9913581817183196	-0.7967559019043792	-0.9998866847285192	-0.8032077722419598	-0.5062861237200029	-0.6752002921445752	-0.9968292889629828	-0.9839408836090662	-0.9876003058481034	-0.9929803311895226	
-0.8123551504666129	-0.645877790528676	-0.9949016072023664	-0.6291180073855023	0.645877790528676	0.0	-0.8415714265467414	-0.9985807492698833	-0.773077239026252	-0.2284528562115623	0.1704632717376165	-0.03905376044156511	-0.7096277359836592	-0.8664663567970452	-0.8553702766030994	-0.6816875529136556	
-0.9295635951170854	-0.9913581817183196	-0.4525192011615182	0.3143462435819273	0.9913581817183196	0.8415714265467414	0.0	-0.4945582579305653	0.11624430928602203	0.6959181893976105	0.9213292409580109	0.8198346744371674	0.20964923501033655	-0.04787589756347166	-0.02607633224974673	0.24751948935211487	
-0.6256003313119777	-0.7967559019043792	0.0477200644516102	0.7427006116121051	0.7967559019043792	0.9985807492698833	0.4945582579305653	0.0	0.5922385745544418	0.9600061600256651	0.9930442012244182	0.9957389910979505	0.665782997608284	0.45238007173589034	0.47172598541664357	0.694299244635308	
-0.966116594891556	-0.9998866847285192	-0.5531128197723459	0.20186348122078077	0.9998866847285192	0.773077239026252	-0.11624430928602203	-0.5922385745544418	0.0	0.6077228287936831	0.8698893855269054	0.7477152019601876	0.09456697700954152	-0.16366234109787822	-0.14210433262665453	0.1332143430251878	
-0.9240976573865907	-0.8032077722419598	-0.9455518616811907	-0.4349023218781496	0.8032077722419598	0.2284528562115623	-0.6959181893976105	-0.9600061600256651	-0.6077228287936831	0.0	0.3910645937504917	0.1902575891838365	-0.5298990300339349	-0.7295008651343665	-0.7144075093033664	-0.49651428276579335	
-0.7010576688384362	-0.5062861237200029	-0.9975315374980239	-0.752413028036352	0.5062861237200029	-0.1704632717376165	-0.9213292409580109	-0.9930442012244182	-0.8698893855269054	-0.3910645937504917	0.0	-0.2088153979677992	-0.8193461138564802	-0.9388860930433993	-0.9311539888967998	-0.7964287243217393	
-0.8345101225107339	-0.6752002921445752	-0.99020402241384	-0.5982811892044837	0.6752002921445752	0.03905376044156511	-0.8198346744371674	-0.9957389910979505	-0.7477152019601876	-0.1902575891838365	0.2088153979677992	0.0	-0.6815699949017207	-0.8463083166836524	-0.8344872091923417	-0.6525940744241234	
-0.9861952522715601	-0.9968292889629828	-0.6294183955881881	0.1083386404200229	0.9968292889629828	0.7096277359836592	-0.20964923501033655	-0.665782997608284	-0.09456697700954152	0.5298990300339349	0.8193461138564802	0.6815699949017207	0.0	-0.2562207637510251	-0.2350747738303559	0.03889321788248547	
-0.9108476423073901	-0.9839408836090662	-0.40930673893292474	0.3594347718855119	0.9839408836090662	0.8664663567970452	0.04787589756347166	-0.45238007173589034	0.16366234109787822	0.7295008651343665	0.9388860930433993	0.8463083166836524	0.2562207637510251	0.0	0.021813187281972735	0.2936217958857417	
-0.9196341537436068	-0.9876003058481034	-0.4291116333195376	0.3389938328554413	0.9876003058481034	0.8553702766030994	0.02607633224974673	-0.47172598541664357	0.14210433262665453	0.7144075093033664	0.9311539888967998	0.8344872091923417	0.2350747738303559	-0.021813187281972735	0.0	0.2727002342911927	
-0.9918892658633772	-0.9929803311895226	-0.6591647805021519	0.06959237419098793	0.9929803311895226	0.6816875529136556	-0.24751948935211487	-0.694299244635308	-0.1332143430251878	0.49651428276579335	0.7964287243217393	0.6525940744241234	-0.03889321788248547	-0.2936217958857417	-0.2727002342911927	0.0	
