0.0	-0.41440447153271676	-0.1294841112652601	0.6991830911644049	-0.4626536988817783	-0.8453896335614771	-0.9358165114893482	-0.9774140137002607	-0.9982099087132223	-0.9954141792504665	-0.9171503346519404	-0.8601654267414085	-0.9825542392462491	-0.6991831124713563	-0.9959629948973399	-0.867331650710297	
0.41440447153271676	0.0	0.2930732467253149	0.932596943026185	-0.053672045369177634	-0.54802882763283	-0.7056074768967682	-0.9771150172862784	-0.8836790291227177	-0.8662778467387676	-0.6695345842401603	-0.5714778227801267	-0.8171461634663064	-0.9325969537824265	-0.8692198473414133	-0.5830904943192149	
0.1294841112652601	-0.2930732467253149	0.0	0.7858707308705445	-0.34396612133062404	-0.7691087626799484	-0.8822968030656875	-0.9965499804569697	-0.9820623100046285	-0.974647983283679	-0.857824520084312	-0.786885264824457	-0.9502016333788137	-0.7858707493000266	-0.9759553666592842	-0.7955818046220317	
-0.6991830911644049	-0.932596943026185	-0.7858707308705445	0.0	-0.9506240055989945	-0.9778738551616728	-0.915508463506151	-0.5510341676426814	-0.7554794788465486	-0.7785470961028861	-0.9343633207171193	-0.9715629161128682	-0.8325013919299075	-2.980232238769532e-08	-0.774818436334107	-0.9680972560739256	
0.4626536988817783	0.053672045369177634	0.34396612133062404	0.9506240055989945	0.0	-0.5023444188743368	-0.6665582585569163	-0.9642899513479081	-0.8572817822778194	-0.8382166673502112	-0.6287029591948291	-0.5266098841113473	-0.7850301376937598	-0.9506240148479952	-0.841430125442743	-0.5386464809294891	
0.8453896335614771	0.54802882763283	0.7691087626799484	0.9778738551616728	0.5023444188743368	0.0	-0.2018772151555809	-0.7007449733758108	-0.4826330272757316	-0.4508316357258073	-0.15297319049357733	-0.028295970740483317	-0.36760908326041486	-0.9778738489271632	-0.4561075682170258	-0.042508980544867625	
0.9358165114893482	0.7056074768967682	0.8822968030656875	0.915508463506151	0.6665582585569163	0.2018772151555809	0.0	-0.542295622146473	-0.2958873748536406	-0.26135197003741356	0.04967758805194017	0.1740830008479179	-0.17229846516638558	-0.915508451516715	-0.2670611852593078	0.16006097899635663	
0.9774140137002607	0.9771150172862784	0.9965499804569697	0.5510341676426814	0.9642899513479081	0.7007449733758108	0.542295622146473	0.0	0.26941221246270997	0.3038626377245218	0.5833645542242911	0.6802777061565172	0.38942241731986743	-0.5510341427731593	0.29821767786584413	0.6697851484254607	
0.9982099087132223	0.8836790291227177	0.9820623100046285	0.7554794788465486	0.8572817822778194	0.4826330272757316	0.2958873748536406	-0.26941221246270997	0.0	0.0359540164384321	0.3429752110164323	0.45765752279973054	0.12687888903323108	-0.7554794593208921	0.030037677587317402	0.44496643880106007	
0.9954141792504665	0.8662778467387676	0.974647983283679	0.7785470961028861	0.8382166673502112	0.4508316357258073	0.26135197003741356	-0.3038626377245218	-0.0359540164384321	0.0	0.30898025282696007	0.42539387941966156	0.09113341104676298	-0.7785470773993601	-0.00591953621864616	0.4124802232996464	
0.9171503346519404	0.6695345842401603	0.857824520084312	0.9343633207171193	0.6287029591948291	0.15297319049357733	-0.04967758805194017	-0.5833645542242911	-0.3429752110164323	-0.30898025282696007	0.0	0.12494900156506997	-0.22102037865751328	-0.9343633100979036	-0.31460472346234697	0.11082625143872632	
0.8601654267414085	0.5714778227801267	0.786885264824457	0.9715629161128682	0.5266098841113473	0.028295970740483317	-0.1740830008479179	-0.6802777061565172	-0.45765752279973054	-0.42539387941966156	-0.12494900156506997	0.0	-0.34114719003245286	-0.971562909056228	-0.43074365574969387	-0.014221565894148525	
0.9825542392462491	0.8171461634663064	0.9502016333788137	0.8325013919299075	0.7850301376937598	0.36760908326041486	0.17229846516638558	-0.38942241731986743	-0.12687888903323108	-0.09113341104676298	0.22102037865751328	0.34114719003245286	0.0	-0.8325013754187366	-0.09702671754190972	0.3277442766747741	
0.6991831124713563	0.9325969537824265	0.7858707493000266	2.980232238769532e-08	0.9506240148479952	0.9778738489271632	0.915508451516715	0.5510341427731593	0.7554794593208921	0.7785470773993601	0.9343633100979036	0.971562909056228	0.8325013754187366	0.0	0.7748184174935606	0.968097248606216	
0.9959629948973399	0.8692198473414133	0.9759553666592842	0.774818436334107	0.841430125442743	0.4561075682170258	0.2670611852593078	-0.29821767786584413	-0.030037677587317402	0.00591953621864616	0.31460472346234697	0.43074365574969387	0.09702671754190972	-0.7748184174935606	0.0	0.4178654959150786	
0.867331650710297	0.5830904943192149	0.7955818046220317	0.9680972560739256	0.5386464809294891	0.042508980544867625	-0.16006097899635663	-0.6697851484254607	-0.44496643880106007	-0.4124802232996464	-0.11082625143872632	0.014221565894148525	-0.3277442766747741	-0.968097248606216	-0.4178654959150786	0.0	
