0.0	0.17969219423037813	0.9827566927762565	0.8797344958375007	0.5524428066825673	0.03807528589578474	0.09012200967803818	0.09378582426884818	-0.0193347411455575	0.0716968085521707	0.16210716333702785	-0.0907024033024516	-0.8797344958375007	-0.3162416304506601	0.13363437028454922	0.04934882593493517	
-0.17969219423037813	0.0	0.9335345443158815	0.9508523531497077	0.39366805858648507	-0.14210636453486936	-0.0903058951714274	-0.08664092055090677	-0.1986786310741599	-0.10869996000535537	-0.017846907705193427	-0.2681775404002558	-0.9508523531497077	-0.4815642821949223	-0.04662129331347775	-0.13092768861811288	
-0.9827566927762565	-0.9335345443158815	0.0	0.6299326061107706	-0.7170290564970543	-0.9750038183436288	-0.9620937228516719	-0.961083768838592	-0.9861480427345937	-0.9669705545342677	-0.9397837539470736	-0.9954769972700136	-0.6299326061107706	-0.9907944845079246	-0.9492326014982558	-0.9724345386246545	
-0.8797344958375007	-0.9508523531497077	-0.6299326061107706	0.0	-0.9959707622991637	-0.8972000527944077	-0.9190045056771623	-0.9204488762924056	-0.8703770461247816	-0.9115598167164678	-0.9451747127979089	-0.83298242488257	-0.0	-0.6842234469826628	-0.9353823972992172	-0.9021262837672462	
-0.5524428066825673	-0.39366805858648507	0.7170290564970543	0.9959707622991637	0.0	-0.5203045304792231	-0.4750734952064989	-0.4718326082481641	-0.5684560256271095	-0.4912581472962936	-0.4100111770167054	-0.6257707218298895	-0.9959707622991637	-0.7876941764572991	-0.43609674630133183	-0.5106349592144257	
-0.03807528589578474	0.14210636453486936	0.9750038183436288	0.8972000527944077	0.5203045304792231	0.0	0.05213631244985739	0.055810352555687004	-0.057388889356699446	0.03366752119616817	0.12441794497200692	-0.12855497373379943	-0.8972000527944077	-0.3521335270611095	0.09580369108427095	0.011284146651741378	
-0.09012200967803818	0.0903058951714274	0.9620937228516719	0.9190045056771623	0.4750734952064989	-0.05213631244985739	0.0	0.003679397079084601	-0.10936122575445761	-0.018485023150801083	0.07251752568180092	-0.180083841451258	-0.9190045056771623	-0.4004515874330725	0.04377689760374942	-0.04086419307472677	
-0.09378582426884818	0.08664092055090677	0.961083768838592	0.9204488762924056	0.4718326082481641	-0.055810352555687004	-0.003679397079084601	0.0	-0.1130178138140171	-0.02216366643319445	0.06884732507508795	-0.18370186605219724	-0.9204488762924056	-0.4038203742440837	0.0401007315185406	-0.0445402401803523	
0.0193347411455575	0.1986786310741599	0.9861480427345937	0.8703770461247816	0.5684560256271095	0.057388889356699446	0.10936122575445761	0.1130178138140171	0.0	0.09096838866473111	0.18115586366600966	-0.07143040382778232	-0.8703770461247816	-0.2978400576309767	0.1527707116508567	0.06865078476515035	
-0.0716968085521707	0.10869996000535537	0.9669705545342677	0.9115598167164678	0.4912581472962936	-0.03366752119616817	0.018485023150801083	0.02216366643319445	-0.09096838866473111	0.0	0.09094148978657413	-0.1618702554555258	-0.9115598167164678	-0.3834450072982616	0.06223671991996699	-0.022387628114968305	
-0.16210716333702785	0.017846907705193427	0.9397837539470736	0.9451747127979089	0.4100111770167054	-0.12441794497200692	-0.07251752568180092	-0.06884732507508795	-0.18115586366600966	-0.09094148978657413	0.0	-0.25094166142550006	-0.9451747127979089	-0.46584636188994866	-0.02878636637276344	-0.11321355582231674	
0.0907024033024516	0.2681775404002558	0.9954769972700136	0.83298242488257	0.6257707218298895	0.12855497373379943	0.180083841451258	0.18370186605219724	0.07143040382778232	0.1618702554555258	0.25094166142550006	0.0	-0.83298242488257	-0.22889065973557993	0.22297240153392778	0.1397373040321202	
0.8797344958375007	0.9508523531497077	0.6299326061107706	0.0	0.9959707622991637	0.8972000527944077	0.9190045056771623	0.9204488762924056	0.8703770461247816	0.9115598167164678	0.9451747127979089	0.83298242488257	0.0	0.6842234469826628	0.9353823972992172	0.9021262837672462	
0.3162416304506601	0.4815642821949223	0.9907944845079246	0.6842234469826628	0.7876941764572991	0.3521335270611095	0.4004515874330725	0.4038203742440837	0.2978400576309767	0.3834450072982616	0.46584636188994866	0.22889065973557993	-0.6842234469826628	0.0	0.44018124300053885	0.3626725019267991	
-0.13363437028454922	0.04662129331347775	0.9492326014982558	0.9353823972992172	0.43609674630133183	-0.09580369108427095	-0.04377689760374942	-0.0401007315185406	-0.1527707116508567	-0.06223671991996699	0.02878636637276344	-0.22297240153392778	-0.9353823972992172	-0.44018124300053885	0.0	-0.08456534908368185	
-0.04934882593493517	0.13092768861811288	0.9724345386246545	0.9021262837672462	0.5106349592144257	-0.011284146651741378	0.04086419307472677	0.0445402401803523	-0.06865078476515035	0.022387628114968305	0.11321355582231674	-0.1397373040321202	-0.9021262837672462	-0.3626725019267991	0.08456534908368185	0.0	
