0.0	0.18048573757173858	0.9039426530139116	0.9946287324411445	0.836847727795701	0.8972256998222673	0.8722438774503797	0.7723001192696597	0.6367056736245998	0.7010541391228399	0.6364844352275623	-0.25956375473232696	-0.6367056621342112	0.3153718954872245	0.4339835437277611	-0.6367056621342112	
-0.18048573757173858	0.0	0.8119123547310433	0.9596130185761874	0.7243003392471782	0.8027936104823672	0.7696491685762534	0.6449621189360172	0.765423241007812	0.8182469815664333	0.48682507172526346	-0.4296008601077941	-0.7654232314185093	0.13891751442198796	0.2642531384386756	-0.7654232314185093	
-0.9039426530139116	-0.8119123547310433	0.0	0.3317923202391668	-0.13696948756482413	-0.015454099716598446	-0.06907398487788077	-0.24395966187243018	0.9693259687204162	0.9444171752400469	-0.4250065999578301	-0.983964297149823	-0.969325972382804	-0.7229428402477057	-0.628786071419699	-0.969325972382804	
-0.9946287324411445	-0.9596130185761874	-0.3317923202391668	0.0	-0.4578757686805987	-0.34633135994918207	-0.39616096081252516	-0.55190728757517	0.8328685501443395	0.7818417198429718	-0.7012661934270844	-0.9874054490435743	-0.8328685583916977	-0.911227820723523	-0.8511614066960405	-0.8328685583916977	
-0.836847727795701	-0.7243003392471782	0.13696948756482413	0.4578757686805987	0.0	0.12164468147957921	0.06821936040464238	-0.1088294006274963	0.993854511973337	0.9805449388038567	-0.29701758141580786	-0.9502600612041172	-0.9938545136228092	-0.621496003531968	-0.5163554236377197	-0.9938545136228092	
-0.8972256998222673	-0.8027936104823672	0.015454099716598446	0.34633135994918207	-0.12164468147957921	0.0	-0.05364854772652519	-0.22894336782045363	0.9730084985798927	0.9493849180479491	-0.4109669445374204	-0.9810903117602692	-0.9730085020186229	-0.712179146437695	-0.6166942074801317	-0.9730085020186229	
-0.8722438774503797	-0.7696491685762534	0.06907398487788077	0.39616096081252516	-0.06821936040464238	0.05364854772652519	0.0	-0.17639003328568476	0.9839876861391547	0.964869506885673	-0.36146639097721206	-0.9692937198687994	-0.9839876887950847	-0.6734923621349315	-0.5735738064317557	-0.9839876887950847	
-0.7723001192696597	-0.6449621189360172	0.24395966187243018	0.55190728757517	0.1088294006274963	0.22894336782045363	0.17639003328568476	0.0	0.9999982400318922	0.996083573234177	-0.19133527957329627	-0.9107201957335477	-0.9999982400598488	-0.5325457529371725	-0.42008979009940195	-0.9999982400598488	
-0.6367056736245998	-0.765423241007812	-0.9693259687204162	-0.8328685501443395	-0.993854511973337	-0.9730084985798927	-0.9839876861391547	-0.9999982400318922	0.0	-0.08654775668124633	-0.9818819836791296	-0.4147317989573206	-1.4901161193847656e-08	-0.8473988627910845	-0.9082690980055355	-1.4901161193847656e-08	
-0.7010541391228399	-0.8182469815664333	-0.9444171752400469	-0.7818417198429718	-0.9805449388038567	-0.9493849180479491	-0.964869506885673	-0.996083573234177	0.08654775668124633	0.0	-0.9945979044790091	-0.4919291879239724	-0.08654777152649393	-0.890172294125207	-0.941071413793011	-0.08654777152649393	
-0.6364844352275623	-0.48682507172526346	0.4250065999578301	0.7012661934270844	0.29701758141580786	0.4109669445374204	0.36146639097721206	0.19133527957329627	0.9818819836791296	0.9945979044790091	0.0	-0.8148683618043948	-0.981881980855457	-0.3607604168984495	-0.23869509472722944	-0.981881980855457	
0.25956375473232696	0.4296008601077941	0.983964297149823	0.9874054490435743	0.9502600612041172	0.9810903117602692	0.9692937198687994	0.9107201957335477	0.4147317989573206	0.4919291879239724	0.8148683618043948	0.0	-0.4147317853981028	0.5508805695750015	0.6529555655237771	-0.4147317853981028	
0.6367056621342112	0.7654232314185093	0.969325972382804	0.8328685583916977	0.9938545136228092	0.9730085020186229	0.9839876887950847	0.9999982400598488	1.4901161193847656e-08	0.08654777152649393	0.981881980855457	0.4147317853981028	0.0	0.8473988548792108	0.9082690917710909	0.0	
-0.3153718954872245	-0.13891751442198796	0.7229428402477057	0.911227820723523	0.621496003531968	0.712179146437695	0.6734923621349315	0.5325457529371725	0.8473988627910845	0.890172294125207	0.3607604168984495	-0.5508805695750015	-0.8473988548792108	0.0	0.12771146503465136	-0.8473988548792108	
-0.4339835437277611	-0.2642531384386756	0.628786071419699	0.8511614066960405	0.5163554236377197	0.6166942074801317	0.5735738064317557	0.42008979009940195	0.9082690980055355	0.941071413793011	0.23869509472722944	-0.6529555655237771	-0.9082690917710909	-0.12771146503465136	0.0	-0.9082690917710909	
0.6367056621342112	0.7654232314185093	0.969325972382804	0.8328685583916977	0.9938545136228092	0.9730085020186229	0.9839876887950847	0.9999982400598488	1.4901161193847656e-08	0.08654777152649393	0.981881980855457	0.4147317853981028	0.0	0.8473988548792108	0.9082690917710909	0.0	
