0.0	0.9888468145069831	0.88179587200227	0.8185269876601389	0.9114785985908802	0.9465029693755543	0.5527707452853633	0.0	0.5786120694308015	0.9609863573942556	0.760842958499312	0.9977276647692783	0.8998641413680485	0.984788251741042	0.9908793933591667	0.9860133031377744	
-0.9888468145069831	0.0	0.5977023477511912	0.6899691871333573	0.5425117786020045	0.46006453416360626	0.9063665947885702	0.9888468145069831	0.8926825742837444	0.41663645812592653	-0.5283813197562854	0.215222127147266	0.5653279104850247	-0.025150202167279978	0.014328948587800594	0.3116607949947503	
-0.88179587200227	-0.5977023477511912	0.0	0.12052066816860774	-0.06715726889608009	-0.16184917372558022	0.474125964408178	0.88179587200227	0.4463037249059002	-0.2093301915256981	-0.9310664459471778	-0.4111477919556298	-0.039790887306489775	-0.61767665688347	-0.5861532074845973	-0.3180687434027397	
-0.8185269876601389	-0.6899691871333573	-0.12052066816860774	0.0	-0.18691632833151345	-0.2796010899413238	0.3645567053094633	0.8185269876601389	0.33519881380182265	-0.3256548801230752	-0.9682516579529807	-0.5180137296443154	-0.15992606359308276	-0.7079556292248442	-0.6795265036013968	-0.4300120294990615	
-0.9114785985908802	-0.5425117786020045	0.06715726889608009	0.18691632833151345	0.0	-0.09521194903595026	0.5321846677596187	0.9114785985908802	0.5053939513738778	-0.14318820762781742	-0.9044621658120494	-0.34900112138049505	0.027403026800430608	-0.5634675551863916	-0.5304190744193004	-0.2536810378238876	
-0.9465029693755543	-0.46006453416360626	0.16184917372558022	0.2796010899413238	0.09521194903595026	0.0	0.6103760956970238	0.9465029693755543	0.5852552757363099	-0.04830687158524338	-0.8597401912139556	-0.2581903760506148	0.12245472924570322	-0.48224950753016066	-0.44729483641229395	-0.1604312020419635	
-0.5527707452853633	-0.9063665947885702	-0.474125964408178	-0.3645567053094633	-0.5321846677596187	-0.6103760956970238	0.0	0.5527707452853633	-0.03133532790812499	-0.6479279475029915	-0.992748687641645	-0.7941963496234143	-0.5087846366027015	-0.9167056585668972	-0.900219675035209	-0.7295493492745062	
-0.0	-0.9888468145069831	-0.88179587200227	-0.8185269876601389	-0.9114785985908802	-0.9465029693755543	-0.5527707452853633	0.0	-0.5786120694308015	-0.9609863573942556	-0.760842958499312	-0.9977276647692783	-0.8998641413680485	-0.984788251741042	-0.9908793933591667	-0.9860133031377744	
-0.5786120694308015	-0.8926825742837444	-0.4463037249059002	-0.33519881380182265	-0.5053939513738778	-0.5852552757363099	0.03133532790812499	0.5786120694308015	0.0	-0.6237415978745059	-0.9960279441084583	-0.7747650784781481	-0.4815583961472802	-0.9037350468249737	-0.886133071592388	-0.707759974450262	
-0.9609863573942556	-0.41663645812592653	0.2093301915256981	0.3256548801230752	0.14318820762781742	0.04830687158524338	0.6479279475029915	0.9609863573942556	0.6237415978745059	0.0	-0.8340646327694091	-0.21121996790773348	0.1702550873465033	-0.4393680436686146	-0.40356762130989476	-0.1125627514057981	
-0.760842958499312	0.5283813197562854	0.9310664459471778	0.9682516579529807	0.9044621658120494	0.8597401912139556	0.992748687641645	0.760842958499312	0.9960279441084583	0.8340646327694091	0.0	0.6987238974581435	0.915811376714175	0.5068614820400661	0.5404924538131042	0.7666667077238093	
-0.9977276647692783	-0.215222127147266	0.4111477919556298	0.5180137296443154	0.34900112138049505	0.2581903760506148	0.7941963496234143	0.9977276647692783	0.7747650784781481	0.21121996790773348	-0.6987238974581435	0.0	0.37455004746412557	-0.23971485909509987	-0.20120688002746456	0.0998544114668207	
-0.8998641413680485	-0.5653279104850247	0.039790887306489775	0.15992606359308276	-0.027403026800430608	-0.12245472924570322	0.5087846366027015	0.8998641413680485	0.4815583961472802	-0.1702550873465033	-0.915811376714175	-0.37455004746412557	0.0	-0.5858946413194566	-0.5534504050008989	-0.2800923890576228	
-0.984788251741042	0.025150202167279978	0.61767665688347	0.7079556292248442	0.5634675551863916	0.48224950753016066	0.9167056585668972	0.984788251741042	0.9037350468249737	0.4393680436686146	-0.5068614820400661	0.23971485909509987	0.5858946413194566	0.0	0.03947203623738482	0.3354597683747743	
-0.9908793933591667	-0.014328948587800594	0.5861532074845973	0.6795265036013968	0.5304190744193004	0.44729483641229395	0.900219675035209	0.9908793933591667	0.886133071592388	0.40356762130989476	-0.5404924538131042	0.20120688002746456	0.5534504050008989	-0.03947203623738482	0.0	0.298013525682045	
-0.9860133031377744	-0.3116607949947503	0.3180687434027397	0.4300120294990615	0.2536810378238876	0.1604312020419635	0.7295493492745062	0.9860133031377744	0.707759974450262	0.1125627514057981	-0.7666667077238093	-0.0998544114668207	0.2800923890576228	-0.3354597683747743	-0.298013525682045	0.0	
