0.0	0.24665224488431245	0.591460642390994	0.8851093515801505	0.913155223596807	0.9439834897956744	0.9573510735400387	0.9691287842538538	0.25541132182974857	0.8857748501437206	0.9689170910671665	0.5775233531949183	-0.05840569426975736	-0.2554113074228218	0.29085433465613975	0.20516496837509451	
-0.24665224488431245	0.0	0.37430284817373216	0.742975274112638	0.7844040169992795	0.8334247920263107	0.8565082673670421	0.9999999949721678	0.4859915509550028	0.972883054297484	0.8779632509353266	0.35831970329259577	-0.30283238750637914	-0.4859915379319316	0.045879301296767594	-0.04257910901440248	
-0.591460642390994	-0.37430284817373216	0.0	0.43843785697694315	0.49522153276470265	0.5659881753050329	0.6010555329485284	0.9272689787645712	0.7777901628170036	0.988736133867467	0.6349517785118962	-0.01717654789195283	-0.6375454673455054	-0.7777901534512656	-0.33136452857490756	-0.41344727766899875	
-0.8851093515801505	-0.742975274112638	-0.43843785697694315	0.0	0.06418582693742883	0.14723435900418014	0.1898028574149007	0.669244356871505	0.974616589457909	0.8230173512516121	0.23195427410504327	-0.45381079527268475	-0.9107794317412117	-0.9746165861218286	-0.7114850322103172	-0.7708004696108357	
-0.913155223596807	-0.7844040169992795	-0.49522153276470265	-0.06418582693742883	0.0	0.08344445008735318	0.12639240583967945	0.6201715606481135	0.9869768534330794	0.784861668142096	0.1690407089740516	-0.5100708871987141	-0.9354032655698213	-0.9869768510360437	-0.7551213852489844	-0.8101023416481474	
-0.9439834897956744	-0.8334247920263107	-0.5659881753050329	-0.14723435900418014	-0.08344445008735318	0.0	0.043176351026968936	0.5525493175621716	0.9969577719429563	0.7304163016239598	0.08620756087935481	-0.5800652518578269	-0.9616454960414142	-0.9969577707815064	-0.8071927766828824	-0.856199574092486	
-0.9573510735400387	-0.8565082673670421	-0.6010555329485284	-0.1898028574149007	-0.12639240583967945	-0.043176351026968936	0.0	0.5160474129458751	0.9993933946453794	0.7002456205809856	0.0431115553980523	-0.6146944823566535	-0.9725918018345336	-0.999393394126433	-0.8319265205919384	-0.8777079949717167	
-0.9691287842538538	-0.9999999949721678	-0.9272689787645712	-0.669244356871505	-0.6201715606481135	-0.5525493175621716	-0.5160474129458751	0.0	0.8740122373108575	0.2313951205636623	-0.4786399906981282	-0.9335630088145941	-0.9530741942807158	-0.8740122445513899	-0.9989423847376115	-0.9990973632244168	
-0.25541132182974857	-0.4859915509550028	-0.7777901628170036	-0.974616589457909	-0.9869768534330794	-0.9969577719429563	-0.9993933946453794	-0.8740122373108575	0.0	-0.7378556251120245	-0.9999656216828293	-0.7668795439710894	-0.1985067943170946	-1.4901161193847656e-08	-0.5255766322884787	-0.44833821703027654	
-0.8857748501437206	-0.972883054297484	-0.988736133867467	-0.8230173512516121	-0.784861668142096	-0.7304163016239598	-0.7002456205809856	-0.2313951205636623	0.7378556251120245	0.0	-0.6688171517226594	-0.9911610673218085	-0.8571558005959516	-0.7378556351696909	-0.982470369725378	-0.9621523010479927	
-0.9689170910671665	-0.8779632509353266	-0.6349517785118962	-0.23195427410504327	-0.1690407089740516	-0.08620756087935481	-0.0431115553980523	0.4786399906981282	0.9999656216828293	0.6688171517226594	0.0	-0.64812787797958	-0.9817118140682918	-0.999965621806388	-0.8550750395545735	-0.8975508378727449	
-0.5775233531949183	-0.35831970329259577	0.01717654789195283	0.45381079527268475	0.5100708871987141	0.5800652518578269	0.6146944823566535	0.9335630088145941	0.7668795439710894	0.9911610673218085	0.64812787797958	0.0	-0.6242183804959236	-0.7668795344076572	-0.3151095219289753	-0.39774655387492097	
0.05840569426975736	0.30283238750637914	0.6375454673455054	0.9107794317412117	0.9354032655698213	0.9616454960414142	0.9725918018345336	0.9530741942807158	0.1985067943170946	0.8571558005959516	0.9817118140682918	0.6242183804959236	0.0	-0.19850677971247374	0.34623848720981476	0.2619779911566672	
0.2554113074228218	0.4859915379319316	0.7777901534512656	0.9746165861218286	0.9869768510360437	0.9969577707815064	0.999393394126433	0.8740122445513899	1.4901161193847656e-08	0.7378556351696909	0.999965621806388	0.7668795344076572	0.19850677971247374	0.0	0.5255766196113715	0.448338203710665	
-0.29085433465613975	-0.045879301296767594	0.33136452857490756	0.7114850322103172	0.7551213852489844	0.8071927766828824	0.8319265205919384	0.9989423847376115	0.5255766322884787	0.982470369725378	0.8550750395545735	0.3151095219289753	-0.34623848720981476	-0.5255766196113715	0.0	-0.08837196609534836	
-0.20516496837509451	0.04257910901440248	0.41344727766899875	0.7708004696108357	0.8101023416481474	0.856199574092486	0.8777079949717167	0.9990973632244168	0.44833821703027654	0.9621523010479927	0.8975508378727449	0.39774655387492097	-0.2619779911566672	-0.448338203710665	0.08837196609534836	0.0	
