0.0	0.831656056217883	0.805503919806939	0.40575573867982145	0.8818421339941004	0.9884631107727785	0.5348058471746269	0.9666642081763653	0.9238214538218137	0.17603804565132858	-0.4423867775273646	-0.8818421339941004	-0.18433217586861994	0.13350466585837828	-0.10433190508943857	-0.4423867775273646	
-0.831656056217883	0.0	-0.04554227567409469	-0.5348057445327526	0.8818421339941006	0.6748488948298867	-0.40575562765549333	0.32383659818465393	0.19461225073622668	-0.7209160261966507	-0.9915028530037324	-0.8818421339941006	-0.9197628172053736	-0.7500772721549416	-0.8850519004487709	-0.9915028530037324	
-0.805503919806939	0.04554227567409469	0.0	-0.4957687505146704	0.9024023663863481	0.7077568727439574	-0.36370981846951633	0.36658872954549676	0.2390818423643939	-0.6886061941919255	-0.9845497174573317	-0.9024023663863481	-0.900934293352056	-0.7191796080973942	-0.8629340002536263	-0.9845497174573317	
-0.40575573867982145	0.5348057445327526	0.4957687505146704	0.0	0.9973194318824676	0.9648935467004217	0.14594923460047132	0.7796205232046475	0.6890228883633585	-0.23852367235443278	-0.7682249863677589	-0.9973194318824676	-0.5672789181716236	-0.28010268627943213	-0.4988987775828172	-0.7682249863677589	
-0.8818421339941004	-0.8818421339941006	-0.9024023663863481	-0.9973194318824676	0.0	-0.33253918776912245	-0.9973194229941768	-0.68161888216552	-0.7732131510008046	-0.9510805421296608	-0.5822523484175564	-0.0	-0.7798100203951925	-0.9369014702060608	-0.8278323492171712	-0.5822523484175564	
-0.9884631107727785	-0.6748488948298867	-0.7077568727439574	-0.9648935467004217	0.33253918776912245	0.0	-0.9162292502330287	-0.3995061887082618	-0.5183306886923363	-0.999689682050831	-0.8194730999949672	-0.33253918776912245	-0.943605525907258	-0.9998354292577247	-0.9672663090150053	-0.8194730999949672	
-0.5348058471746269	0.40575562765549333	0.36370981846951633	-0.14594923460047132	0.9973194229941768	0.9162292502330287	0.0	0.6798713777548231	0.5758696998379782	-0.3777062357435275	-0.853432669133211	-0.9973194229941768	-0.6813974913488169	-0.41721026245981013	-0.6200450116267533	-0.853432669133211	
-0.9666642081763653	-0.32383659818465393	-0.36658872954549676	-0.7796205232046475	0.68161888216552	0.3995061887082618	-0.6798713777548231	0.0	-0.13351973913505782	-0.9064940678822264	-0.980200029919049	-0.68161888216552	-0.9972972413698533	-0.9238272762494194	-0.9881025926187926	-0.980200029919049	
-0.9238214538218137	-0.19461225073622668	-0.2390818423643939	-0.6890228883633585	0.7732131510008046	0.5183306886923363	-0.5758696998379782	0.13351973913505782	0.0	-0.8420029487531178	-0.9978616934912576	-0.7732131510008046	-0.9785575626467947	-0.8644428356799194	-0.9587204476490938	-0.9978616934912576	
-0.17603804565132858	0.7209160261966507	0.6886061941919255	0.23852367235443278	0.9510805421296608	0.999689682050831	0.3777062357435275	0.9064940678822264	0.8420029487531178	0.0	-0.5933533923165246	-0.9510805421296608	-0.35447498557474316	-0.043042413532215884	-0.27777991580822026	-0.5933533923165246	
0.4423867775273646	0.9915028530037324	0.9845497174573317	0.7682249863677589	0.5822523484175564	0.8194730999949672	0.853432669133211	0.980200029919049	0.9978616934912576	0.5933533923165246	0.0	-0.5822523484175564	0.269492452851369	0.5581568497487377	0.3464050727155806	0.0	
0.8818421339941004	0.8818421339941006	0.9024023663863481	0.9973194318824676	0.0	0.33253918776912245	0.9973194229941768	0.68161888216552	0.7732131510008046	0.9510805421296608	0.5822523484175564	0.0	0.7798100203951925	0.9369014702060608	0.8278323492171712	0.5822523484175564	
0.18433217586861994	0.9197628172053736	0.900934293352056	0.5672789181716236	0.7798100203951925	0.943605525907258	0.6813974913488169	0.9972972413698533	0.9785575626467947	0.35447498557474316	-0.269492452851369	-0.7798100203951925	0.0	0.3138989985993564	0.08078211553276121	-0.269492452851369	
-0.13350466585837828	0.7500772721549416	0.7191796080973942	0.28010268627943213	0.9369014702060608	0.9998354292577247	0.41721026245981013	0.9238272762494194	0.8644428356799194	0.043042413532215884	-0.5581568497487377	-0.9369014702060608	-0.3138989985993564	0.0	-0.23617401392853188	-0.5581568497487377	
0.10433190508943857	0.8850519004487709	0.8629340002536263	0.4988987775828172	0.8278323492171712	0.9672663090150053	0.6200450116267533	0.9881025926187926	0.9587204476490938	0.27777991580822026	-0.3464050727155806	-0.8278323492171712	-0.08078211553276121	0.23617401392853188	0.0	-0.3464050727155806	
0.4423867775273646	0.9915028530037324	0.9845497174573317	0.7682249863677589	0.5822523484175564	0.8194730999949672	0.853432669133211	0.980200029919049	0.9978616934912576	0.5933533923165246	0.0	-0.5822523484175564	0.269492452851369	0.5581568497487377	0.3464050727155806	0.0	
