0.0	-0.15886108669039384	0.16671918711161327	0.8975448432834303	0.7539851510199427	0.9893304775474243	0.9453267258114237	0.9976051525846317	0.9828570822463368	0.937394268603494	0.5565705737212239	0.3728057656891792	0.23919001512135563	-0.3395894981365854	-0.6785219318507282	-0.7539851412314971	
0.15886108669039384	0.0	0.3212397442639794	0.9561924077380693	0.6400557603953052	0.9536226449214493	0.98513050853601	0.9959243229094175	0.9410866540392646	0.9808167957235112	0.6814844971758266	0.5154801807908282	0.39040231860512115	-0.18585646477988405	-0.5532091442819377	-0.6400557489463189	
-0.16671918711161327	-0.3212397442639794	0.0	0.8114728261469875	0.8529491006022879	0.9997733286119375	0.8777250676582752	0.9721117598392433	0.9998392878640975	0.866211600959585	0.4102706882256466	0.21288783062680422	0.07396261934583215	-0.49164843597480073	-0.7914942271097821	-0.8529490928239697	
-0.8975448432834303	-0.9561924077380693	-0.8114728261469875	0.0	0.922039077331246	0.5669809130961938	0.12410484257554943	0.37778749814848517	0.5988439869176062	0.10073093305482256	-0.5002756868332222	-0.668461594862481	-0.766027187270182	-0.9939399987829667	-0.9584946709366118	-0.9220390830994378	
-0.7539851510199427	-0.6400557603953052	-0.8529491006022879	-0.922039077331246	0.0	-0.540035603718785	-0.8668703066977612	-0.7074685742298681	-0.5066188801063013	-0.8783566911966435	-0.9920175735119503	-0.9445228359532033	-0.8892209356458857	-0.4861051966582597	-0.10814725743417747	-1.4901161193847656e-08	
-0.9893304775474243	-0.9536226449214493	-0.9997733286119375	-0.5669809130961938	0.540035603718785	0.0	-0.4603686490938901	-0.21376803153959667	0.03921074460164492	-0.481121895437884	-0.9030221523929647	-0.9723226519945612	-0.9954602523310074	-0.8810639109965444	-0.6278895258160349	-0.5400356162602306	
-0.9453267258114237	-0.98513050853601	-0.8777250676582752	-0.12410484257554943	0.8668703066977612	0.4603686490938901	0.0	0.2599591429989909	0.4948230779573277	-0.023521415293728254	-0.6038662965164103	-0.7555963545879185	-0.8398807231059843	-0.9998980554697037	-0.915701067861047	-0.8668703141264924	
-0.9976051525846317	-0.9959243229094175	-0.9721117598392433	-0.37778749814848517	0.7074685742298681	0.21376803153959667	-0.2599591429989909	0.0	0.2519080026986082	-0.2825999609628386	-0.7903148380775078	-0.8999016538271588	-0.9521035888405037	-0.961809322071637	-0.779751702230555	-0.7074685847611862	
-0.9828570822463368	-0.9410866540392646	-0.9998392878640975	-0.5988439869176062	0.5066188801063013	-0.03921074460164492	-0.4948230779573277	-0.2519080026986082	0.0	-0.5151261395237201	-0.9191723950302936	-0.9807361831318324	-0.9984267139340136	-0.8618397664928938	-0.5968888359773222	-0.506618892953637	
-0.937394268603494	-0.9808167957235112	-0.866211600959585	-0.10073093305482256	0.8783566911966435	0.481121895437884	0.023521415293728254	0.2825999609628386	0.5151261395237201	0.0	-0.5849506447391432	-0.7399798967169783	-0.8268816136551875	-0.9999572699996914	-0.9249000425345242	-0.8783566983194845	
-0.5565705737212239	-0.6814844971758266	-0.4102706882256466	0.5002756868332222	0.9920175735119503	0.9030221523929647	0.6038662965164103	0.7903148380775078	0.9191723950302936	0.5849506447391432	0.0	-0.20671991407017126	-0.3416957317526348	-0.8056267385410167	-0.9725619404225134	-0.9920175716329183	
-0.3728057656891792	-0.5154801807908282	-0.21288783062680422	0.668461594862481	0.9445228359532033	0.9723226519945612	0.7555963545879185	0.8999016538271588	0.9807361831318324	0.7399798967169783	0.20671991407017126	0.0	-0.14003758591713633	-0.6657596044252696	-0.9034625940863014	-0.94452283105898	
-0.23919001512135563	-0.39040231860512115	-0.07396261934583215	0.766027187270182	0.8892209356458857	0.9954602523310074	0.8398807231059843	0.9521035888405037	0.9984267139340136	0.8268816136551875	0.3416957317526348	0.14003758591713633	0.0	-0.5547080072359775	-0.8345305612270998	-0.889220928828932	
0.3395894981365854	0.18585646477988405	0.49164843597480073	0.9939399987829667	0.4861051966582597	0.8810639109965444	0.9998980554697037	0.961809322071637	0.8618397664928938	0.9999572699996914	0.8056267385410167	0.6657596044252696	0.5547080072359775	0.0	-0.3887442131265095	-0.48610518363613037	
0.6785219318507282	0.5532091442819377	0.7914942271097821	0.9584946709366118	0.10814725743417747	0.6278895258160349	0.915701067861047	0.779751702230555	0.5968888359773222	0.9249000425345242	0.9725619404225134	0.9034625940863014	0.8345305612270998	0.3887442131265095	0.0	-0.10814724262041328	
0.7539851412314971	0.6400557489463189	0.8529490928239697	0.9220390830994378	1.4901161193847656e-08	0.5400356162602306	0.8668703141264924	0.7074685847611862	0.506618892953637	0.8783566983194845	0.9920175716329183	0.94452283105898	0.889220928828932	0.48610518363613037	0.10814724262041328	0.0	
