0.0	0.7875278379618654	0.8592071426406774	0.7964904189246469	0.9997295492543673	0.7964903711764447	1.4901161193847656e-08	0.30143011367073635	0.8912622367535287	0.9917861615839959	0.9802677254077437	0.9414296952445063	0.9725825002962307	0.9725825002962307	0.9825409268045653	0.9997295465459901	
-0.7875278379618654	0.0	0.12659019041039044	0.014680770129812892	0.6344269309518312	0.9670400151711932	0.7875278471451392	0.9366636312196887	0.9064009205366984	0.5104867122046889	0.4484443630352429	0.8457451571721544	0.782528243533336	0.782528243533336	0.7520362734580126	0.5977977893975358	
-0.8592071426406774	-0.12659019041039044	0.0	-0.11201388317271554	0.5314709860182498	0.9270273193092147	0.8592071502645269	0.9734639840729395	0.845634981600796	0.3975268113928891	0.33168900093783327	0.7713943383757519	0.6974159207895685	0.6974159207895685	0.6625478738887154	0.49150792923178355	
-0.7964904189246469	-0.014680770129812892	0.11201388317271554	0.0	0.6230105764592357	0.9631977159231304	0.7964904279346511	0.9417043386453074	0.9001018106525958	0.4978079144704697	0.43527420481172935	0.8378205439668867	0.7733034427953733	0.7733034427953733	0.7422788133006393	0.5859645714098465	
-0.9997295492543673	-0.6344269309518312	-0.5314709860182498	-0.6230105764592357	0.0	0.5859647297727936	0.9997295489078301	0.946220428039923	0.43263869767050694	-0.15093714054492882	-0.2204178128711274	0.3152245045017863	0.20987712365032785	0.20987712365032785	0.1631465629106388	-0.046498970185173225	
-0.7964903711764447	-0.9670400151711932	-0.9270273193092147	-0.9631977159231304	-0.5859647297727936	0.0	0.7964903621664394	0.5771841447241051	-0.17770373893179714	-0.7015614270729629	-0.7501658613277082	-0.3006526261063988	-0.4028428830082169	-0.4028428830082169	-0.44591025897891745	-0.623010729326093	
-1.4901161193847656e-08	-0.7875278471451392	-0.8592071502645269	-0.7964904279346511	-0.9997295489078301	-0.7964903621664394	0.0	-0.30143009946265387	-0.8912622299960266	-0.9917861634899592	-0.9802677283533223	-0.9414296902196957	-0.9725824968308445	-0.9725824968308445	-0.9825409240322552	-0.9997295468925289	
-0.30143011367073635	-0.9366636312196887	-0.9734639840729395	-0.9417043386453074	-0.946220428039923	-0.5771841447241051	0.30143009946265387	0.0	-0.7131130652997937	-0.9842115065054693	-0.9942588111546645	-0.7959971289970347	-0.8572459873120916	-0.8572459873120916	-0.880761211851084	-0.9602404070594697	
-0.8912622367535287	-0.9064009205366984	-0.845634981600796	-0.9001018106525958	-0.43263869767050694	0.17770373893179714	0.8912622299960266	0.7131130652997937	0.0	-0.5637621166914046	-0.6207196991141324	-0.1263854013631764	-0.23378449882932434	-0.23378449882932434	-0.2797545162198196	-0.4740926839342257	
-0.9917861615839959	-0.5104867122046889	-0.3975268113928891	-0.4978079144704697	0.15093714054492882	0.7015614270729629	0.9917861634899592	0.9842115065054693	0.5637621166914046	0.0	-0.07066764124693597	0.45485502346158313	0.3550480714238508	0.3550480714238508	0.31019231310737905	0.1048076292178384	
-0.9802677254077437	-0.4484443630352429	-0.33168900093783327	-0.43527420481172935	0.2204178128711274	0.7501658613277082	0.9802677283533223	0.9942588111546645	0.6207196991141324	0.07066764124693597	0.0	0.5166520113401747	0.4202239280425262	0.4202239280425262	0.37659868366993876	0.17482404166751234	
-0.9414296952445063	-0.8457451571721544	-0.7713943383757519	-0.8378205439668867	-0.3152245045017863	0.3006526261063988	0.9414296902196957	0.7959971289970347	0.1263854013631764	-0.45485502346158313	-0.5166520113401747	0.0	-0.10902676655637508	-0.10902676655637508	-0.1561721946900446	-0.35901185730086416	
-0.9725825002962307	-0.782528243533336	-0.6974159207895685	-0.7733034427953733	-0.20987712365032785	0.4028428830082169	0.9725824968308445	0.8572459873120916	0.23378449882932434	-0.3550480714238508	-0.4202239280425262	0.10902676655637508	0.0	0.0	-0.04755223205271927	-0.2551134419618141	
-0.9725825002962307	-0.782528243533336	-0.6974159207895685	-0.7733034427953733	-0.20987712365032785	0.4028428830082169	0.9725824968308445	0.8572459873120916	0.23378449882932434	-0.3550480714238508	-0.4202239280425262	0.10902676655637508	0.0	0.0	-0.04755223205271927	-0.2551134419618141	
-0.9825409268045653	-0.7520362734580126	-0.6625478738887154	-0.7422788133006393	-0.1631465629106388	0.44591025897891745	0.9825409240322552	0.880761211851084	0.2797545162198196	-0.31019231310737905	-0.37659868366993876	0.1561721946900446	0.04755223205271927	0.04755223205271927	0.0	-0.20884606319390095	
-0.9997295465459901	-0.5977977893975358	-0.49150792923178355	-0.5859645714098465	0.046498970185173225	0.623010729326093	0.9997295468925289	0.9602404070594697	0.4740926839342257	-0.1048076292178384	-0.17482404166751234	0.35901185730086416	0.2551134419618141	0.2551134419618141	0.20884606319390095	0.0	
