0.0	0.998736562862163	0.8391345909800357	0.3612538313564035	0.32063820102868684	0.25135178949961257	0.9244534612405544	0.8759881811142851	-0.4097600202597862	-0.5506607111298338	-0.468247667182781	-0.24615596222172798	-0.1279021693225949	-0.807037124302793	-0.9244534498770808	0.0766094054740109	
-0.998736562862163	0.0	-0.5854049338869949	-0.9494431820574057	-0.9621177713792995	-0.9793038899866221	0.3343573855490672	-0.5257434559727933	-0.8904495412571966	-0.8060026570671422	-0.8589504435175108	-0.9556358054213459	-0.984106370599264	-0.5491992962835396	-0.33435741363615734	-0.9996512439386189	
-0.8391345909800357	0.5854049338869949	0.0	-0.585971178721805	-0.6204269881843372	-0.675478616224236	0.8227900087767308	0.07172890832947654	-0.9883312435585283	-0.9999676033667118	-0.9961480942401109	-0.9472047091050357	-0.9018116400673526	-0.9344762933036266	-0.8227900257147462	-0.7949988448235692	
-0.3612538313564035	0.9494431820574057	0.585971178721805	0.0	-0.04319555211775261	-0.11527868685573633	0.9997670653156313	0.6425860354024806	-0.7116212546452655	-0.8150223352445645	-0.7558286357552134	-0.5796705734742623	-0.47755139564340016	-0.9658565443250943	-0.999767064672415	-0.2887563897308235	
-0.32063820102868684	0.9621177713792995	0.6204269881843372	0.04319555211775261	0.0	-0.07226351440795312	0.9979016404682259	0.6750832859371472	-0.6806094437558128	-0.789232844250553	-0.7268400436901659	-0.5439315946505209	-0.4391538897265571	-0.9537640547486402	-0.997901638538582	-0.24713134096531833	
-0.25135178949961257	0.9793038899866221	0.675478616224236	0.11527868685573633	0.07226351440795312	0.0	0.9906137761286558	0.7266301263581648	-0.6258864356223449	-0.7427928587509808	-0.6753087031138896	-0.48187107496145276	-0.3730833566317161	-0.9295512506777669	-0.9906137720549554	-0.17646319039743358	
-0.9244534612405544	-0.3343573855490672	-0.8227900087767308	-0.9997670653156313	-0.9979016404682259	-0.9906137761286558	0.0	-0.7799038350770527	-0.6870409043925069	-0.5617041482782538	-0.6383041018627149	-0.8021502304326494	-0.8680922856213363	-0.23817128187996894	-2.980232238769532e-08	-0.9509474353211564	
-0.8759881811142851	0.5257434559727933	-0.07172890832947654	-0.6425860354024806	-0.6750832859371472	-0.7266301263581648	0.7799038350770527	0.0	-0.9967112051430789	-0.9968144793080531	-0.9998718587194707	-0.9677632653355486	-0.9304848872931104	-0.9065319255513348	-0.7799038537303071	-0.8364625992447934	
0.4097600202597862	0.8904495412571966	0.9883312435585283	0.7116212546452655	0.6806094437558128	0.6258864356223449	0.6870409043925069	0.9967112051430789	0.0	-0.1602704041052912	-0.06506958062447665	0.17260996519275162	0.28972306523574104	-0.49421032602094295	-0.6870408827375807	0.47843840077303257	
0.5506607111298338	0.8060026570671422	0.9999676033667118	0.8150223352445645	0.789232844250553	0.7427928587509808	0.5617041482782538	0.9968144793080531	0.1602704041052912	0.0	0.09570231199297519	0.32824344755270785	0.4393743474108594	-0.34849188909129125	-0.5617041236216547	0.6129905242309054	
0.468247667182781	0.8589504435175108	0.9961480942401109	0.7558286357552134	0.7268400436901659	0.6753087031138896	0.6383041018627149	0.9998718587194707	0.06506958062447665	-0.09570231199297519	0.0	0.23633706065953486	0.35138784367781106	-0.4365952171633543	-0.6383040789213548	0.5345634330740134	
0.24615596222172798	0.9556358054213459	0.9472047091050357	0.5796705734742623	0.5439315946505209	0.48187107496145276	0.8021502304326494	0.9677632653355486	-0.17260996519275162	-0.32824344755270785	-0.23633706065953486	0.0	0.1201675821737413	-0.6368495103824863	-0.8021502126370188	0.3196847062711665	
0.1279021693225949	0.984106370599264	0.9018116400673526	0.47755139564340016	0.4391538897265571	0.3730833566317161	0.8680922856213363	0.9304848872931104	-0.28972306523574104	-0.4393743474108594	-0.35138784367781106	-0.1201675821737413	0.0	-0.7248824373432867	-0.8680922708273785	0.20350648429061957	
0.807037124302793	0.5491992962835396	0.9344762933036266	0.9658565443250943	0.9537640547486402	0.9295512506777669	0.23817128187996894	0.9065319255513348	0.49421032602094295	0.34849188909129125	0.4365952171633543	0.6368495103824863	0.7248824373432867	0.0	-0.23817125293526295	0.84990329617692	
0.9244534498770808	0.33435741363615734	0.8227900257147462	0.999767064672415	0.997901638538582	0.9906137720549554	2.980232238769532e-08	0.7799038537303071	0.6870408827375807	0.5617041236216547	0.6383040789213548	0.8021502126370188	0.8680922708273785	0.23817125293526295	0.0	0.950947426101733	
-0.0766094054740109	0.9996512439386189	0.7949988448235692	0.2887563897308235	0.24713134096531833	0.17646319039743358	0.9509474353211564	0.8364625992447934	-0.47843840077303257	-0.6129905242309054	-0.5345634330740134	-0.3196847062711665	-0.20350648429061957	-0.84990329617692	-0.950947426101733	0.0	
