0.0	0.27196402201174724	0.431183148359192	0.6602929528303775	0.6776632091318069	0.3755215827926385	0.4998888439835233	0.9876204079572376	0.9649029801730941	-0.10006520322164417	-0.3738452084202914	0.6384402180891202	0.647199664291517	-0.25853351473864133	-0.9876204079572376	-0.6656962465031491	
-0.27196402201174724	0.0	0.16954728114365086	0.4311576154070975	0.45212549734269564	0.1093072377524678	0.24550154083588577	0.9930554776457339	0.8571137438628351	-0.36689248998469604	-0.6119982308264257	0.4050528253388944	0.41548128108873067	-0.5115065872760826	-0.9930554776457339	-0.8435501988475937	
-0.431183148359192	-0.16954728114365086	0.0	0.2719367899934061	0.2943512166283967	-0.06080666236059026	0.07758869271424979	0.9587313441196033	0.7573660817387831	-0.5193042622068866	-0.7372257691243125	0.24417255209136512	0.25524546560589023	-0.6497895011719058	-0.9587313441196033	-0.9223927489392323	
-0.6602929528303775	-0.4311576154070975	-0.2719367899934061	0.0	0.02336936461266853	-0.32994875838976934	-0.19645225211187756	0.8452863431580125	0.5512526830096017	-0.7321286459295466	-0.8931766362647517	-0.02873481520893645	-0.017302663703713084	-0.8320052759677589	-0.8452863431580125	-0.9926689693474068	
-0.6776632091318069	-0.45212549734269564	-0.2943512166283967	-0.02336936461266853	0.0	-0.3519193022606245	-0.21931257580052116	0.8325689259150792	0.531604178337281	-0.7478471265854404	-0.9034420526697573	-0.05208668240481534	-0.04066380449604662	-0.8447426236573382	-0.8325689259150792	-0.9952224058288901	
-0.3755215827926385	-0.1093072377524678	0.06080666236059026	0.32994875838976934	0.3519193022606245	0.0	0.13806847757233212	0.9742454316740834	0.7956707974318159	-0.4663785917572928	-0.6947777718137089	0.3026868802996713	0.3135656697761279	-0.60236709873772	-0.9742454316740834	-0.8971991447394781	
-0.4998888439835233	-0.24550154083588577	-0.07758869271424979	0.19645225211187756	0.21931257580052116	-0.13806847757233212	0.0	0.9337816853083388	0.7044182858278019	-0.5840452716310229	-0.7874258949488506	0.16819625993200693	0.1794573492742923	-0.7068069480493321	-0.9337816853083388	-0.9495810423323242	
-0.9876204079572376	-0.9930554776457339	-0.9587313441196033	-0.8452863431580125	-0.8325689259150792	-0.9742454316740834	-0.9337816853083388	0.0	-0.41071301877272126	-0.9669669190389666	-0.8573667526304236	-0.8602907009045526	-0.8544048499830108	-0.9134892902174987	-0.0	-0.6325619330364284	
-0.9649029801730941	-0.8571137438628351	-0.7573660817387831	-0.5512526830096017	-0.531604178337281	-0.7956707974318159	-0.7044182858278019	0.41071301877272126	0.0	-0.9863378032189665	-0.9931131646490912	-0.5749996124678035	-0.565606435076095	-0.9999911006517599	-0.41071301877272126	-0.8948488733093765	
0.10006520322164417	0.36689248998469604	0.5193042622068866	0.7321286459295466	0.7478471265854404	0.4663785917572928	0.5840452716310229	0.9669669190389666	0.9863378032189665	0.0	-0.2791592486595747	0.7122531377686607	0.720233051685713	-0.1605726891334107	-0.9669669190389666	-0.5876840995194573	
0.3738452084202914	0.6119982308264257	0.7372257691243125	0.8931766362647517	0.9034420526697573	0.6947777718137089	0.7874258949488506	0.8573667526304236	0.9931131646490912	0.2791592486595747	0.0	0.8798855976567219	0.8852618138002073	0.12134779025207765	-0.8573667526304236	-0.3384555227036115	
-0.6384402180891202	-0.4050528253388944	-0.24417255209136512	0.02873481520893645	0.05208668240481534	-0.3026868802996713	-0.16819625993200693	0.8602907009045526	0.5749996124678035	-0.7122531377686607	-0.8798855976567219	0.0	0.011434994627484374	-0.815720568124632	-0.8602907009045526	-0.9887860367286574	
-0.647199664291517	-0.41548128108873067	-0.25524546560589023	0.017302663703713084	0.04066380449604662	-0.3135656697761279	-0.1794573492742923	0.8544048499830108	0.565606435076095	-0.720233051685713	-0.8852618138002073	-0.011434994627484374	0.0	-0.8222817636162836	-0.8544048499830108	-0.9904290802938726	
0.25853351473864133	0.5115065872760826	0.6497895011719058	0.8320052759677589	0.8447426236573382	0.60236709873772	0.7068069480493321	0.9134892902174987	0.9999911006517599	0.1605726891334107	-0.12134779025207765	0.815720568124632	0.8222817636162836	0.0	-0.9134892902174987	-0.45014048747774243	
0.9876204079572376	0.9930554776457339	0.9587313441196033	0.8452863431580125	0.8325689259150792	0.9742454316740834	0.9337816853083388	0.0	0.41071301877272126	0.9669669190389666	0.8573667526304236	0.8602907009045526	0.8544048499830108	0.9134892902174987	0.0	0.6325619330364284	
0.6656962465031491	0.8435501988475937	0.9223927489392323	0.9926689693474068	0.9952224058288901	0.8971991447394781	0.9495810423323242	0.6325619330364284	0.8948488733093765	0.5876840995194573	0.3384555227036115	0.9887860367286574	0.9904290802938726	0.45014048747774243	-0.6325619330364284	0.0	
