0.0	0.19388957415710537	0.7637738826795075	0.9046951542696036	0.7908653713238429	0.9897537166627065	0.9746514185890921	0.6623688163019472	0.3697862317247378	-0.006961457828142309	-0.3217473580189806	-0.5736594034827149	-0.9746514185890921	-0.8223672361255787	-0.1091902236378828	0.1403265204537034	
-0.19388957415710537	0.0	0.6241274235905161	0.8049185895562319	0.6571988910934295	0.9986560560048668	0.9995345070611004	0.5045414945060475	0.18262285888898067	-0.20071422872173944	-0.4992212785374103	-0.7215870515103034	-0.9995345070611004	-0.9170763100622725	-0.2998484437633942	-0.05430749671813509	
-0.7637738826795075	-0.6241274235905161	0.0	0.25855304925546874	0.04306875275832128	0.7479256005220015	0.8000000681917444	-0.1446541242630353	-0.4709441365421214	-0.7682488843903342	-0.9308433700053593	-0.9958904667699326	-0.8000000681917444	-0.9653793430361576	-0.8296877119232987	-0.6656380460902508	
-0.9046951542696036	-0.8049185895562319	-0.25855304925546874	0.0	-0.21670885210787288	0.5508709248021146	0.6176659081559651	-0.39556911974072045	-0.6830165941473567	-0.9076392274637731	-0.9936720054626458	-0.985443347218184	-0.6176659081559651	-0.8651100438923832	-0.945807396201195	-0.8359560061285436	
-0.7908653713238429	-0.6571988910934295	-0.04306875275832128	0.21670885210787288	0.0	0.718643321161042	0.7734165090123631	-0.18713566897772133	-0.5085008141993855	-0.7951065514127795	-0.9457177659916904	-0.9988669501336225	-0.7734165090123631	-0.9532490936652398	-0.8529600296648672	-0.6971615301052846	
-0.9897537166627065	-0.9986560560048668	-0.7479256005220015	-0.5508709248021146	-0.718643321161042	0.0	0.08227080645240833	-0.836078015104853	-0.9723968254911018	-0.9887357413575919	-0.8911833915333647	-0.7287912687938399	-0.08227080645240833	-0.44570558322356507	-0.9682451177376563	-0.9999969159326678	
-0.9746514185890921	-0.9995345070611004	-0.8000000681917444	-0.6176659081559651	-0.7734165090123631	-0.08227080645240833	0.0	-0.8783783536480085	-0.9882969272332318	-0.9730703224047798	-0.8508406970194404	-0.6699868978190583	-0.0	-0.37054749789923763	-0.9443948469739367	-0.9964026121853488	
-0.6623688163019472	-0.5045414945060475	0.1446541242630353	0.39556911974072045	0.18713566897772133	0.836078015104853	0.8783783536480085	0.0	-0.3383823571504955	-0.6675681367578155	-0.8681937396639103	-0.972315242924405	-0.8783783536480085	-0.9929587830797895	-0.7402113330216628	-0.5506853327737073	
-0.3697862317247378	-0.18262285888898067	0.4709441365421214	0.6830165941473567	0.5085008141993855	0.9723968254911018	0.9882969272332318	0.3383823571504955	0.0	-0.37624527919602624	-0.6490639508227534	-0.8358862876013979	-0.9882969272332318	-0.9744677505505186	-0.46902571063789505	-0.2357475646006828	
0.006961457828142309	0.20071422872173944	0.7682488843903342	0.9076392274637731	0.7951065514127795	0.9887357413575919	0.9730703224047798	0.6675681367578155	0.37624527919602624	0.0	-0.3151482754873457	-0.5679434150562255	-0.9730703224047798	-0.8183865386114796	-0.1022677434387066	0.14721569632773224	
0.3217473580189806	0.4992212785374103	0.9308433700053593	0.9936720054626458	0.9457177659916904	0.8911833915333647	0.8508406970194404	0.8681937396639103	0.6490639508227534	0.3151482754873457	0.0	-0.27961407251105674	-0.8508406970194404	-0.5955778885149732	0.21643949511530491	0.4514284944087114	
0.5736594034827149	0.7215870515103034	0.9958904667699326	0.985443347218184	0.9988669501336225	0.7287912687938399	0.6699868978190583	0.972315242924405	0.8358862876013979	0.5679434150562255	0.27961407251105674	0.0	-0.6699868978190583	-0.34720845867417865	0.4807923698897989	0.6829238079999185	
0.9746514185890921	0.9995345070611004	0.8000000681917444	0.6176659081559651	0.7734165090123631	0.08227080645240833	0.0	0.8783783536480085	0.9882969272332318	0.9730703224047798	0.8508406970194404	0.6699868978190583	0.0	0.37054749789923763	0.9443948469739367	0.9964026121853488	
0.8223672361255787	0.9170763100622725	0.9653793430361576	0.8651100438923832	0.9532490936652398	0.44570558322356507	0.37054749789923763	0.9929587830797895	0.9744677505505186	0.8183865386114796	0.5955778885149732	0.34720845867417865	-0.37054749789923763	0.0	0.7553256496756703	0.8940699071219211	
0.1091902236378828	0.2998484437633942	0.8296877119232987	0.945807396201195	0.8529600296648672	0.9682451177376563	0.9443948469739367	0.7402113330216628	0.46902571063789505	0.1022677434387066	-0.21643949511530491	-0.4807923698897989	-0.9443948469739367	-0.7553256496756703	0.0	0.24759730737116872	
-0.1403265204537034	0.05430749671813509	0.6656380460902508	0.8359560061285436	0.6971615301052846	0.9999969159326678	0.9964026121853488	0.5506853327737073	0.2357475646006828	-0.14721569632773224	-0.4514284944087114	-0.6829238079999185	-0.9964026121853488	-0.8940699071219211	-0.24759730737116872	0.0	
