0.0	0.15781792744722617	0.0	0.025411388603134133	0.4620817015321912	0.8485778585870813	0.9419494236428557	0.9841421670104125	0.7429002089270981	0.6670804321195538	0.86658075468516	0.20413579822468586	0.0	-0.01734930842534721	-0.4504678808883764	-0.6670804164201538	
-0.15781792744722617	0.0	-0.15781792744722617	-0.13267402576842835	0.31633216515087953	0.7544468611847372	0.8771570023561384	0.9438151419292178	0.8392340178583058	0.7762928319588963	0.7769639982273762	0.047082925850843116	-0.15781792744722617	-0.17492606503162983	-0.5857214034414029	-0.7762928186747899	
0.0	0.15781792744722617	0.0	0.025411388603134133	0.4620817015321912	0.8485778585870813	0.9419494236428557	0.9841421670104125	0.7429002089270981	0.6670804321195538	0.86658075468516	0.20413579822468586	0.0	-0.01734930842534721	-0.4504678808883764	-0.6670804164201538	
-0.025411388603134133	0.13267402576842835	-0.025411388603134133	0.0	0.43939671667345653	0.8348594179247416	0.9331132523396275	0.979316856245652	0.7596707494427234	0.6857961387154264	0.8536196973703921	0.17919358805890873	-0.025411388603134133	-0.04275126988143313	-0.47300951571435945	-0.6857961233783211	
-0.4620817015321912	-0.31633216515087953	-0.4620817015321912	-0.43939671667345653	0.0	0.5080767395879596	0.6802097914505321	0.7908092966786116	0.9681501578824523	0.9358361096589297	0.5379203826568343	-0.2713162011411207	-0.4620817015321912	-0.47739816821051473	-0.8120348854317069	-0.9358361022319068	
-0.8485778585870813	-0.7544468611847372	-0.8485778585870813	-0.8348594179247416	-0.5080767395879596	0.0	0.21344358772658925	0.37015860064023065	0.9610864708625636	0.9851109650506202	0.035010695990616264	-0.7227067651719883	-0.8485778585870813	-0.8576291463188559	-0.995933339149375	-0.985110968673557	
-0.9419494236428557	-0.8771570023561384	-0.9419494236428557	-0.9331132523396275	-0.6802097914505321	-0.21344358772658925	0.0	0.16334605501088995	0.8799753067173341	0.9257143078513115	-0.17910884533115903	-0.8535748260967908	-0.9419494236428557	-0.9476327638083881	-0.9922122591649573	-0.9257143158217757	
-0.9841421670104125	-0.9438151419292178	-0.9841421670104125	-0.979316856245652	-0.7908092966786116	-0.37015860064023065	-0.16334605501088995	0.0	0.7905636631673204	0.8514995687324217	-0.33740783403422264	-0.9272087592656996	-0.9841421670104125	-0.987071489486396	-0.9585395446443876	-0.8514995797823833	
-0.7429002089270981	-0.8392340178583058	-0.7429002089270981	-0.7596707494427234	-0.9681501578824523	-0.9610864708625636	-0.8799753067173341	-0.7905636631673204	0.0	0.10690493812350128	-0.9508256404605052	-0.8639055960668139	-0.7429002089270981	-0.7311747296929408	-0.3617116529090859	-0.10690495907615892	
-0.6670804321195538	-0.7762928319588963	-0.6670804321195538	-0.6857961387154264	-0.9358361096589297	-0.9851109650506202	-0.9257143078513115	-0.8514995687324217	-0.10690493812350128	0.0	-0.9784880019312431	-0.8051116906758693	-0.6670804321195538	-0.6540550427311153	-0.25997236569794385	-2.1073424255447017e-08	
-0.86658075468516	-0.7769639982273762	-0.86658075468516	-0.8536196973703921	-0.5379203826568343	-0.035010695990616264	0.17910884533115903	0.33740783403422264	0.9508256404605052	0.9784880019312431	0.0	-0.7464615107987239	-0.86658075468516	-0.8751082696530796	-0.998476995423406	-0.978488006278769	
-0.20413579822468586	-0.047082925850843116	-0.20413579822468586	-0.17919358805890873	0.2713162011411207	0.7227067651719883	0.8535748260967908	0.9272087592656996	0.8639055960668139	0.8051116906758693	0.7464615107987239	0.0	-0.20413579822468586	-0.22108905038718574	-0.6232331268425166	-0.8051116781767317	
0.0	0.15781792744722617	0.0	0.025411388603134133	0.4620817015321912	0.8485778585870813	0.9419494236428557	0.9841421670104125	0.7429002089270981	0.6670804321195538	0.86658075468516	0.20413579822468586	0.0	-0.01734930842534721	-0.4504678808883764	-0.6670804164201538	
0.01734930842534721	0.17492606503162983	0.01734930842534721	0.04275126988143313	0.47739816821051473	0.8576291463188559	0.9476327638083881	0.987071489486396	0.7311747296929408	0.6540550427311153	0.8751082696530796	0.22108905038718574	0.01734930842534721	0.0	-0.4349107459306885	-0.6540550267901873	
0.4504678808883764	0.5857214034414029	0.4504678808883764	0.47300951571435945	0.8120348854317069	0.995933339149375	0.9922122591649573	0.9585395446443876	0.3617116529090859	0.25997236569794385	0.998476995423406	0.6232331268425166	0.4504678808883764	0.4349107459306885	0.0	-0.25997234534910696	
0.6670804164201538	0.7762928186747899	0.6670804164201538	0.6857961233783211	0.9358361022319068	0.985110968673557	0.9257143158217757	0.8514995797823833	0.10690495907615892	2.1073424255447017e-08	0.978488006278769	0.8051116781767317	0.6670804164201538	0.6540550267901873	0.25997234534910696	0.0	
