0.0	0.7113310303106177	0.5764352456003973	0.5054479041086818	0.897997779501179	0.9035078798252785	0.9748511188143527	0.0	0.5425863670124094	0.6630541491244356	0.6757369535557725	0.9773934613646266	0.9999836735140553	0.9927738883857282	0.9972369913384636	0.998022529370954	
-0.7113310303106177	0.0	-0.17610742187832729	-0.258519376458343	0.31817851125751373	0.33018077782322947	0.8437062586234735	0.7113310303106177	0.9788787844611884	0.9985144368656242	0.9992991228136685	0.8373636484917397	0.6987809425360506	0.6124184771236205	0.6480733348068008	0.656754969581564	
-0.5764352456003973	0.17610742187832729	0.0	-0.08435812641076462	0.48016094831791944	0.49125128277794317	0.925055302826413	0.5764352456003973	0.9275761785432939	0.9733129048452767	0.977088723013362	0.9205449152568279	0.8138355930316058	0.7420658213549457	0.7720640940167148	0.7792938353497298	
-0.5054479041086818	0.258519376458343	0.08435812641076462	0.0	0.5524467103502464	0.5629776556640377	0.9537998970520791	0.5054479041086818	0.8927507618779167	0.9504848596728857	0.9556517487927794	0.9502170163984541	0.8599547784583439	0.7959682597312335	0.8229254299692504	0.829379796091139	
-0.897997779501179	-0.31817851125751373	-0.48016094831791944	-0.5524467103502464	0.0	0.012687219905269276	0.6290596783295919	0.897997779501179	0.9930561472256708	0.9639593042275234	0.9592768857027345	0.6199154567152879	0.43486141480362106	0.32906073935561153	0.3720757608730545	0.38268424989843614	
-0.9035078798252785	-0.33018077782322947	-0.49125128277794317	-0.5629776556640377	-0.012687219905269276	0.0	0.6191465484922346	0.9035078798252785	0.9914836783516445	0.9605062875328467	0.9556159507604531	0.6099102989916966	0.42340160612723393	0.31705360170146657	0.3602695064721882	0.37093199067012106	
-0.9748511188143527	-0.8437062586234735	-0.925055302826413	-0.9537998970520791	-0.6290596783295919	-0.6191465484922346	0.0	0.9748511188143527	0.6979557243646223	0.5819793638517581	0.568011732639453	-0.011707757077205116	-0.22842402946590312	-0.33822889086871016	-0.2946589794085317	-0.28369286421528583	
-0.0	-0.7113310303106177	-0.5764352456003973	-0.5054479041086818	-0.897997779501179	-0.9035078798252785	-0.9748511188143527	0.0	-0.5425863670124094	-0.6630541491244356	-0.6757369535557725	-0.9773934613646266	-0.9999836735140553	-0.9927738883857282	-0.9972369913384636	-0.998022529370954	
-0.5425863670124094	-0.9788787844611884	-0.9275761785432939	-0.8927507618779167	-0.9930561472256708	-0.9914836783516445	-0.6979557243646223	0.5425863670124094	0.0	-0.15080084271267163	-0.16765539815400488	-0.7062922916186335	-0.8430867828167873	-0.8990404653580114	-0.8779855664921168	-0.8724444189956357	
-0.6630541491244356	-0.9985144368656242	-0.9733129048452767	-0.9504848596728857	-0.9639593042275234	-0.9605062875328467	-0.5819793638517581	0.6630541491244356	0.15080084271267163	0.0	-0.01707176199767363	-0.591460265733806	-0.7523480750198686	-0.8227286915678803	-0.7957586484033458	-0.7887689028691607	
-0.6757369535557725	-0.9992991228136685	-0.977088723013362	-0.9556517487927794	-0.9592768857027345	-0.9556159507604531	-0.568011732639453	0.6757369535557725	0.16765539815400488	0.01707176199767363	0.0	-0.5776085257463267	-0.740992140084593	-0.8129046184459148	-0.7853037839427045	-0.7781601141866433	
-0.9773934613646266	-0.8373636484917397	-0.9205449152568279	-0.9502170163984541	-0.6199154567152879	-0.6099102989916966	0.011707757077205116	0.9773934613646266	0.7062922916186335	0.591460265733806	0.5776085257463267	0.0	-0.217010149349942	-0.32718796204471123	-0.2834508224182499	-0.2724466742279538	
-0.9999836735140553	-0.6987809425360506	-0.8138355930316058	-0.8599547784583439	-0.43486141480362106	-0.42340160612723393	0.22842402946590312	0.9999836735140553	0.8430867828167873	0.7523480750198686	0.740992140084593	0.217010149349942	0.0	-0.11432510533652128	-0.06858614149223018	-0.057153245019427396	
-0.9927738883857282	-0.6124184771236205	-0.7420658213549457	-0.7959682597312335	-0.32906073935561153	-0.31705360170146657	0.33822889086871016	0.9927738883857282	0.8990404653580114	0.8227286915678803	0.8129046184459148	0.32718796204471123	0.11432510533652128	0.0	0.04591944340477766	0.05735971798938608	
-0.9972369913384636	-0.6480733348068008	-0.7720640940167148	-0.8229254299692504	-0.3720757608730545	-0.3602695064721882	0.2946589794085317	0.9972369913384636	0.8779855664921168	0.7957586484033458	0.7853037839427045	0.2834508224182499	0.06858614149223018	-0.04591944340477766	0.0	0.011455371329424896	
-0.998022529370954	-0.656754969581564	-0.7792938353497298	-0.829379796091139	-0.38268424989843614	-0.37093199067012106	0.28369286421528583	0.998022529370954	0.8724444189956357	0.7887689028691607	0.7781601141866433	0.2724466742279538	0.057153245019427396	-0.05735971798938608	-0.011455371329424896	0.0	
