0.0	0.5934630231626246	0.6180579355839391	0.4530283972857285	0.4141841243373283	0.4530283972857285	0.9202902680597261	0.747183512632001	0.6659957430145651	0.971910783535096	0.9636733952250771	0.9083994089427344	0.7503053748947124	-0.06747891469036088	-0.9083994089427344	0.009469219763559356	
-0.5934630231626246	0.0	0.03091028530750184	-0.16444495781642854	-0.2068052049718805	-0.16444495781642854	0.5085217180500186	0.20695298066904932	0.09333713872800714	0.642582054845391	0.9341275502448412	0.9792644393808512	0.21155842264143812	-0.6464215071287205	-0.9792644393808512	-0.5858150076972113	
-0.6180579355839391	-0.03091028530750184	0.0	-0.19485586067596256	-0.23694845679964938	-0.19485586067596256	0.48166345222795554	0.17661298573275605	0.06251719045217602	0.6185910230634912	0.9226480914830434	0.9725345141389682	0.18124669027262857	-0.6696965677654474	-0.9725345141389682	-0.6105861636415089	
-0.4530283972857285	0.16444495781642854	0.19485586067596256	0.0	-0.04309980353546336	0.0	0.6431940294931184	0.36502044762196206	0.25579355462140996	0.7598346124883515	0.980107462592622	0.9992472636549907	0.36940112578079587	-0.5121529981860646	-0.9992472636549907	-0.44456631382428	
-0.4141841243373283	0.2068052049718805	0.23694845679964938	0.04309980353546336	0.0	0.04309980353546336	0.6755980143128654	0.4048071559347165	0.29722179871752985	0.7871484427368715	0.9877506307286321	0.9999907106592498	0.4091092239928887	-0.4746589183696353	-0.9999907106592498	-0.40554673612184955	
-0.4530283972857285	0.16444495781642854	0.19485586067596256	0.0	-0.04309980353546336	0.0	0.6431940294931184	0.36502044762196206	0.25579355462140996	0.7598346124883515	0.980107462592622	0.9992472636549907	0.36940112578079587	-0.5121529981860646	-0.9992472636549907	-0.44456631382428	
-0.9202902680597261	-0.5085217180500186	-0.48166345222795554	-0.6431940294931184	-0.6755980143128654	-0.6431940294931184	0.0	-0.3193159844681098	-0.4259339321340874	0.16365681816508593	0.6228183199487457	0.7401753574588076	-0.3148493057324622	-0.9445928500434226	-0.7401753574588076	-0.9165443054415587	
-0.747183512632001	-0.20695298066904932	-0.17661298573275605	-0.36502044762196206	-0.4048071559347165	-0.36502044762196206	0.3193159844681098	0.0	-0.11473306726523924	0.47009985863978465	0.8400348517895168	0.9161384232434366	0.004709697993905249	-0.7903281443051253	-0.9161384232434366	-0.7408566015037846	
-0.6659957430145651	-0.09333713872800714	-0.06251719045217602	-0.25579355462140996	-0.29722179871752985	-0.25579355462140996	0.4259339321340874	0.11473306726523924	0.0	0.5682604109575798	0.8967339728784496	0.9560807061517319	0.11941039162896205	-0.7148140095711932	-0.9560807061517319	-0.6589022667583302	
-0.971910783535096	-0.642582054845391	-0.6185910230634912	-0.7598346124883515	-0.7871484427368715	-0.7598346124883515	-0.16365681816508593	-0.47009985863978465	-0.5682604109575798	0.0	0.48638145513831116	0.6201507008585552	-0.4659378031253072	-0.9855766425175647	-0.6201507008585552	-0.9696386318467871	
-0.9636733952250771	-0.9341275502448412	-0.9226480914830434	-0.980107462592622	-0.9877506307286321	-0.980107462592622	-0.6228183199487457	-0.8400348517895168	-0.8967339728784496	-0.48638145513831116	0.0	0.16029671418251146	-0.8374703712827699	-0.9434543912518186	-0.16029671418251146	-0.9661592620315936	
-0.9083994089427344	-0.9792644393808512	-0.9725345141389682	-0.9992472636549907	-0.9999907106592498	-0.9992472636549907	-0.7401753574588076	-0.9161384232434366	-0.9560807061517319	-0.6201507008585552	-0.16029671418251146	0.0	-0.9142403234071288	-0.8781157260012027	-0.0	-0.9123177953695369	
-0.7503053748947124	-0.21155842264143812	-0.18124669027262857	-0.36940112578079587	-0.4091092239928887	-0.36940112578079587	0.3148493057324622	-0.004709697993905249	-0.11941039162896205	0.4659378031253072	0.8374703712827699	0.9142403234071288	0.0	-0.79320493462956	-0.9142403234071288	-0.7440117158656303	
0.06747891469036088	0.6464215071287205	0.6696965677654474	0.5121529981860646	0.4746589183696353	0.5121529981860646	0.9445928500434226	0.7903281443051253	0.7148140095711932	0.9855766425175647	0.9434543912518186	0.8781157260012027	0.79320493462956	0.0	-0.8781157260012027	0.07692352591126245	
0.9083994089427344	0.9792644393808512	0.9725345141389682	0.9992472636549907	0.9999907106592498	0.9992472636549907	0.7401753574588076	0.9161384232434366	0.9560807061517319	0.6201507008585552	0.16029671418251146	0.0	0.9142403234071288	0.8781157260012027	0.0	0.9123177953695369	
-0.009469219763559356	0.5858150076972113	0.6105861636415089	0.44456631382428	0.40554673612184955	0.44456631382428	0.9165443054415587	0.7408566015037846	0.6589022667583302	0.9696386318467871	0.9661592620315936	0.9123177953695369	0.7440117158656303	-0.07692352591126245	-0.9123177953695369	0.0	
