0.0	-0.12964815405683422	-0.6950773793861263	-0.9252253189004637	-0.304142438514319	0.5215706771242639	0.9834570645176198	0.15877029119810696	-0.4955577638292047	0.09674283723356947	0.2585769743700205	0.12766361619916056	0.15877029119810696	-0.3610023877622335	-0.9834570645176198	-0.8511118003421472	
0.12964815405683422	0.0	-0.5960023824171383	-0.8682256155994489	-0.1780692191471237	0.6277855055138721	0.9986413941744715	0.2854339182389829	-0.37876614359972666	0.22496636150542157	0.3816335061288051	0.2551734543275314	0.2854339182389829	-0.23705023325456293	-0.9986413941744715	-0.775865200716318	
0.6950773793861263	0.5960023824171383	0.0	-0.40145184980128695	0.4434905546697574	0.9680210160892749	0.8329489188445561	0.8004062134262326	0.24745303631523008	0.7613688621354969	0.8573382735127519	0.7811717587263278	0.8004062134262326	0.3886675334307155	-0.8329489188445561	-0.2469891684650775	
0.9252253189004637	0.8682256155994489	0.40145184980128695	0.0	0.7659970676769006	0.9873030838465555	0.5407380278249792	0.9737296695944508	0.6156039717307062	0.9575914524733882	0.9918678024717561	0.9660925741838798	0.9737296695944508	0.725861801689055	-0.5407380278249792	0.16280169349912765	
0.304142438514319	0.1780692191471237	-0.4434905546697574	-0.7659970676769006	0.0	0.7563588700413908	0.9919601109462053	0.4515333563857	-0.2079109779064645	0.3948756282735139	0.5401260493581043	0.42326955283265205	0.4515333563857	-0.06026790547235647	-0.9919601109462053	-0.6511216532510578	
-0.5215706771242639	-0.6277855055138721	-0.9680210160892749	-0.9873030838465555	-0.7563588700413908	0.0	0.7446154782363126	-0.3794907443740523	-0.8758371309938451	-0.4365824329301992	-0.2832124367901203	-0.408379308688183	-0.3794907443740523	-0.7944086560371076	-0.7446154782363126	-0.999991975782548	
-0.9834570645176198	-0.9986413941744715	-0.8329489188445561	-0.5407380278249792	-0.9919601109462053	-0.7446154782363126	0.0	-0.9422225814025674	-0.9439722249148573	-0.9613199397761565	-0.9031713434298256	-0.9522847862158398	-0.9422225814025674	-0.9825300036250355	-0.0	-0.6704712671502947	
-0.15877029119810696	-0.2854339182389829	-0.8004062134262326	-0.9737296695944508	-0.4515333563857	0.3794907443740523	0.9422225814025674	0.0	-0.6271757891173735	-0.06250985748171756	0.10192644976648224	-0.03142688371435509	0.0	-0.5044868702220373	-0.9422225814025674	-0.9236678536154902	
0.4955577638292047	0.37876614359972666	-0.24745303631523008	-0.6156039717307062	0.2079109779064645	0.8758371309938451	0.9439722249148573	0.6271757891173735	0.0	0.5772617142836896	0.7032976609424022	0.6023882977549935	0.6271757891173735	0.14858212888806124	-0.9439722249148573	-0.4790942837861851	
-0.09674283723356947	-0.22496636150542157	-0.7613688621354969	-0.9575914524733882	-0.3948756282735139	0.4365824329301992	0.9613199397761565	0.06250985748171756	-0.5772617142836896	0.0	0.16391141918991706	0.03111355733491883	0.06250985748171756	-0.4495280473655224	-0.9613199397761565	-0.8979080726300219	
-0.2585769743700205	-0.3816335061288051	-0.8573382735127519	-0.9918678024717561	-0.5401260493581043	0.2832124367901203	0.9031713434298256	-0.10192644976648224	-0.7032976609424022	-0.16391141918991706	0.0	-0.1331393140917767	-0.10192644976648224	-0.5898647414630726	-0.9031713434298256	-0.9579149449171231	
-0.12766361619916056	-0.2551734543275314	-0.7811717587263278	-0.9660925741838798	-0.42326955283265205	0.408379308688183	0.9522847862158398	0.03142688371435509	-0.6023882977549935	-0.03111355733491883	0.1331393140917767	0.0	0.03142688371435509	-0.47710310075474177	-0.9522847862158398	-0.911169015595175	
-0.15877029119810696	-0.2854339182389829	-0.8004062134262326	-0.9737296695944508	-0.4515333563857	0.3794907443740523	0.9422225814025674	0.0	-0.6271757891173735	-0.06250985748171756	0.10192644976648224	-0.03142688371435509	0.0	-0.5044868702220373	-0.9422225814025674	-0.9236678536154902	
0.3610023877622335	0.23705023325456293	-0.3886675334307155	-0.725861801689055	0.06026790547235647	0.7944086560371076	0.9825300036250355	0.5044868702220373	-0.14858212888806124	0.4495280473655224	0.5898647414630726	0.47710310075474177	0.5044868702220373	0.0	-0.9825300036250355	-0.6041963328614717	
0.9834570645176198	0.9986413941744715	0.8329489188445561	0.5407380278249792	0.9919601109462053	0.7446154782363126	0.0	0.9422225814025674	0.9439722249148573	0.9613199397761565	0.9031713434298256	0.9522847862158398	0.9422225814025674	0.9825300036250355	0.0	0.6704712671502947	
0.8511118003421472	0.775865200716318	0.2469891684650775	-0.16280169349912765	0.6511216532510578	0.999991975782548	0.6704712671502947	0.9236678536154902	0.4790942837861851	0.8979080726300219	0.9579149449171231	0.911169015595175	0.9236678536154902	0.6041963328614717	-0.6704712671502947	0.0	
