0.0	0.46031605617133575	0.9882167046370681	0.9986976144038685	0.9897433240975141	0.9082779550714077	0.7483844054610619	2.1073424255447017e-08	0.7826603729298122	0.9981240219427323	0.9991666701822198	0.9995313329547354	0.9174031319432482	0.8411406923024043	0.7826604031616415	0.7826604031616415	
-0.46031605617133575	0.0	0.8068378769045027	0.9100843878490418	0.9444091088073056	0.9989095551887268	0.9696937178216887	0.46031607487937565	0.9813340049995005	0.8579070863298482	0.9058036825233658	0.8732476998382412	0.6312423234253709	0.49778049038651667	0.4082875241795478	0.4082875241795478	
-0.9882167046370681	-0.8068378769045027	0.0	0.2032810512952978	0.29266512265520084	0.5524596601415293	0.7699984407896607	0.9882167078625924	0.7349094571035564	0.09227105250094632	0.19326898150753194	0.12273789916268	-0.25285102485419936	-0.40569772009724914	-0.4953194729539375	-0.4953194729539375	
-0.9986976144038685	-0.9100843878490418	-0.2032810512952978	0.0	0.09217400996411226	0.37148172596139295	0.6242185892038228	0.998697613328695	0.581706720295668	-0.11206936694422089	-0.010214743706172688	-0.08156888331949602	-0.44424708303804267	-0.5830272922377867	-0.6615698788545411	-0.6615698788545411	
-0.9897433240975141	-0.9444091088073056	-0.29266512265520084	-0.09217400996411226	0.0	0.2843222341960523	0.5495503162122825	0.9897433210870255	0.5042561339079117	-0.20318562734724444	-0.10234045974440889	-0.17308849672776672	-0.5249349778656192	-0.6554323064076064	-0.7278732905091884	-0.7278732905091884	
-0.9082779550714077	-0.9989095551887268	-0.5524596601415293	-0.37148172596139295	-0.2843222341960523	0.0	0.2893296718935487	0.9082779462549769	0.23791722414969474	-0.47319124729374856	-0.3809461244327733	-0.4459756755534728	-0.7452689585417454	-0.8431172967205132	-0.8927961389426085	-0.8927961389426085	
-0.7483844054610619	-0.9696937178216887	-0.7699984407896607	-0.6242185892038228	-0.5495503162122825	-0.2893296718935487	0.0	0.7483843914837919	-0.053280307299591934	-0.7078404165413493	-0.6321662884044856	-0.6858641783960507	-0.9063080404075042	-0.9626379154953135	-0.9849425281063806	-0.9849425281063806	
-2.1073424255447017e-08	-0.46031607487937565	-0.9882167078625924	-0.998697613328695	-0.9897433210870255	-0.9082779462549769	-0.7483843914837919	0.0	-0.7826603598126803	-0.9981240232329415	-0.9991666693220818	-0.9995313335998417	-0.9174031403296102	-0.8411407036992566	-0.782660416278772	-0.782660416278772	
-0.7826603729298122	-0.9813340049995005	-0.7349094571035564	-0.581706720295668	-0.5042561339079117	-0.23791722414969474	0.053280307299591934	0.7826603598126803	0.0	-0.6691992592553961	-0.5899850298637258	-0.6461163187511285	-0.8825035146211947	-0.9468427056992489	-0.9743323006861289	-0.9743323006861289	
-0.9981240219427323	-0.8579070863298482	-0.09227105250094632	0.11206936694422089	0.20318562734724444	0.47319124729374856	0.7078404165413493	0.9981240232329415	0.6691992592553961	0.0	0.10191312531443349	0.030640888092221635	-0.3410450692145094	-0.48830340024843183	-0.573363272431192	-0.573363272431192	
-0.9991666701822198	-0.9058036825233658	-0.19326898150753194	0.010214743706172688	0.10234045974440889	0.3809461244327733	0.6321662884044856	0.9991666693220818	0.5899850298637258	-0.10191312531443349	0.0	-0.0713839225369085	-0.4350724729512898	-0.5746978798587389	-0.6538754955477452	-0.6538754955477452	
-0.9995313329547354	-0.8732476998382412	-0.12273789916268	0.08156888331949602	0.17308849672776672	0.4459756755534728	0.6858641783960507	0.9995313335998417	0.6461163187511285	-0.030640888092221635	0.0713839225369085	0.0	-0.3696888074216858	-0.5148136254241747	-0.59819817243331	-0.59819817243331	
-0.9174031319432482	-0.6312423234253709	0.25285102485419936	0.44424708303804267	0.5249349778656192	0.7452689585417454	0.9063080404075042	0.9174031403296102	0.8825035146211947	0.3410450692145094	0.4350724729512898	0.3696888074216858	0.0	-0.16140697905202656	-0.25956973763401975	-0.25956973763401975	
-0.8411406923024043	-0.49778049038651667	0.40569772009724914	0.5830272922377867	0.6554323064076064	0.8431172967205132	0.9626379154953135	0.8411407036992566	0.9468427056992489	0.48830340024843183	0.5746978798587389	0.5148136254241747	0.16140697905202656	0.0	-0.10029158862950432	-0.10029158862950432	
-0.7826604031616415	-0.4082875241795478	0.4953194729539375	0.6615698788545411	0.7278732905091884	0.8927961389426085	0.9849425281063806	0.782660416278772	0.9743323006861289	0.573363272431192	0.6538754955477452	0.59819817243331	0.25956973763401975	0.10029158862950432	0.0	0.0	
-0.7826604031616415	-0.4082875241795478	0.4953194729539375	0.6615698788545411	0.7278732905091884	0.8927961389426085	0.9849425281063806	0.782660416278772	0.9743323006861289	0.573363272431192	0.6538754955477452	0.59819817243331	0.25956973763401975	0.10029158862950432	0.0	0.0	
