0.0	-0.42081928882231934	-0.1409224606033646	-0.02229117278745807	-0.3439281552566758	0.9733724482462035	0.9518533032319426	0.36827842461474514	0.14751171867589458	0.27214539178340497	0.5139312297613702	0.12197694735454628	-0.27935426915473	-0.36925247613873413	-0.9518532940959242	-0.42081928882231934	
0.42081928882231934	0.0	0.28878274635814766	0.40049340946480966	0.08315508351106482	0.9794535689765307	0.734464688424697	0.7253239798770075	0.5500300982545215	0.6518111386764701	0.8272018782684356	0.5283277189851525	0.1506509883705327	0.056114269127645	-0.7344646681994429	0.0	
0.1409224606033646	-0.28878274635814766	0.0	0.118818723257758	-0.20817034905889148	0.9959623690105514	0.8991540839665485	0.4956210430545489	0.2854204578580679	0.4050330573864484	0.6296902330988571	0.2606298782565754	-0.14125442121777354	-0.23460422537843206	-0.8991540709240925	-0.28878274635814766	
0.02229117278745807	-0.40049340946480966	-0.118818723257758	0.0	-0.3229113749877634	0.9782403757504419	0.94478334182427	0.38891136508173546	0.1695223793250071	0.2935275873123141	0.5329255963142311	0.14407136175745064	-0.25788113656496287	-0.34844488869204526	-0.9447833320581783	-0.40049340946480966	
0.3439281552566758	-0.08315508351106482	0.20817034905889148	0.3229113749877634	0.0	0.9928312162880801	0.7883538970849923	0.6655673087146688	0.4786785959298847	0.586490405352736	0.7776117184724343	0.45589588239199474	0.06792319101419997	-0.027104136450722904	-0.7883538787499469	-0.08315508351106482	
-0.9733724482462035	-0.9794535689765307	-0.9959623690105514	-0.9782403757504419	-0.9928312162880801	0.0	0.516583789870147	-0.820539290546614	-0.9289100438292549	-0.8742499176177888	-0.7171813371253594	-0.9381435199666606	-0.9986568307965762	-0.9892268491181095	-0.5165838153879871	-0.9794535689765307	
-0.9518533032319426	-0.734464688424697	-0.8991540839665485	-0.94478334182427	-0.7883538970849923	-0.516583789870147	0.0	-0.9978500009973648	-0.986660612839884	-0.9993539179895391	-0.974077259809605	-0.9821382594602727	-0.8283210784990015	-0.7713892064532702	-2.9802322387695312e-08	-0.734464688424697	
-0.36827842461474514	-0.7253239798770075	-0.4956210430545489	-0.38891136508173546	-0.6655673087146688	0.820539290546614	0.9978500009973648	0.0	-0.22710563357214253	-0.1013603742926256	0.16188906306361997	-0.25212460060143227	-0.6133365694453082	-0.6855516319427379	-0.9978500029505821	-0.7253239798770075	
-0.14751171867589458	-0.5500300982545215	-0.2854204578580679	-0.1695223793250071	-0.4786785959298847	0.9289100438292549	0.986660612839884	0.22710563357214253	0.0	0.12722414748077004	0.3817687979465251	-0.0257676817613407	-0.4179372167515236	-0.5022999031344851	-0.9866606079883405	-0.5500300982545215	
-0.27214539178340497	-0.6518111386764701	-0.4050330573864484	-0.2935275873123141	-0.586490405352736	0.8742499176177888	0.9993539179895391	0.1013603742926256	-0.12722414748077004	0.0	0.2610786238774668	-0.1527401971180541	-0.530121129069076	-0.6082281004841184	-0.999353916918417	-0.6518111386764701	
-0.5139312297613702	-0.8272018782684356	-0.6296902330988571	-0.5329255963142311	-0.7776117184724343	0.7171813371253594	0.974077259809605	-0.16188906306361997	-0.3817687979465251	-0.2610786238774668	0.0	-0.405458017039638	-0.7331095129420077	-0.7943676205828732	-0.9740772665513545	-0.8272018782684356	
-0.12197694735454628	-0.5283277189851525	-0.2606298782565754	-0.14407136175745064	-0.45589588239199474	0.9381435199666606	0.9821382594602727	0.25212460060143227	0.0257676817613407	0.1527401971180541	0.405458017039638	0.0	-0.39438912591941827	-0.47985197224283827	-0.9821382538526472	-0.5283277189851525	
0.27935426915473	-0.1506509883705327	0.14125442121777354	0.25788113656496287	-0.06792319101419997	0.9986568307965762	0.8283210784990015	0.6133365694453082	0.4179372167515236	0.530121129069076	0.7331095129420077	0.39438912591941827	0.0	-0.09493977797232267	-0.8283210618021402	-0.1506509883705327	
0.36925247613873413	-0.056114269127645	0.23460422537843206	0.34844488869204526	0.027104136450722904	0.9892268491181095	0.7713892064532702	0.6855516319427379	0.5022999031344851	0.6082281004841184	0.7943676205828732	0.47985197224283827	0.09493977797232267	0.0	-0.7713891874881553	-0.056114269127645	
0.9518532940959242	0.7344646681994429	0.8991540709240925	0.9447833320581783	0.7883538787499469	0.5165838153879871	2.9802322387695312e-08	0.9978500029505821	0.9866606079883405	0.999353916918417	0.9740772665513545	0.9821382538526472	0.8283210618021402	0.7713891874881553	0.0	0.7344646681994429	
0.42081928882231934	0.0	0.28878274635814766	0.40049340946480966	0.08315508351106482	0.9794535689765307	0.734464688424697	0.7253239798770075	0.5500300982545215	0.6518111386764701	0.8272018782684356	0.5283277189851525	0.1506509883705327	0.056114269127645	-0.7344646681994429	0.0	
