0.0	0.9935900363351913	0.9489770138244946	-0.1352387407376463	-0.6647361211973675	0.20756418407056096	0.14466571535402298	-0.7503767887967536	-0.9935900346507113	-0.6388680238001987	-0.33931636453418695	-0.40043125467448004	-0.6388680238001987	-0.8467362231408413	-0.6712342651441666	-0.6195884846636015	
-0.9935900363351913	0.0	-0.4205996108666868	-0.9691741011456455	-0.667145372916304	-0.9954148255105212	-0.9994915749100829	-0.5719480505789613	-1.4901161193847656e-08	-0.6921651646319452	-0.8962851202672155	-0.8651870191084945	-0.6921651646319452	-0.43288470475317065	-0.660615231274371	-0.7098549961428425	
-0.9489770138244946	0.4205996108666868	0.0	-0.982905695906281	-0.9185814514082811	-0.8628552443438995	-0.8933746857922469	-0.8639113790216155	-0.4205996243857111	-0.9315275308367282	-0.9996782088454887	-0.9958471678498608	-0.9315275308367282	-0.77188229788971	-0.915095267596888	-0.9402617939697779	
0.1352387407376463	0.9691741011456455	0.982905695906281	0.0	-0.5575952982397381	0.33795073094610206	0.277152785900778	-0.6540889017688925	-0.9691740974743439	-0.5289573951531259	-0.20898373977308204	-0.2728296263445233	-0.5289573951531259	-0.7670085324381034	-0.5648225858419106	-0.5077438364621064	
0.6647361211973675	0.667145372916304	0.9185814514082811	0.5575952982397381	0.0	0.805325784092407	0.7658200942712996	-0.12119271481972843	-0.6671453618160185	0.03410797164179502	0.3718029954710165	0.3099620499429477	0.03410797164179502	-0.2789299848536868	-0.008731999492044229	0.0588881369109065	
-0.20756418407056096	0.9954148255105212	0.8628552443438995	-0.33795073094610206	-0.805325784092407	0.0	-0.06386563180442824	-0.8712367063677002	-0.9954148269358485	-0.7846368940551836	-0.5271764111187266	-0.5819070482258761	-0.7846368940551836	-0.9387223263531643	-0.8104716944922646	-0.7690174100888221	
-0.14466571535402298	0.9994915749100829	0.8933746857922469	-0.277152785900778	-0.7658200942712996	0.06386563180442824	0.0	-0.838108799243087	-0.999491575385192	-0.7434412070766512	-0.47182998874951304	-0.5287800251601146	-0.7434412070766512	-0.9147930871287006	-0.7714060525764541	-0.7266227767441588	
0.7503767887967536	0.5719480505789613	0.8639113790216155	0.6540889017688925	0.12119271481972843	0.8712367063677002	0.838108799243087	0.0	-0.57194803835569	0.15497876099050456	0.48156704442448717	0.4229011626919721	0.15497876099050456	-0.1604912405283886	0.11252045849336967	0.17943646779116162	
0.9935900346507113	1.4901161193847656e-08	0.4205996243857111	0.9691740974743439	0.6671453618160185	0.9954148269358485	0.999491575385192	0.57194803835569	0.0	0.6921651538771939	0.8962851136588741	0.8651870116363172	0.6921651538771939	0.4328846913205293	0.6606152200877018	0.7098549856472417	
0.6388680238001987	0.6921651646319452	0.9315275308367282	0.5289573951531259	-0.03410797164179502	0.7846368940551836	0.7434412070766512	-0.15497876099050456	-0.6921651538771939	0.0	0.339923835661916	0.2773535821839947	0.0	-0.31152196591341613	-0.04283359009971871	0.024805092822933583	
0.33931636453418695	0.8962851202672155	0.9996782088454887	0.20898373977308204	-0.3718029954710165	0.5271764111187266	0.47182998874951304	-0.48156704442448717	-0.8962851136588741	-0.339923835661916	0.0	-0.06574991586023216	-0.339923835661916	-0.6159806267487818	-0.37989483753533465	-0.31649122007619857	
0.40043125467448004	0.8651870191084945	0.9958471678498608	0.2728296263445233	-0.3099620499429477	0.5819070482258761	0.5287800251601146	-0.4229011626919721	-0.8651870116363172	-0.2773535821839947	0.06574991586023216	0.0	-0.2773535821839947	-0.5628524874096485	-0.3182521719255837	-0.253436304883269	
0.6388680238001987	0.6921651646319452	0.9315275308367282	0.5289573951531259	-0.03410797164179502	0.7846368940551836	0.7434412070766512	-0.15497876099050456	-0.6921651538771939	0.0	0.339923835661916	0.2773535821839947	0.0	-0.31152196591341613	-0.04283359009971871	0.024805092822933583	
0.8467362231408413	0.43288470475317065	0.77188229788971	0.7670085324381034	0.2789299848536868	0.9387223263531643	0.9147930871287006	0.1604912405283886	-0.4328846913205293	0.31152196591341613	0.6159806267487818	0.5628524874096485	0.31152196591341613	0.0	0.2705339117357551	0.334996877975225	
0.6712342651441666	0.660615231274371	0.915095267596888	0.5648225858419106	0.008731999492044229	0.8104716944922646	0.7714060525764541	-0.11252045849336967	-0.6606152200877018	0.04283359009971871	0.37989483753533465	0.3182521719255837	0.04283359009971871	-0.2705339117357551	0.0	0.06760273769614794	
0.6195884846636015	0.7098549961428425	0.9402617939697779	0.5077438364621064	-0.0588881369109065	0.7690174100888221	0.7266227767441588	-0.17943646779116162	-0.7098549856472417	-0.024805092822933583	0.31649122007619857	0.253436304883269	-0.024805092822933583	-0.334996877975225	-0.06760273769614794	0.0	
