0.0	0.5706818786645165	0.8236101715747433	0.7651416067341409	0.03450543541201129	-0.08290663171897036	0.8761089364824608	0.9811582179073767	0.4584737432097822	0.4545431085570097	0.14926800907270446	-0.5620397765141429	0.48587771048850137	0.5130831732127913	-0.9811582179073767	-0.6074378782716644	
-0.5706818786645165	0.0	0.3526591486745374	0.26087187995600186	-0.5420071724725003	-0.6367977440733162	0.4443021922878117	0.9159580559492476	-0.13068407568486595	-0.1350627432458686	-0.44171380594012805	-0.9335477011896958	-0.09980245886651823	-0.06850931088683132	-0.9159580559492476	-0.9521414685531351	
-0.8236101715747433	-0.3526591486745374	0.0	-0.09633642821355576	-0.8035497445003669	-0.8677957643443575	0.0998173855957099	0.715596490866424	-0.47192263156687986	-0.475812961633053	-0.729724787259305	-0.9999807854050059	-0.4442887526142987	-0.4159382823122096	-0.715596490866424	-0.9987611216749201	
-0.7651416067341409	-0.26087187995600186	0.09633642821355576	0.0	-0.7424692327768051	-0.8158879011143486	0.19520842020928042	0.7795604634080895	-0.3847935936910613	-0.38886750731721664	-0.6604615485948206	-0.9947325053853133	-0.3559160595257014	-0.32639602402288853	-0.7795604634080895	-0.9989095731579273	
-0.03450543541201129	0.5420071724725003	0.8035497445003669	0.7424692327768051	0.0	-0.11724390587349937	0.8589516968495056	0.9872406046854796	0.4275354718605422	0.4235375877675207	0.115060258248074	-0.5902448852611224	0.4554296998866077	0.4831602801189496	-0.9872406046854796	-0.6344861407695706	
0.08290663171897036	0.6367977440733162	0.8677957643443575	0.8158879011143486	0.11724390587349937	0.0	0.9130631540394227	0.9617623461467221	0.5305751474635076	0.526825249699503	0.2307319369982715	-0.491531931880305	0.556667606793298	0.5824787782096565	-0.9617623461467221	-0.5394883559135626	
-0.8761089364824608	-0.4443021922878117	-0.0998173855957099	-0.19520842020928042	-0.8589516968495056	-0.9130631540394227	0.0	0.6422988091378811	-0.5575687395622069	-0.5612306749852511	-0.7943296140436057	-0.9956054327787305	-0.5314946371864934	-0.504634208569175	-0.6422988091378811	-0.9888060047056555	
-0.9811582179073767	-0.9159580559492476	-0.715596490866424	-0.7795604634080895	-0.9872406046854796	-0.9617623461467221	-0.6422988091378811	0.0	-0.9605429817130899	-0.9617623461467222	-0.9990055534987466	-0.7029365269272719	-0.9514330594883957	-0.9412969980983659	-0.0	-0.662039259549996	
-0.4584737432097822	0.13068407568486595	0.47192263156687986	0.3847935936910613	-0.4275354718605422	-0.5305751474635076	0.5575687395622069	0.9605429817130899	0.0	-0.004417829893804515	-0.32068169164594534	-0.8786975309163356	0.031085046251178194	0.0624552511062228	-0.9605429817130899	-0.9040313703635422	
-0.4545431085570097	0.1350627432458686	0.475812961633053	0.38886750731721664	-0.4235375877675207	-0.526825249699503	0.5612306749852511	0.9617623461467222	0.004417829893804515	0.0	-0.3164940510868112	-0.8765799770705316	0.03550043785022383	0.06686384687930064	-0.9617623461467222	-0.9021340756391013	
-0.14926800907270446	0.44171380594012805	0.729724787259305	0.6604615485948206	-0.115060258248074	-0.2307319369982715	0.7943296140436057	0.9990055534987466	0.32068169164594534	0.3164940510868112	0.0	-0.679204211656156	0.34997007238632705	0.3792124489235083	-0.9990055534987466	-0.7192062229320276	
0.5620397765141429	0.9335477011896958	0.9999807854050059	0.9947325053853133	0.5902448852611224	0.491531931880305	0.9956054327787305	0.7029365269272719	0.8786975309163356	0.8765799770705316	0.679204211656156	0.0	0.89311224066811	0.9067969283743523	-0.7029365269272719	-0.05595211250676063	
-0.48587771048850137	0.09980245886651823	0.4442887526142987	0.3559160595257014	-0.4554296998866077	-0.556667606793298	0.5314946371864934	0.9514330594883957	-0.031085046251178194	-0.03550043785022383	-0.34997007238632705	-0.89311224066811	0.0	0.031400708238307484	-0.9514330594883957	-0.9168822950650033	
-0.5130831732127913	0.06850931088683132	0.4159382823122096	0.32639602402288853	-0.4831602801189496	-0.5824787782096565	0.504634208569175	0.9412969980983659	-0.0624552511062228	-0.06686384687930064	-0.3792124489235083	-0.9067969283743523	-0.031400708238307484	0.0	-0.9412969980983659	-0.9289639925492228	
0.9811582179073767	0.9159580559492476	0.715596490866424	0.7795604634080895	0.9872406046854796	0.9617623461467221	0.6422988091378811	0.0	0.9605429817130899	0.9617623461467222	0.9990055534987466	0.7029365269272719	0.9514330594883957	0.9412969980983659	0.0	0.662039259549996	
0.6074378782716644	0.9521414685531351	0.9987611216749201	0.9989095731579273	0.6344861407695706	0.5394883559135626	0.9888060047056555	0.662039259549996	0.9040313703635422	0.9021340756391013	0.7192062229320276	0.05595211250676063	0.9168822950650033	0.9289639925492228	-0.662039259549996	0.0	
