0.0	-0.675660516153315	-0.41977646775320915	0.08087315071277906	0.1488350178402295	0.4510184290801095	0.8671456067083938	0.9046025426376486	0.9993877086620062	0.804703499257208	0.6398367543546744	0.266094685846534	-0.3311735826365183	-0.7083504838589488	-0.9046025426376486	-0.7016098532424679	
0.675660516153315	0.0	0.30378345027187414	0.7330680542537338	0.7778581333108047	0.9355335062639443	0.9757868357555041	0.378880269727454	0.7131210456179283	0.99436185431927	0.9909483503475505	0.8474692935334727	0.3933874517376155	-0.04528278642951161	-0.378880269727454	-0.03578629856087606	
0.41977646775320915	-0.30378345027187414	0.0	0.4918041460925542	0.5501877732496407	0.7840133803618746	0.9961168654922261	0.6421098946624013	0.892384363880455	0.9795826402481312	0.9033362176588839	0.646157083175175	0.09550616002251422	-0.346614603823742	-0.6421098946624013	-0.337683944098954	
-0.08087315071277906	-0.7330680542537338	-0.4918041460925542	0.0	0.06837510521936158	0.3773606032819266	0.8240259324350684	0.9361120999781413	0.9989437611033761	0.7540550915197235	0.5755890124861487	0.18726564402600324	-0.4063982576335361	-0.7631154063227292	-0.9361120999781413	-0.7569387392302311	
-0.1488350178402295	-0.7778581333108047	-0.5501877732496407	-0.06837510521936158	0.0	0.31315757274484163	0.7833593930399569	0.9579689474606822	0.9934641109241464	0.7073808311231554	0.51832895306225	0.11966188087282423	-0.4679212202437544	-0.80551772342242	-0.9579689474606822	-0.7998494265251415	
-0.4510184290801095	-0.9355335062639443	-0.7840133803618746	-0.3773606032819266	-0.31315757274484163	0.0	0.5493082920085318	0.9996203541275116	0.9077486974596591	0.45045042208983893	0.22445111167378104	-0.19726441286476287	-0.7211446603724562	-0.9505694431947223	-0.9996203541275116	-0.9475753437817606	
-0.8671456067083938	-0.9757868357555041	-0.9961168654922261	-0.8240259324350684	-0.7833593930399569	-0.5493082920085318	0.0	0.8201676405320355	0.5280900387679244	-0.11401795775841012	-0.34773709715142787	-0.7033526036120159	-0.9831550118942474	-0.9648814639196819	-0.8201676405320355	-0.9673344992452185	
-0.9046025426376486	-0.378880269727454	-0.6421098946624013	-0.9361120999781413	-0.9579689474606822	-0.9996203541275116	-0.8201676405320355	0.0	-0.39434423069613644	-0.8800513995625825	-0.9679311720016824	-0.9854132888831638	-0.7123909328605837	-0.3365848576426119	-0.0	-0.3455193076832299	
-0.9993877086620062	-0.7131210456179283	-0.892384363880455	-0.9989437611033761	-0.9934641109241464	-0.9077486974596591	-0.5280900387679244	0.39434423069613644	0.0	-0.6214689245968198	-0.7904273421311808	-0.9726669815828745	-0.9314047816824509	-0.6806444457640698	-0.39434423069613644	-0.687576607087761	
-0.804703499257208	-0.99436185431927	-0.9795826402481312	-0.7540550915197235	-0.7073808311231554	-0.45045042208983893	0.11401795775841012	0.8800513995625825	0.6214689245968198	0.0	-0.23856706102020986	-0.6177171683091971	-0.9559040690822093	-0.9885400552108533	-0.8800513995625825	-0.9899301483671129	
-0.6398367543546744	-0.9909483503475505	-0.9033362176588839	-0.5755890124861487	-0.51832895306225	-0.22445111167378104	0.34773709715142787	0.9679311720016824	0.7904273421311808	0.23856706102020986	0.0	-0.41227199984944196	-0.8582411608382585	-0.9960107720694701	-0.9679311720016824	-0.9951176981075596	
-0.266094685846534	-0.8474692935334727	-0.646157083175175	-0.18726564402600324	-0.11966188087282423	0.19726441286476287	0.7033526036120159	0.9854132888831638	0.9726669815828745	0.6177171683091971	0.41227199984944196	0.0	-0.5703126692881536	-0.8706380811622539	-0.9854132888831638	-0.8659234168681126	
0.3311735826365183	-0.3933874517376155	-0.09550616002251422	0.4063982576335361	0.4679212202437544	0.7211446603724562	0.9831550118942474	0.7123909328605837	0.9314047816824509	0.9559040690822093	0.8582411608382585	0.5703126692881536	0.0	-0.4346156795839339	-0.7123909328605837	-0.42603642229027994	
0.7083504838589488	0.04528278642951161	0.346614603823742	0.7631154063227292	0.80551772342242	0.9505694431947223	0.9648814639196819	0.3365848576426119	0.6806444457640698	0.9885400552108533	0.9960107720694701	0.8706380811622539	0.4346156795839339	0.0	-0.3365848576426119	0.009504191952286856	
0.9046025426376486	0.378880269727454	0.6421098946624013	0.9361120999781413	0.9579689474606822	0.9996203541275116	0.8201676405320355	0.0	0.39434423069613644	0.8800513995625825	0.9679311720016824	0.9854132888831638	0.7123909328605837	0.3365848576426119	0.0	0.3455193076832299	
0.7016098532424679	0.03578629856087606	0.337683944098954	0.7569387392302311	0.7998494265251415	0.9475753437817606	0.9673344992452185	0.3455193076832299	0.687576607087761	0.9899301483671129	0.9951176981075596	0.8659234168681126	0.42603642229027994	-0.009504191952286856	-0.3455193076832299	0.0	
