0.0	0.7489286684720966	0.9057906198768151	-0.5862902842234328	0.7065633697440125	0.7489286684720966	0.9001648253660313	0.19257316598556623	-0.03264591514112003	-0.7489286684720966	0.20620599400255296	0.5268307852750385	0.5268307852750385	0.5163909663871679	0.4952072979970983	0.07775745178871885	
-0.7489286684720966	0.0	-0.9175629413859857	-0.21820227402631695	-0.9981838618731815	0.0	-0.9226902217683742	-0.8625194128604868	-0.7268966385154232	-0.0	-0.8694756764640665	-0.9856717911746073	-0.9856717911746073	-0.9835340684631332	-0.9787998132189942	-0.7981871654976846	
-0.9057906198768151	0.9175629413859857	0.0	-0.982208108347122	-0.34159356684950304	0.9175629413859857	-0.013093721001226688	-0.807238417311947	-0.919140724193053	-0.9175629413859857	-0.7989491639898278	-0.54666335394629	-0.54666335394629	-0.5568684136109612	-0.577096114489337	-0.8701003428876066	
0.5862902842234328	0.21820227402631695	0.982208108347122	0.0	0.9872759118904803	0.21820227402631695	0.9845828518869232	0.7313201877637929	0.5595312898486214	-0.21820227402631695	0.7407377786998981	0.925115433738638	0.925115433738638	0.92040027403583	0.9105222004901907	0.6475065695044782	
-0.7065633697440125	0.9981838618731815	0.34159356684950304	-0.9872759118904803	0.0	0.9981838618731815	0.32925817873526625	-0.5570639953666815	-0.729288631892384	-0.9981838618731815	-0.5454567112131578	-0.22774611470329006	-0.22774611470329006	-0.23964367257129385	-0.26341114914556857	-0.6493990686947579	
-0.7489286684720966	0.0	-0.9175629413859857	-0.21820227402631695	-0.9981838618731815	0.0	-0.9226902217683742	-0.8625194128604868	-0.7268966385154232	-0.0	-0.8694756764640665	-0.9856717911746073	-0.9856717911746073	-0.9835340684631332	-0.9787998132189942	-0.7981871654976846	
-0.9001648253660313	0.9226902217683742	0.013093721001226688	-0.9845828518869232	-0.32925817873526625	0.9226902217683742	0.0	-0.7994409676478007	-0.9139039285892736	-0.9226902217683742	-0.7910061279089313	-0.5356524306774194	-0.5356524306774194	-0.5459450210643544	-0.5663533113102122	-0.8635721894903677	
-0.19257316598556623	0.8625194128604868	0.807238417311947	-0.7313201877637929	0.5570639953666815	0.8625194128604868	0.7994409676478007	0.0	-0.22450538971356976	-0.8625194128604868	0.013911857764136282	0.35328844158534867	0.35328844158534867	0.34181488103315527	0.3186355911596589	-0.11568807750858456	
0.03264591514112003	0.7268966385154232	0.919140724193053	-0.5595312898486214	0.729288631892384	0.7268966385154232	0.9139039285892736	0.22450538971356976	0.0	-0.7268966385154232	0.23804039094538054	0.5542980286513295	0.5542980286513295	0.5440721453423607	0.5233052925112984	0.11026307881201125	
0.7489286684720966	0.0	0.9175629413859857	0.21820227402631695	0.9981838618731815	0.0	0.9226902217683742	0.8625194128604868	0.7268966385154232	0.0	0.8694756764640665	0.9856717911746073	0.9856717911746073	0.9835340684631332	0.9787998132189942	0.7981871654976846	
-0.20620599400255296	0.8694756764640665	0.7989491639898278	-0.7407377786998981	0.5454567112131578	0.8694756764640665	0.7910061279089313	-0.013911857764136282	-0.23804039094538054	-0.8694756764640665	0.0	0.3402395083493409	0.3402395083493409	0.32870789296774333	0.3054180212760222	-0.12949532972915595	
-0.5268307852750385	0.9856717911746073	0.54666335394629	-0.925115433738638	0.22774611470329006	0.9856717911746073	0.5356524306774194	-0.35328844158534867	-0.5542980286513295	-0.9856717911746073	-0.3402395083493409	0.0	0.0	-0.01223616778705422	-0.03678589292340953	-0.45914418674260465	
-0.5268307852750385	0.9856717911746073	0.54666335394629	-0.925115433738638	0.22774611470329006	0.9856717911746073	0.5356524306774194	-0.35328844158534867	-0.5542980286513295	-0.9856717911746073	-0.3402395083493409	0.0	0.0	-0.01223616778705422	-0.03678589292340953	-0.45914418674260465	
-0.5163909663871679	0.9835340684631332	0.5568684136109612	-0.92040027403583	0.23964367257129385	0.9835340684631332	0.5459450210643544	-0.34181488103315527	-0.5440721453423607	-0.9835340684631332	-0.32870789296774333	0.01223616778705422	0.01223616778705422	0.0	-0.02455525297693914	-0.4482396695041278	
-0.4952072979970983	0.9787998132189942	0.577096114489337	-0.9105222004901907	0.26341114914556857	0.9787998132189942	0.5663533113102122	-0.3186355911596589	-0.5233052925112984	-0.9787998132189942	-0.3054180212760222	0.03678589292340953	0.03678589292340953	0.02455525297693914	0.0	-0.4261542436157647	
-0.07775745178871885	0.7981871654976846	0.8701003428876066	-0.6475065695044782	0.6493990686947579	0.7981871654976846	0.8635721894903677	0.11568807750858456	-0.11026307881201125	-0.7981871654976846	0.12949532972915595	0.45914418674260465	0.45914418674260465	0.4482396695041278	0.4261542436157647	0.0	
