0.0	-0.020980783063639125	0.2378218444542457	0.6030418088187617	-0.09364386622154863	-0.975384080747963	-0.41113443829759444	0.7078049815763127	0.3739179711169002	0.420543087609886	0.975384074176169	-0.34374239379805926	-0.9670907149907249	-0.41113443829759444	0.03165899101672234	-0.10392816842812735	
0.020980783063639125	0.0	0.258148313968673	0.6196456384223497	-0.07273466481801191	-0.9797959095919838	-0.39191838754635316	0.7224701696475919	0.393294538351072	0.43948580622076866	0.9797959036315207	-0.3239644311896843	-0.9615396594197274	-0.39191838754635316	0.052622288207728796	-0.0830381236231697	
-0.2378218444542457	-0.258148313968673	0.0	0.3960270470528927	-0.3277339084515164	-0.8949563727972139	-0.6161308765246661	0.5194979744431014	0.1426191421409581	0.1927079632120413	0.8949563595007981	-0.5572099382545919	-0.999853158334345	-0.6161308765246661	-0.20695197480849453	-0.337480336745035	
-0.6030418088187617	-0.6196456384223497	-0.3960270470528927	0.0	-0.6750925068214129	-0.645094789238377	-0.8776835499984337	0.13862932363725444	-0.2610202802649366	-0.21165203958025963	0.6450947664663461	-0.8405014449064124	-0.9248905522947675	-0.8776835499984337	-0.5774848406685297	-0.6826807160454906	
0.09364386622154863	0.07273466481801191	0.3277339084515164	0.6750925068214129	0.0	-0.9917476786786565	-0.323964432968103	0.7708454815537886	0.45912599196971593	0.5036556306367614	0.9917476748578471	-0.25429432457506207	-0.939015105880198	-0.323964432968103	0.12511679898487396	-0.010334716460729795	
0.975384080747963	0.9797959095919838	0.8949563727972139	0.645094789238377	0.9917476786786565	0.0	0.979795878395195	0.5329389526751677	0.8221777555756492	0.7922040852649349	2.9802322387695312e-08	0.9917476589217122	0.4614246244820521	0.979795878395195	0.9679139357553449	0.9930196779047736	
0.41113443829759444	0.39191838754635316	0.6161308765246661	0.8776835499984337	0.323964432968103	-0.979795878395195	0.0	0.9356457406104507	0.7221656479542404	0.7563674455036005	0.9797958843556618	0.07273466669283049	-0.7769697678456295	0.0	0.4397878842564025	0.3141697742122355	
-0.7078049815763127	-0.7224701696475919	-0.5194979744431014	-0.13862932363725444	-0.7708454815537886	-0.5329389526751677	-0.9356457406104507	0.0	-0.39232346188259365	-0.3450970873462617	0.5329389274578222	-0.9074965054929467	-0.8632486189171079	-0.9356457406104507	-0.6850860180505967	-0.7773877583468265	
-0.3739179711169002	-0.393294538351072	-0.1426191421409581	0.2610202802649366	-0.45912599196971593	-0.8221777555756492	-0.7221656479542404	0.39232346188259365	0.0	0.05079212240492459	0.8221777386112481	-0.6699408317305534	-0.9920763030669869	-0.7221656479542404	-0.3443680325784274	-0.4682825366089413	
-0.420543087609886	-0.43948580622076866	-0.1927079632120413	0.21165203958025963	-0.5036556306367614	-0.7922040852649349	-0.7563674455036005	0.3450970873462617	-0.05079212240492459	0.0	0.7922040670778812	-0.7067849115701526	-0.9844144173237357	-0.7563674455036005	-0.391608947289223	-0.5125569412850568	
-0.975384074176169	-0.9797959036315207	-0.8949563595007981	-0.6450947664663461	-0.9917476748578471	-2.9802322387695312e-08	-0.9797958843556618	-0.5329389274578222	-0.8221777386112481	-0.7922040670778812	0.0	-0.9917476627425253	-0.46142465092205887	-0.9797958843556618	-0.9679139282665591	-0.993019674389625	
0.34374239379805926	0.3239644311896843	0.5572099382545919	0.8405014449064124	0.25429432457506207	-0.9917476589217122	-0.07273466669283049	0.9074965054929467	0.6699408317305534	0.7067849115701526	0.9917476627425253	0.0	-0.8207010585679142	-0.07273466669283049	0.3732999037799413	0.24428576202948815	
0.9670907149907249	0.9615396594197274	0.999853158334345	0.9248905522947675	0.939015105880198	-0.4614246244820521	0.7769697678456295	0.8632486189171079	0.9920763030669869	0.9844144173237357	0.46142465092205887	0.8207010585679142	0.0	0.7769697678456295	0.9746609945607114	0.9354110982773861	
0.41113443829759444	0.39191838754635316	0.6161308765246661	0.8776835499984337	0.323964432968103	-0.979795878395195	0.0	0.9356457406104507	0.7221656479542404	0.7563674455036005	0.9797958843556618	0.07273466669283049	-0.7769697678456295	0.0	0.4397878842564025	0.3141697742122355	
-0.03165899101672234	-0.052622288207728796	0.20695197480849453	0.5774848406685297	-0.12511679898487396	-0.9679139357553449	-0.4397878842564025	0.6850860180505967	0.3443680325784274	0.391608947289223	0.9679139282665591	-0.3732999037799413	-0.9746609945607114	-0.4397878842564025	0.0	-0.13536362363027482	
0.10392816842812735	0.0830381236231697	0.337480336745035	0.6826807160454906	0.010334716460729795	-0.9930196779047736	-0.3141697742122355	0.7773877583468265	0.4682825366089413	0.5125569412850568	0.993019674389625	-0.24428576202948815	-0.9354110982773861	-0.3141697742122355	0.13536362363027482	0.0	
