0.0	0.8536556435836978	0.985465611281894	0.9744085179789553	0.6991617722829141	0.7949565713378278	0.9339872211628286	0.8401361368697954	0.9681164479420094	0.9087378125236478	0.4669238564824494	0.9383635186799522	0.9149133936372079	0.8992497326422724	0.7872601414187352	-0.46692385648244916	
-0.8536556435836978	0.0	0.36825298168760046	0.31562031776239213	-0.24618273431562127	-0.10384069275285635	0.7914725083226384	0.9005766562096246	0.7180729055053298	0.8295931066185037	0.9980771794439228	0.7838012699652523	0.13194323461876678	0.09494389430809164	-0.11634714352381442	-0.9980771794439224	
-0.985465611281894	-0.36825298168760046	0.0	-0.055989640682506114	-0.5858018158062253	-0.4628055380836944	0.510774295763095	0.6772106433515737	0.41131853204798213	0.5656731405977085	0.9507635092403651	0.5000307057973782	-0.24236244015933173	-0.27831767325766255	-0.4739229528858412	-0.9507635092403647	
-0.9744085179789553	-0.31562031776239213	0.055989640682506114	0.0	-0.5395058505070218	-0.4124469905758257	0.5581081949229924	0.7173449095356561	0.46170740823456125	0.610956509588334	0.9666242535838541	0.5477337910536729	-0.1876619050394822	-0.2241036516988071	-0.4238769419590842	-0.9666242535838536	
-0.6991617722829141	0.24618273431562127	0.5858018158062253	0.5395058505070218	0.0	0.14420702368598032	0.9175817619683713	0.9798749515583769	0.8673083638545016	0.9415217391242447	0.9521005424964435	0.9125609227707092	0.3719129007705801	0.3370924817158303	0.1317444334976455	-0.952100542496443	
-0.7949565713378278	0.10384069275285635	0.4628055380836944	0.4124469905758257	-0.14420702368598032	0.0	0.8506616889963546	0.9408473490959942	0.7864607498316349	0.8830896407612177	0.9862451159894395	0.8440502835437546	0.23416278391687684	0.19780222757639446	-0.012582694110608778	-0.9862451159894391	
-0.9339872211628286	-0.7914725083226384	-0.510774295763095	-0.5581081949229924	-0.9175817619683713	-0.8506616889963546	0.0	0.2063858352261181	-0.11194986703845733	0.06511801904966302	0.659087700852124	-0.012450638438606498	-0.70390854675851	-0.7298669693976682	-0.8572092384104469	-0.6590877008521236	
-0.8401361368697954	-0.9005766562096246	-0.6772106433515737	-0.7173449095356561	-0.9798749515583769	-0.9408473490959942	-0.2063858352261181	0.0	-0.3146281275193171	-0.14223172273048856	0.4896822080453647	-0.21855242256282204	-0.8353478017797045	-0.8552365654985806	-0.9450362701700292	-0.4896822080453645	
-0.9681164479420094	-0.7180729055053298	-0.41131853204798213	-0.46170740823456125	-0.8673083638545016	-0.7864607498316349	0.11194986703845733	0.3146281275193171	0.0	0.17642093901356976	0.73913827923901	0.09956881762727354	-0.6199667362403162	-0.6487511993209205	-0.7941700679298467	-0.7391382792390097	
-0.9087378125236478	-0.8295931066185037	-0.5656731405977085	-0.610956509588334	-0.9415217391242447	-0.8830896407612177	-0.06511801904966302	0.14223172273048856	-0.17642093901356976	0.0	0.6087157790495259	-0.07753718443167734	-0.7486672675490312	-0.7728318525874839	-0.8889235851005021	-0.6087157790495257	
-0.4669238564824494	-0.9980771794439228	-0.9507635092403651	-0.9666242535838541	-0.9521005424964435	-0.9862451159894395	-0.659087700852124	-0.4896822080453647	-0.73913827923901	-0.6087157790495259	0.0	-0.6684003164716392	-0.9975295563408733	-0.9994534375825895	-0.9840872542633469	-0.0	
-0.9383635186799522	-0.7838012699652523	-0.5000307057973782	-0.5477337910536729	-0.9125609227707092	-0.8440502835437546	0.012450638438606498	0.21855242256282204	-0.09956881762727354	0.07753718443167734	0.6684003164716392	0.0	-0.6950104136223767	-0.7212992737163779	-0.8507311104670187	-0.6684003164716389	
-0.9149133936372079	-0.13194323461876678	0.24236244015933173	0.1876619050394822	-0.3719129007705801	-0.23416278391687684	0.70390854675851	0.8353478017797045	0.6199667362403162	0.7486672675490312	0.9975295563408733	0.6950104136223767	0.0	-0.037233371731604785	-0.24637710890499467	-0.9975295563408728	
-0.8992497326422724	-0.09494389430809164	0.27831767325766255	0.2241036516988071	-0.3370924817158303	-0.19780222757639446	0.7298669693976682	0.8552365654985806	0.6487511993209205	0.7728318525874839	0.9994534375825895	0.7212992737163779	0.037233371731604785	0.0	-0.21012065311758138	-0.9994534375825891	
-0.7872601414187352	0.11634714352381442	0.4739229528858412	0.4238769419590842	-0.1317444334976455	0.012582694110608778	0.8572092384104469	0.9450362701700292	0.7941700679298467	0.8889235851005021	0.9840872542633469	0.8507311104670187	0.24637710890499467	0.21012065311758138	0.0	-0.9840872542633464	
0.46692385648244916	0.9980771794439224	0.9507635092403647	0.9666242535838536	0.952100542496443	0.9862451159894391	0.6590877008521236	0.4896822080453645	0.7391382792390097	0.6087157790495257	0.0	0.6684003164716389	0.9975295563408728	0.9994534375825891	0.9840872542633464	0.0	
