0.0	0.6205035880595055	0.4630818302804529	-0.13306083737505098	-0.2840747650161416	0.30741666069355844	0.8834538036763719	0.998865568397178	0.5809476172221534	-0.41521967422793715	-0.2275800924799043	-0.13306083737505098	-0.7286770891004641	-0.9988655683971782	-0.4711095528384428	-0.4338719848683579	
-0.6205035880595055	0.0	-0.18681152479431434	-0.7193327792277334	-0.8177126183790825	-0.3493784528953742	0.4020903869088071	0.7537661749474842	-0.049472061508641696	-0.8901020214500542	-0.7826903094746465	-0.7193327792277334	-0.9963876944011592	-0.7537661749474844	-0.9167763314243176	-0.8993019030978207	
-0.4630818302804529	0.18681152479431434	0.0	-0.5768979338627398	-0.6957837219295113	-0.16818893605816626	0.5660565244376029	0.8632585372634861	0.13798163146079107	-0.7892909938331806	-0.6526380393862605	-0.5768979338627398	-0.96298285261881	-0.8632585372634863	-0.8260244828359256	-0.8017724117855015	
0.13306083737505098	0.7193327792277334	0.5768979338627398	0.0	-0.15396972125920758	0.4313004397889156	0.9379394535902028	0.9963197616630766	0.6840854205865513	-0.29047922590217357	-0.09598718457487491	0.0	-0.6310698958560169	-0.9963197616630768	-0.34955078712335297	-0.31012951436274633	
0.2840747650161416	0.8177126183790825	0.6957837219295113	0.15396972125920758	0.0	0.5650701965375508	0.9801516099959647	0.971241813769577	0.7882338972403222	-0.13968467886330316	0.0584161850620096	0.15396972125920758	-0.5041064328208317	-0.9712418137695772	-0.20112567835986536	-0.1600532565775078	
-0.30741666069355844	0.3493784528953742	0.16818893605816626	-0.4313004397889156	-0.5650701965375508	0.0	0.6966422362283211	0.9358566147847776	0.30259622568646766	-0.6747761117927444	-0.5159093808263675	-0.4313004397889156	-0.9039274914964626	-0.9358566147847778	-0.7194605377229013	-0.6898363185493736	
-0.8834538036763719	-0.4020903869088071	-0.5660565244376029	-0.9379394535902028	-0.9801516099959647	-0.6966422362283211	0.0	0.42591752337763006	-0.4468946488533979	-0.998234641937667	-0.9668968481621265	-0.9379394535902028	-0.9464384367278267	-0.42591752337763017	-0.9999956916937823	-0.999246329291329	
-0.998865568397178	-0.7537661749474842	-0.8632585372634861	-0.9963197616630766	-0.971241813769577	-0.9358566147847776	-0.42591752337763006	0.0	-0.7853533992301017	-0.9284615384467437	-0.9834918553139143	-0.9963197616630766	-0.7187794350772914	-0.0	-0.9035078548219679	-0.9206130168140015	
-0.5809476172221534	0.049472061508641696	-0.13798163146079107	-0.6840854205865513	-0.7882338972403222	-0.30259622568646766	0.4468946488533979	0.7853533992301017	0.0	-0.8664646459022158	-0.7509399391269739	-0.6840854205865513	-0.9909664125983698	-0.785353399230102	-0.8958945552280126	-0.87656517989087	
0.41521967422793715	0.8901020214500542	0.7892909938331806	0.29047922590217357	0.13968467886330316	0.6747761117927444	0.998234641937667	0.9284615384467437	0.8664646459022158	0.0	0.1972896165614648	0.29047922590217357	-0.3785267009546531	-0.928461538446744	-0.06232356488538476	-0.020600183127072957	
0.2275800924799043	0.7826903094746465	0.6526380393862605	0.09598718457487491	-0.0584161850620096	0.5159093808263675	0.9668968481621265	0.9834918553139143	0.7509399391269739	-0.1972896165614648	0.0	0.09598718457487491	-0.5536962224697474	-0.9834918553139145	-0.2580046957009649	-0.21744304212097346	
0.13306083737505098	0.7193327792277334	0.5768979338627398	0.0	-0.15396972125920758	0.4313004397889156	0.9379394535902028	0.9963197616630766	0.6840854205865513	-0.29047922590217357	-0.09598718457487491	0.0	-0.6310698958560169	-0.9963197616630768	-0.34955078712335297	-0.31012951436274633	
0.7286770891004641	0.9963876944011592	0.96298285261881	0.6310698958560169	0.5041064328208317	0.9039274914964626	0.9464384367278267	0.7187794350772914	0.9909664125983698	0.3785267009546531	0.5536962224697474	0.6310698958560169	0.0	-0.7187794350772915	0.3201047523296012	0.3593790440454389	
0.9988655683971782	0.7537661749474844	0.8632585372634863	0.9963197616630768	0.9712418137695772	0.9358566147847778	0.42591752337763017	0.0	0.785353399230102	0.928461538446744	0.9834918553139145	0.9963197616630768	0.7187794350772915	0.0	0.9035078548219682	0.9206130168140018	
0.4711095528384428	0.9167763314243176	0.8260244828359256	0.34955078712335297	0.20112567835986536	0.7194605377229013	0.9999956916937823	0.9035078548219679	0.8958945552280126	0.06232356488538476	0.2580046957009649	0.34955078712335297	-0.3201047523296012	-0.9035078548219682	0.0	0.041750203122581264	
0.4338719848683579	0.8993019030978207	0.8017724117855015	0.31012951436274633	0.1600532565775078	0.6898363185493736	0.999246329291329	0.9206130168140015	0.87656517989087	0.020600183127072957	0.21744304212097346	0.31012951436274633	-0.3593790440454389	-0.9206130168140018	-0.041750203122581264	0.0	
