0.0	0.7303590270012588	0.7444186904568475	0.8029649707617114	0.9804054192660264	0.6204925596748582	0.809330693520788	0.9414891232702048	0.48374174235687545	0.9988888111192302	0.8433226178029795	0.34325707495868873	-0.3546605260820643	-0.48374172931521836	0.21546863830263857	0.04035844585258658	
-0.7303590270012588	0.0	0.020814900991379393	0.11316290134795676	0.5258054090186575	0.9965923518681878	0.9818029654292418	0.8892594840476702	0.9696444096467797	0.7167255419485645	0.18354235122693313	-0.4515171366776567	-0.9251377868791361	-0.9696444060031572	-0.5660246952913328	-0.702196598988122	
-0.7444186904568475	-0.020814900991379393	0.0	0.0924571888171872	0.5079862349434923	0.9980933422491265	0.977637453853686	0.8795460231980694	0.9745239791008652	0.7020548780710798	0.16304129277251908	-0.4699916684040254	-0.9328393445920804	-0.9745239757587829	-0.5830616245772682	-0.7168643233811567	
-0.8029649707617114	-0.11316290134795676	-0.0924571888171872	0.0	0.42617095377815595	0.9995248684183092	0.9540063917080681	0.831786220710413	0.9910863687754707	0.6332068623064209	0.07112288965169647	-0.5495878001390578	-0.9621553179840546	-0.9910863667903245	-0.6556789763125722	-0.7782560759683252	
-0.9804054192660264	-0.5258054090186575	-0.5079862349434923	-0.42617095377815595	0.0	0.8910770927414743	0.7352746687134556	0.51590345270791	0.953353876022066	0.2429770277320598	-0.36075090255632963	-0.8532191036866327	-0.9865390173968364	-0.9533538805200545	-0.9149311906762868	-0.9716564236643318	
-0.6204925596748582	-0.9965923518681878	-0.9980933422491265	-0.9995248684183092	-0.8910770927414743	0.0	-0.27023879610253243	-0.5291944808749836	0.16370554286814817	-0.7540977287313898	-0.9948014344691798	-0.8519787891956652	-0.3020283688904898	-0.16370555756828145	-0.7748908250563565	-0.6516366142898016	
-0.809330693520788	-0.9818029654292418	-0.977637453853686	-0.9540063917080681	-0.7352746687134556	0.27023879610253243	0.0	-0.2802071455761887	0.42420767584975805	-0.5485576300831635	-0.9302687629578864	-0.9617701233144968	-0.5484092557514487	-0.42420768934372705	-0.916876334070975	-0.8323759682429895	
-0.9414891232702048	-0.8892594840476702	-0.8795460231980694	-0.831786220710413	-0.51590345270791	0.5291944808749836	0.2802071455761887	0.0	0.6609594939678537	-0.2922974027703678	-0.7901997337161906	-0.9999781689893972	-0.7607517767233761	-0.6609595051500065	-0.991996535209979	-0.9543246065462574	
-0.48374174235687545	-0.9696444096467797	-0.9745239791008652	-0.9910863687754707	-0.953353876022066	-0.16370554286814817	-0.42420767584975805	-0.6609594939678537	0.0	-0.8514399988452986	-0.9980515584170307	-0.7547726115869384	-0.14189345880030982	-1.4901161193847656e-08	-0.6609594939678541	-0.5186697687984163	
-0.9988888111192302	-0.7167255419485645	-0.7020548780710798	-0.6332068623064209	-0.2429770277320598	0.7540977287313898	0.5485576300831635	0.2922974027703678	0.8514399988452986	0.0	-0.5765554250820499	-0.954375181471054	-0.9172413861218572	-0.8514400066602427	-0.9855804951977696	-0.99997703582823	
-0.8433226178029795	-0.18354235122693313	-0.16304129277251908	-0.07112288965169647	0.36075090255632963	0.9948014344691798	0.9302687629578864	0.7901997337161906	0.9980515584170307	0.5765554250820499	0.0	-0.6076146222511736	-0.9790998221120807	-0.9980515574872786	-0.7077191205347579	-0.8209465974241011	
-0.34325707495868873	0.4515171366776567	0.4699916684040254	0.5495878001390578	0.8532191036866327	0.8519787891956652	0.9617701233144968	0.9999781689893972	0.7547726115869384	0.954375181471054	0.6076146222511736	0.0	-0.6540555784576191	-0.7547726018119776	-0.13281714206796236	-0.30507108485714385	
0.3546605260820643	0.9251377868791361	0.9328393445920804	0.9621553179840546	0.9865390173968364	0.3020283688904898	0.5484092557514487	0.7607517767233761	0.14189345880030982	0.9172413861218572	0.9790998221120807	0.6540555784576191	0.0	-0.1418934440499195	0.5477919497090556	0.3921065228206094	
0.48374172931521836	0.9696444060031572	0.9745239757587829	0.9910863667903245	0.9533538805200545	0.16370555756828145	0.42420768934372705	0.6609595051500065	1.4901161193847656e-08	0.8514400066602427	0.9980515574872786	0.7547726018119776	0.1418934440499195	0.0	0.6609594827857012	0.518669756058301	
-0.21546863830263857	0.5660246952913328	0.5830616245772682	0.6556789763125722	0.9149311906762868	0.7748908250563565	0.916876334070975	0.991996535209979	0.6609594939678541	0.9855804951977696	0.7077191205347579	0.13281714206796236	-0.5477919497090556	-0.6609594827857012	0.0	-0.17588263202003407	
-0.04035844585258658	0.702196598988122	0.7168643233811567	0.7782560759683252	0.9716564236643318	0.6516366142898016	0.8323759682429895	0.9543246065462574	0.5186697687984163	0.99997703582823	0.8209465974241011	0.30507108485714385	-0.3921065228206094	-0.518669756058301	0.17588263202003407	0.0	
