0.0	0.9037905433286009	0.6264885058355683	-0.27712340537741287	-0.9998245753884223	-0.9189707526949802	-0.48190785849435247	-0.3173848110338704	-0.1815445463753598	-0.15590416039517635	-0.027539614653921463	0.0232269166871949	-0.045703513001595364	-0.41472162216933234	-0.9037905433286009	-0.9917174183184541	
-0.9037905433286009	0.0	-0.4363206015098727	-0.986994891779418	-0.44482811551741835	-0.7496844013355083	-0.9981656116563785	-0.9928944933142109	-0.9664685430140367	-0.9594622540097919	-0.9152340155111016	-0.8936061765010076	-0.9224060898492559	-0.9998932139530675	-0.0	-0.5405122262201122	
-0.6264885058355683	0.4363206015098727	0.0	-0.8179501449775447	-0.7910281501164765	-0.9633144963215479	-0.924556707836487	-0.8414765178093584	-0.757579357495374	-0.7403444038011561	-0.647716106812313	-0.6082157200238756	-0.6614565749775767	-0.8933189213013365	-0.4363206015098727	-0.8534404826125508	
0.27712340537741287	0.986994891779418	0.8179501449775447	0.0	-0.955475217989888	-0.7737017714003344	-0.22021202000680679	-0.04215897624991796	0.09808413529181415	0.12393672192292235	0.2505572887238686	0.29936586172259194	0.23292032036055832	-0.14631079192326407	-0.986994891779418	-0.917282708156554	
0.9998245753884223	0.44482811551741835	0.7910281501164765	0.955475217989888	0.0	0.3770440647106545	0.8670419823254062	0.9421858129441967	0.9798098560948254	0.9846787991043195	0.9989295337455184	0.9999898850847335	0.9979237736174044	0.9020209122990069	-0.44482811551741835	0.10984139797564069	
0.9189707526949802	0.7496844013355083	0.9633144963215479	0.7737017714003344	-0.3770440647106545	0.0	0.615193645439305	0.746304066571224	0.8321122802355538	0.8462567330936845	0.9077626211709088	0.927881801766785	0.899988403175775	0.6726805152940211	-0.7496844013355083	-0.2730280301085346	
0.48190785849435247	0.9981656116563785	0.924556707836487	0.22021202000680679	-0.8670419823254062	-0.615193645439305	0.0	0.17889217379101854	0.3148265544386852	0.3394085397105864	0.4575942636080046	0.502129781846912	0.4413578692052002	0.07512308720262355	-0.9981656116563785	-0.8070687831407986	
0.3173848110338704	0.9928944933142109	0.8414765178093584	0.04215897624991796	-0.9421858129441967	-0.746304066571224	-0.17889217379101854	0.0	0.13995262114773024	0.16566046740261908	0.29114870173101126	0.3393251980855844	0.27371266270149125	-0.10447541949041222	-0.9928944933142109	-0.8996779162981094	
0.1815445463753598	0.9664685430140367	0.757579357495374	-0.09808413529181415	-0.9798098560948254	-0.8321122802355538	-0.3148265544386852	-0.13995262114773024	0.0	0.02601119595139184	0.15439370765000868	0.20433651761869742	0.13641079611236082	-0.242633919553828	-0.9664685430140367	-0.9519203844243038	
0.15590416039517635	0.9594622540097919	0.7403444038011561	-0.12393672192292235	-0.9846787991043195	-0.8462567330936845	-0.3394085397105864	-0.16566046740261908	-0.02601119595139184	0.0	0.12864216256872213	0.17880500266638832	0.11059658913063797	-0.26778575210097416	-0.9594622540097919	-0.9595667172112764	
0.027539614653921463	0.9152340155111016	0.647716106812313	-0.2505572887238686	-0.9989295337455184	-0.9077626211709088	-0.4575942636080046	-0.29114870173101126	-0.15439370765000868	-0.12864216256872213	0.0	0.050750291999999864	-0.018175341155968028	-0.38950469704348945	-0.9152340155111016	-0.9878041136678206	
-0.0232269166871949	0.8936061765010076	0.6082157200238756	-0.29936586172259194	-0.9999898850847335	-0.927881801766785	-0.502129781846912	-0.3393251980855844	-0.20433651761869742	-0.17880500266638832	-0.050750291999999864	0.0	-0.06889382873756289	-0.4357450322783758	-0.8936061765010076	-0.9944331122228364	
0.045703513001595364	0.9224060898492559	0.6614565749775767	-0.23292032036055832	-0.9979237736174044	-0.899988403175775	-0.4413578692052002	-0.27371266270149125	-0.13641079611236082	-0.11059658913063797	0.018175341155968028	0.06889382873756289	0.0	-0.3727004225298401	-0.9224060898492559	-0.984811010779012	
0.41472162216933234	0.9998932139530675	0.8933189213013365	0.14631079192326407	-0.9020209122990069	-0.6726805152940211	-0.07512308720262355	0.10447541949041222	0.242633919553828	0.26778575210097416	0.38950469704348945	0.4357450322783758	0.3727004225298401	0.0	-0.9998932139530675	-0.8491452086330205	
0.9037905433286009	0.0	0.4363206015098727	0.986994891779418	0.44482811551741835	0.7496844013355083	0.9981656116563785	0.9928944933142109	0.9664685430140367	0.9594622540097919	0.9152340155111016	0.8936061765010076	0.9224060898492559	0.9998932139530675	0.0	0.5405122262201122	
0.9917174183184541	0.5405122262201122	0.8534404826125508	0.917282708156554	-0.10984139797564069	0.2730280301085346	0.8070687831407986	0.8996779162981094	0.9519203844243038	0.9595667172112764	0.9878041136678206	0.9944331122228364	0.984811010779012	0.8491452086330205	-0.5405122262201122	0.0	
