0.0	-0.6206687978044773	-0.6254743619197534	-0.5759631901743744	0.133696871171543	0.5855298132121715	-0.9118748452626974	-0.9777312065817562	-0.877126131867501	-0.9460724459898346	-0.5855298132121715	-0.995151307722707	-0.7554814730343327	0.24393588100730174	0.04162245227762401	-0.8242825457737746	
0.6206687978044773	0.0	-0.006143917117557518	0.0557845122770147	0.7199246907218892	0.9622437356496737	-0.46021141668909715	-0.6363582534106613	-0.38964834193831294	-0.9428585663958123	-0.9622437356496737	-0.7192247160085488	-0.1857089328131249	0.7931827417100638	0.6527659676114242	-0.294888136213757	
0.6254743619197534	0.006143917117557518	0.0	0.06191780940270847	0.724175301955146	0.9638978824790044	-0.45474810354464246	-0.6316068640708563	-0.3839826629502902	-0.9407936593029351	-0.9638978824790044	-0.7149424858120113	-0.17966838528758083	0.7969093164850367	0.6574080308548087	-0.28901186241011906	
0.5759631901743744	-0.0557845122770147	-0.06191780940270847	0.0	0.680086284017968	0.9455614151054272	-0.5090208019625688	-0.6783991554188296	-0.4404171057213524	-0.9599773983652579	-0.9455614151054272	-0.7568625874047409	-0.24023388226040326	0.7579757644005857	0.6094894067189565	-0.3477328202032264	
-0.133696871171543	-0.7199246907218892	-0.724175301955146	-0.680086284017968	0.0	0.47189160138303743	-0.9585666164766414	-0.9970111777348528	-0.933460804029299	-0.8942670789295515	-0.47189160138303743	-0.9993669819206343	-0.8362931476348398	0.1120878205934357	-0.0923322335464174	-0.8925786790570525	
-0.5855298132121715	-0.9622437356496737	-0.9638978824790044	-0.9455614151054272	-0.47189160138303743	0.0	-0.9795535958132621	-0.9154785957291196	-0.9922496620888088	-0.5772490668527406	-0.0	-0.864310563307365	-0.9960532900503963	-0.37009492020495166	-0.551281121800562	-0.999719855348555	
0.9118748452626974	0.46021141668909715	0.45474810354464246	0.5090208019625688	0.9585666164766414	0.9795535958132621	0.0	-0.20996064342098422	0.07790457393854182	-0.6837393311512584	-0.9795535958132621	-0.31878988306201106	0.2873318189112628	0.9844563068799805	0.9281693231840873	0.17794218906056758	
0.9777312065817562	0.6363582534106613	0.6316068640708563	0.6783991554188296	0.9970111777348528	0.9154785957291196	0.20996064342098422	0.0	0.2854906037115543	-0.515284859750319	-0.9154785957291196	-0.1126779718459976	0.48203398136038295	0.9993879346024603	0.9856188489869584	0.3805856984500515	
0.877126131867501	0.38964834193831294	0.3839826629502902	0.4404171057213524	0.933460804029299	0.9922496620888088	-0.07790457393854182	-0.2854906037115543	0.0	-0.7385103438884786	-0.9922496620888088	-0.39166095818588637	0.21183914175550922	0.967782012969297	0.8963556257964658	0.10074010038821123	
0.9460724459898346	0.9428585663958123	0.9407936593029351	0.9599773983652579	0.8942670789295515	0.5772490668527406	0.6837393311512584	0.515284859750319	0.7385103438884786	0.0	-0.5772490668527406	0.41543613915810956	0.8645803948793277	0.8384686057175679	0.9317687823174327	0.8026765979770755	
0.5855298132121715	0.9622437356496737	0.9638978824790044	0.9455614151054272	0.47189160138303743	0.0	0.9795535958132621	0.9154785957291196	0.9922496620888088	0.5772490668527406	0.0	0.864310563307365	0.9960532900503963	0.37009492020495166	0.551281121800562	0.999719855348555	
0.995151307722707	0.7192247160085488	0.7149424858120113	0.7568625874047409	0.9993669819206343	0.864310563307365	0.31878988306201106	0.1126779718459976	0.39166095818588637	-0.41543613915810956	-0.864310563307365	0.0	0.5776872654407536	0.989081664980794	0.9983827317861078	0.4823604256713853	
0.7554814730343327	0.1857089328131249	0.17966838528758083	0.24023388226040326	0.8362931476348398	0.9960532900503963	-0.2873318189112628	-0.48203398136038295	-0.21183914175550922	-0.8645803948793277	-0.9960532900503963	-0.5776872654407536	0.0	0.8924788807094731	0.7820965630644369	-0.11230771042713723	
-0.24393588100730174	-0.7931827417100638	-0.7969093164850367	-0.7579757644005857	-0.1120878205934357	0.37009492020495166	-0.9844563068799805	-0.9993879346024603	-0.967782012969297	-0.8384686057175679	-0.37009492020495166	-0.989081664980794	-0.8924788807094731	0.0	-0.20335939398451258	-0.9374933851242042	
-0.04162245227762401	-0.6527659676114242	-0.6574080308548087	-0.6094894067189565	0.0923322335464174	0.551281121800562	-0.9281693231840873	-0.9856188489869584	-0.8963556257964658	-0.9317687823174327	-0.551281121800562	-0.9983827317861078	-0.7820965630644369	0.20335939398451258	0.0	-0.8471339755765611	
0.8242825457737746	0.294888136213757	0.28901186241011906	0.3477328202032264	0.8925786790570525	0.999719855348555	-0.17794218906056758	-0.3805856984500515	-0.10074010038821123	-0.8026765979770755	-0.999719855348555	-0.4823604256713853	0.11230771042713723	0.9374933851242042	0.8471339755765611	0.0	
