0.0	-0.45593121169761003	-0.7686772160733595	-0.9333096684560657	-0.9962121036036219	-0.6348105441463683	0.6619685267756883	0.9962121036036219	0.014557138664685637	-0.6348105441463683	-0.49760128401900217	-0.4698448710682221	-0.7949013019714892	-0.884498946418122	-0.9213507974216314	-0.8969212319953207	
0.45593121169761003	0.0	-0.39250384793600246	-0.6669472586815275	-0.9262899453558427	-0.212707537897312	0.9308967953550074	0.9262899453558427	0.4688389728951139	-0.212707537897312	-0.04739520088350274	-0.015696169607375743	-0.4308429586671113	-0.5745061993141539	-0.6427809114397142	-0.5966649843718121	
0.7686772160733595	0.39250384793600246	0.0	-0.32096843149060933	-0.7040555334056219	0.1878839198135155	0.9995673720959768	0.7040555334056219	0.777907049202224	0.1878839198135155	0.34847100520584595	0.3780189367355012	-0.04206192905392914	-0.20713779517221081	-0.2905203786564452	-0.23380225245999425	
0.9333096684560657	0.6669472586815275	0.32096843149060933	0.0	-0.43886977924899145	0.49319534341649807	0.9372398164671234	0.43886977924899145	0.938437842481239	0.49319534341649807	0.6308833562828419	0.6551698024796627	0.2808479482798721	0.11782908437522976	0.03197576499408028	0.09064077459243308	
0.9962121036036219	0.9262899453558427	0.7040555334056219	0.43886977924899145	0.0	0.8249419886548108	0.6891299743973837	0.0	0.9948407054040065	0.8249419886548108	0.907389936893537	0.9202613355689744	0.6735623829007922	0.5416879675188125	0.4673772060092349	0.5185085681358605	
0.6348105441463683	0.212707537897312	-0.1878839198135155	-0.49319534341649807	-0.8249419886548108	0.0	0.98729236814347	0.8249419886548108	0.645991111860352	0.0	0.16615789569081896	0.1973443568693528	-0.22903050183946067	-0.3872579795081405	-0.4651268328594116	-0.4123150853319642	
-0.6619685267756883	-0.9308967953550074	-0.9995673720959768	-0.9372398164671234	-0.6891299743973837	-0.98729236814347	0.0	0.6891299743973837	-0.6509873481676949	-0.98729236814347	-0.947163296289416	-0.936515648776359	-0.9974456328948442	-0.9717961853988648	-0.9479100369617466	-0.9649869291222466	
-0.9962121036036219	-0.9262899453558427	-0.7040555334056219	-0.43886977924899145	-0.0	-0.8249419886548108	-0.6891299743973837	0.0	-0.9948407054040065	-0.8249419886548108	-0.907389936893537	-0.9202613355689744	-0.6735623829007922	-0.5416879675188125	-0.4673772060092349	-0.5185085681358605	
-0.014557138664685637	-0.4688389728951139	-0.777907049202224	-0.938437842481239	-0.9948407054040065	-0.645991111860352	0.6509873481676949	0.9948407054040065	0.0	-0.645991111860352	-0.5101755054964936	-0.48264538555024517	-0.8036494538572998	-0.8911967435733135	-0.9269119986475058	-0.9032632197503099	
0.6348105441463683	0.212707537897312	-0.1878839198135155	-0.49319534341649807	-0.8249419886548108	0.0	0.98729236814347	0.8249419886548108	0.645991111860352	0.0	0.16615789569081896	0.1973443568693528	-0.22903050183946067	-0.3872579795081405	-0.4651268328594116	-0.4123150853319642	
0.49760128401900217	0.04739520088350274	-0.34847100520584595	-0.6308833562828419	-0.907389936893537	-0.16615789569081896	0.947163296289416	0.907389936893537	0.5101755054964936	-0.16615789569081896	0.0	0.03171083164874583	-0.3875880791223537	-0.5350675956149837	-0.605751467900175	-0.557960266502255	
0.4698448710682221	0.015696169607375743	-0.3780189367355012	-0.6551698024796627	-0.9202613355689744	-0.1973443568693528	0.936515648776359	0.9202613355689744	0.48264538555024517	-0.1973443568693528	-0.03171083164874583	0.0	-0.4166252360777512	-0.5615881060451451	-0.6306776739535801	-0.5839954537875249	
0.7949013019714892	0.4308429586671113	0.04206192905392914	-0.2808479482798721	-0.6735623829007922	0.22903050183946067	0.9974456328948442	0.6735623829007922	0.8036494538572998	0.22903050183946067	0.3875880791223537	0.4166252360777512	0.0	-0.16580479877943533	-0.25001552192485904	-0.192699190973588	
0.884498946418122	0.5745061993141539	0.20713779517221081	-0.11782908437522976	-0.5416879675188125	0.3872579795081405	0.9717961853988648	0.5416879675188125	0.8911967435733135	0.3872579795081405	0.5350675956149837	0.5615881060451451	0.16580479877943533	0.0	-0.08601581352221915	-0.027334697962986987	
0.9213507974216314	0.6427809114397142	0.2905203786564452	-0.03197576499408028	-0.4673772060092349	0.4651268328594116	0.9479100369617466	0.4673772060092349	0.9269119986475058	0.4651268328594116	0.605751467900175	0.6306776739535801	0.25001552192485904	0.08601581352221915	0.0	0.05875028328794224	
0.8969212319953207	0.5966649843718121	0.23380225245999425	-0.09064077459243308	-0.5185085681358605	0.4123150853319642	0.9649869291222466	0.5185085681358605	0.9032632197503099	0.4123150853319642	0.557960266502255	0.5839954537875249	0.192699190973588	0.027334697962986987	-0.05875028328794224	0.0	
