0.0	0.9490881955201181	2.9802322387695312e-08	0.72655945286961	0.9584048325055191	0.935598577081729	0.9387463936559667	0.9667260228256906	0.9873489583790558	0.9632799795920185	0.9620914020787691	0.9166995324969522	0.6308577433292517	0.9273451682524567	0.988669951011579	0.5501055643461188	
-0.9490881955201181	0.0	0.9490882049081614	0.8809957546243347	0.031026119929295548	0.6298137214415338	0.6227790652782341	0.5473188570966238	0.4615149620442023	0.0486141058073194	0.044226685369756935	-0.09046408548816459	-0.5376693276486328	-0.06303208390761539	0.1689778179488206	-0.6192899122581172	
-2.9802322387695312e-08	-0.9490882049081614	0.0	-0.7265594323923266	-0.9584048410114678	-0.9355985665595543	-0.9387463833858244	-0.9667260152018392	-0.9873489536535276	-0.96327998759391	-0.962091410206673	-0.9166995444052813	-0.6308577664528291	-0.9273451794046963	-0.9886699554850776	-0.5501055892338927	
-0.72655945286961	-0.8809957546243347	0.7265594323923266	0.0	-0.8658924131681425	-0.3863300200254841	-0.39463726587322295	-0.4783768618975873	-0.5632060169685273	-0.8569535879353716	-0.859209005355495	-0.9201841693689523	-0.9972010300343672	-0.9090658979549633	-0.7883794173625812	-0.9847257726031531	
-0.9584048325055191	-0.031026119929295548	0.9584048410114678	0.8658924131681425	0.0	0.6054110916791557	0.5982044769211663	0.5210888538855055	0.4337684997508795	0.01760126597318329	0.013209631959826051	-0.12131943783299143	-0.5635703324896776	-0.09396616315213147	0.13831650784137142	-0.6433523130151827	
-0.935598577081729	-0.6298137214415338	0.9355985665595543	0.3863300200254841	-0.6054110916791557	0.0	-0.00902355798765897	-0.10197847849912531	-0.2002481760333123	-0.5913082294844001	-0.5948445519330868	-0.697498943501836	-0.9486637018191313	-0.6775212699173601	-0.48950402848296887	-0.9755371500210188	
-0.9387463936559667	-0.6227790652782341	0.9387463833858244	0.39463726587322295	-0.5982044769211663	0.00902355798765897	0.0	-0.0929978120187214	-0.19139923562733904	-0.5840071464384511	-0.5875668302870639	-0.6910043925237546	-0.9457710487398878	-0.6708568303059771	-0.4816155473326288	-0.9735137422305802	
-0.9667260228256906	-0.5473188570966238	0.9667260152018392	0.4783768618975873	-0.5210888538855055	0.10197847849912531	0.0929978120187214	0.0	-0.09929127784840086	-0.5059854064151047	-0.5097689353230569	-0.6207862754808531	-0.9114635224269948	-0.5989835887663663	-0.3980267118747426	-0.9480328876292496	
-0.9873489583790558	-0.4615149620442023	0.9873489536535276	0.5632060169685273	-0.4337684997508795	0.2002481760333123	0.19139923562733904	0.09929127784840086	0.0	-0.41784213349175314	-0.42182845289909865	-0.5398762443177608	-0.8661129091629408	-0.5165150455273584	-0.3049726081734655	-0.9117563599850605	
-0.9632799795920185	-0.0486141058073194	0.96327998759391	0.8569535879353716	-0.01760126597318329	0.5913082294844001	0.5840071464384511	0.5059854064151047	0.41784213349175314	0.0	-0.004392144646033658	-0.13877189823965633	-0.5780228714651372	-0.11147499371385747	0.12086299667375641	-0.6567276540725316	
-0.9620914020787691	-0.044226685369756935	0.962091410206673	0.859209005355495	-0.013209631959826051	0.5948445519330868	0.5875668302870639	0.5097689353230569	0.42182845289909865	0.004392144646033658	0.0	-0.13442091182844518	-0.5744332157884935	-0.10710914902105656	0.12522177758995262	-0.6534090810731118	
-0.9166995324969522	0.09046408548816459	0.9166995444052813	0.9201841693689523	0.12131943783299143	0.697498943501836	0.6910043925237546	0.6207862754808531	0.5398762443177608	0.13877189823965633	0.13442091182844518	0.0	-0.45918941414207715	0.02751056313907496	0.2574481600732864	-0.5457216502021001	
-0.6308577433292517	0.5376693276486328	0.6308577664528291	0.9972010300343672	0.5635703324896776	0.9486637018191313	0.9457710487398878	0.9114635224269948	0.8661129091629408	0.5780228714651372	0.5744332157884935	0.45918941414207715	0.0	0.483454306003411	0.6724121907142283	-0.10000013491260928	
-0.9273451682524567	0.06303208390761539	0.9273451794046963	0.9090658979549633	0.09396616315213147	0.6775212699173601	0.6708568303059771	0.5989835887663663	0.5165150455273584	0.11147499371385747	0.10710914902105656	-0.02751056313907496	-0.483454306003411	0.0	0.23076747910214554	-0.5685680322832586	
-0.988669951011579	-0.1689778179488206	0.9886699554850776	0.7883794173625812	-0.13831650784137142	0.48950402848296887	0.4816155473326288	0.3980267118747426	0.3049726081734655	-0.12086299667375641	-0.12522177758995262	-0.2574481600732864	-0.6724121907142283	-0.23076747910214554	0.0	-0.7430594632276832	
-0.5501055643461188	0.6192899122581172	0.5501055892338927	0.9847257726031531	0.6433523130151827	0.9755371500210188	0.9735137422305802	0.9480328876292496	0.9117563599850605	0.6567276540725316	0.6534090810731118	0.5457216502021001	0.10000013491260928	0.5685680322832586	0.7430594632276832	0.0	
