0.0	0.8383685896081833	0.9993024589284927	0.46899421588097356	-0.03323890502180763	-0.6397951531314022	-0.9993024589284927	-0.7953455987233499	-0.7605142517444584	-0.8128392119839859	-0.8128392119839859	-0.9014775332701395	-0.35117125864150633	-0.2671032919424524	-0.17497221601305718	-0.20843451571875268	
-0.8383685896081833	0.0	0.5760318016982751	-0.48479766563345206	-0.856023988480639	-0.9930791369379532	-0.5760318016982751	-0.941728221477326	-0.9589297096136047	-0.9314214574278739	-0.9314214574278739	-0.8542664286548204	-0.9763987108220687	-0.9535079109491167	-0.9208134013770142	-0.9335733722216534	
-0.9993024589284927	-0.5760318016982751	0.0	-0.9000994215002293	-0.9975089961744981	-0.7441167004695798	-0.0	-0.5760318016982751	-0.6204674513748115	-0.5517269166208494	-0.5517269166208494	-0.39885894963095914	-0.922543889866692	-0.9530209259097849	-0.9773523788100904	-0.9695702664690438	
-0.46899421588097356	0.48479766563345206	0.9000994215002293	0.0	-0.498091708100283	-0.9255112577873426	-0.9000994215002293	-0.9867339839440807	-0.9762150339558696	-0.991084159026752	-0.991084159026752	-0.9991789148520801	-0.7492794481836842	-0.6878606314653474	-0.6162948939521005	-0.6427830014268475	
0.03323890502180763	0.856023988480639	0.9975089961744981	0.498091708100283	0.0	-0.6138960143089803	-0.9975089961744981	-0.7747581490776109	-0.7385112911059621	-0.7930287979753565	-0.7930287979753565	-0.8865927493986844	-0.31985525313509516	-0.23492443402173988	-0.14214939170050667	-0.1758104855780897	
0.6397951531314022	0.9930791369379532	0.7441167004695798	0.9255112577873426	0.6138960143089803	0.0	-0.7441167004695798	-0.2234434488616564	-0.16905721195155	-0.2520308271809088	-0.2520308271809088	-0.41590657676666715	0.3291563110535383	0.4112690259821624	0.4954511643467133	0.4655514942947755	
0.9993024589284927	0.5760318016982751	0.0	0.9000994215002293	0.9975089961744981	0.7441167004695798	0.0	0.5760318016982751	0.6204674513748115	0.5517269166208494	0.5517269166208494	0.39885894963095914	0.922543889866692	0.9530209259097849	0.9773523788100904	0.9695702664690438	
0.7953455987233499	0.941728221477326	0.5760318016982751	0.9867339839440807	0.7747581490776109	0.2234434488616564	-0.5760318016982751	0.0	0.05544433665447346	-0.029428188308549597	-0.029428188308549597	-0.20219005344624252	0.5318263803578852	0.6045427017804197	0.677015598237082	0.6515330054943739	
0.7605142517444584	0.9589297096136047	0.6204674513748115	0.9762150339558696	0.7385112911059621	0.16905721195155	-0.6204674513748115	-0.05544433665447346	0.0	-0.08480324482229201	-0.08480324482229201	-0.25617824675834655	0.48405508856315405	0.5594473350532803	0.6351689045286508	0.6084696055114305	
0.8128392119839859	0.9314214574278739	0.5517269166208494	0.991084159026752	0.7930287979753565	0.2520308271809088	-0.5517269166208494	0.029428188308549597	0.08480324482229201	0.0	0.0	-0.17328209690286073	0.5565174064717646	0.6277225650086758	0.6983806053432378	0.6735756453623407	
0.8128392119839859	0.9314214574278739	0.5517269166208494	0.991084159026752	0.7930287979753565	0.2520308271809088	-0.5517269166208494	0.029428188308549597	0.08480324482229201	0.0	0.0	-0.17328209690286073	0.5565174064717646	0.6277225650086758	0.6983806053432378	0.6735756453623407	
0.9014775332701395	0.8542664286548204	0.39885894963095914	0.9991789148520801	0.8865927493986844	0.41590657676666715	-0.39885894963095914	0.20219005344624252	0.25617824675834655	0.17328209690286073	0.17328209690286073	0.0	0.692067536338985	0.7531157441399758	0.8118382678270848	0.7914619173360419	
0.35117125864150633	0.9763987108220687	0.922543889866692	0.7492794481836842	0.31985525313509516	-0.3291563110535383	-0.922543889866692	-0.5318263803578852	-0.48405508856315405	-0.5565174064717646	-0.5565174064717646	-0.692067536338985	0.0	0.0883206554032504	0.18192541667380988	0.14829866631426047	
0.2671032919424524	0.9535079109491167	0.9530209259097849	0.6878606314653474	0.23492443402173988	-0.4112690259821624	-0.9530209259097849	-0.6045427017804197	-0.5594473350532803	-0.6277225650086758	-0.6277225650086758	-0.7531157441399758	-0.0883206554032504	0.0	0.09436767978718566	0.060375068871792226	
0.17497221601305718	0.9208134013770142	0.9773523788100904	0.6162948939521005	0.14214939170050667	-0.4954511643467133	-0.9773523788100904	-0.677015598237082	-0.6351689045286508	-0.6983806053432378	-0.6983806053432378	-0.8118382678270848	-0.18192541667380988	-0.09436767978718566	0.0	-0.03408989075832031	
0.20843451571875268	0.9335733722216534	0.9695702664690438	0.6427830014268475	0.1758104855780897	-0.4655514942947755	-0.9695702664690438	-0.6515330054943739	-0.6084696055114305	-0.6735756453623407	-0.6735756453623407	-0.7914619173360419	-0.14829866631426047	-0.060375068871792226	0.03408989075832031	0.0	
