0.0	0.3503679450446585	0.7998015860357763	0.998915639121201	0.7570703860286002	0.9957052424687018	0.8238121724996635	0.6329123609751253	0.1796838044650496	0.2391375984569149	0.41522025914630245	0.08493992977732967	-0.2356426023256356	-0.7570703860286002	0.14888711214947997	0.4887191787854716	
-0.3503679450446585	0.0	0.5387904504142633	0.9519085647315643	0.9379883690308503	0.900152528860501	0.5729819067297915	0.3215303240674236	-0.1763714699540529	-0.11622308252257224	0.07016328975354152	-0.2695459716913139	-0.5612072300364129	-0.9379883690308503	-0.20701333691100787	0.15206490278277296	
-0.7998015860357763	-0.5387904504142633	0.0	0.6368498484555722	0.9769794748395291	0.5236407804481188	0.0411273533958918	-0.23931034240056626	-0.6789265476619599	-0.6330500927841317	-0.47835426268470593	-0.7459247410828029	-0.9187268795181034	-0.9769794748395291	-0.7015155150010978	-0.40441906299337527	
-0.998915639121201	-0.9519085647315643	-0.6368498484555722	0.0	0.6173780154057112	-0.1388366437877851	-0.6046023278176085	-0.8028503519013014	-0.9910232284562255	-0.9810662982748989	-0.9280658179588147	-0.9992601725671169	-0.9598151664787475	-0.6173780154057112	-0.9947136486355466	-0.8942483663663191	
-0.7570703860286002	-0.9379883690308503	-0.9769794748395291	-0.6173780154057112	0.0	-0.7206170469660491	-0.9673790298144783	-0.9996443784383717	-0.8621420418339772	-0.8913410724875178	-0.9599999930461244	-0.8098284761811294	-0.5817979553755069	-0.0	-0.8459051422221648	-0.979795884946522	
-0.9957052424687018	-0.900152528860501	-0.5236407804481188	0.1388366437877851	0.7206170469660491	0.0	-0.4881597315909386	-0.7123032700963116	-0.9628644201359567	-0.9446761647045906	-0.8673727581713258	-0.9842430923459717	-0.9894817764328182	-0.7206170469660491	-0.9708233305874092	-0.8234485713391821	
-0.8238121724996635	-0.5729819067297915	-0.0411273533958918	0.6046023278176085	0.9673790298144783	0.4881597315909386	0.0	-0.2790401861032544	-0.7085480741938648	-0.664351606744405	-0.5140662157719386	-0.7726856845147636	-0.9341904830071811	-0.9673790298144783	-0.7302315518371766	-0.4416908886278562	
-0.6329123609751253	-0.3215303240674236	0.23931034240056626	0.8028503519013014	0.9996443784383717	0.7123032700963116	0.2790401861032544	0.0	-0.48349592972894756	-0.4294029097569094	-0.2543003501636481	-0.5648625774165124	-0.7975294390392569	-0.9996443784383717	-0.5105861531190252	-0.17380094312965305	
-0.1796838044650496	0.1763714699540529	0.6789265476619599	0.9910232284562255	0.8621420418339772	0.9628644201359567	0.7085480741938648	0.48349592972894756	0.0	0.0607750920938353	0.24500019339981227	-0.09547695750202934	-0.4064312513636344	-0.8621420418339772	-0.03121719688929636	0.324001444253921	
-0.2391375984569149	0.11622308252257224	0.6330500927841317	0.9810662982748989	0.8913410724875178	0.9446761647045906	0.664351606744405	0.4294029097569094	-0.0607750920938353	0.0	0.18562445559057472	-0.15579791658471098	-0.46120902647899	-0.8913410724875178	-0.09190496325641273	0.2659058467678292	
-0.41522025914630245	-0.07016328975354152	0.47835426268470593	0.9280658179588147	0.9599999930461244	0.8673727581713258	0.5140662157719386	0.2543003501636481	-0.24500019339981227	-0.18562445559057472	0.0	-0.33644805350870854	-0.6178965694982499	-0.9599999930461244	-0.275146577626997	0.08234281531549653	
-0.08493992977732967	0.2695459716913139	0.7459247410828029	0.9992601725671169	0.8098284761811294	0.9842430923459717	0.7726856845147636	0.5648625774165124	0.09547695750202934	0.15579791658471098	0.33644805350870854	0.0	-0.3173390103120992	-0.8098284761811294	0.06435583886984719	0.4128478935920891	
0.2356426023256356	0.5612072300364129	0.9187268795181034	0.9598151664787475	0.5817979553755069	0.9894817764328182	0.9341904830071811	0.7975294390392569	0.4064312513636344	0.46120902647899	0.6178965694982499	0.3173390103120992	0.0	-0.5817979553755069	0.377710595661044	0.6805410442080985	
0.7570703860286002	0.9379883690308503	0.9769794748395291	0.6173780154057112	0.0	0.7206170469660491	0.9673790298144783	0.9996443784383717	0.8621420418339772	0.8913410724875178	0.9599999930461244	0.8098284761811294	0.5817979553755069	0.0	0.8459051422221648	0.979795884946522	
-0.14888711214947997	0.20701333691100787	0.7015155150010978	0.9947136486355466	0.8459051422221648	0.9708233305874092	0.7302315518371766	0.5105861531190252	0.03121719688929636	0.09190496325641273	0.275146577626997	-0.06435583886984719	-0.377710595661044	-0.8459051422221648	0.0	0.3533767686185595	
-0.4887191787854716	-0.15206490278277296	0.40441906299337527	0.8942483663663191	0.979795884946522	0.8234485713391821	0.4416908886278562	0.17380094312965305	-0.324001444253921	-0.2659058467678292	-0.08234281531549653	-0.4128478935920891	-0.6805410442080985	-0.979795884946522	-0.3533767686185595	0.0	
