0.0	-0.020696578735660928	0.33888343578319413	0.7123115589909722	0.675386958008075	0.8549556214854362	0.9410840325903229	0.219186325615825	-0.9923971401303693	-0.3488453464173829	0.2742882615521232	0.5337762606172417	0.5097607292876154	0.9923971401303693	0.8592391544729807	-0.020696578735660928	
0.020696578735660928	0.0	0.35828277630839617	0.7266851551793737	0.690505264060312	0.8655078316852771	0.9478814751056623	0.23933267697027205	-0.9896373013568028	-0.32937419877261676	0.2941323233745982	0.5511634871252933	0.5274571423950956	0.9896373013568028	0.8696429418715832	0.0	
-0.33888343578319413	-0.35828277630839617	0.0	0.4323130381255232	0.38550903453078766	0.6285872729818477	0.7707973931665202	-0.12442610101369424	-0.9753840942143963	-0.6457984794971614	-0.06782823771545876	0.21562328939441566	0.18805043812473668	0.9753840942143963	0.6350325770880136	-0.35828277630839617	
-0.7123115589909722	-0.7266851551793737	-0.4323130381255232	0.0	-0.0512744044126513	0.23058523947069548	0.4196280505815504	-0.5411514313497018	-0.7841963165707271	-0.9124061477492457	-0.4924797490876707	-0.22771096883233954	-0.25503078557411996	0.7841963165707271	0.23866836530995983	-0.7266851551793737	
-0.675386958008075	-0.690505264060312	-0.38550903453078766	0.0512744044126513	0.0	0.2801745966628626	0.46561765236588065	-0.49732166531377536	-0.8149812111054082	-0.8902200756985643	-0.4472066027114305	-0.1774840757477958	-0.20511640845348839	0.8149812111054082	0.2881470538030217	-0.690505264060312	
-0.8549556214854362	-0.8655078316852771	-0.6285872729818477	-0.23058523947069548	-0.2801745966628626	0.0	0.1990186344323816	-0.7204734827202892	-0.6199828030572763	-0.9821940533230433	-0.6798923144112229	-0.4461021244768682	-0.47111871115689014	0.6199828030572763	0.008315173776107077	-0.8655078316852771	
-0.9410840325903229	-0.9478814751056623	-0.7707973931665202	-0.4196280505815504	-0.46561765236588065	-0.1990186344323816	0.0	-0.8440768568189476	-0.4514273993822978	-0.9999354288472487	-0.8122342947130923	-0.615296274461924	-0.6372426440190833	0.4514273993822978	-0.1908629194362439	-0.9478814751056623	
-0.219186325615825	-0.23933267697027205	0.12442610101369424	0.5411514313497018	0.49732166531377536	0.7204734827202892	0.8440768568189476	0.0	-0.995241805487094	-0.5457795884691283	0.056838413174109356	0.3354468334491255	0.3087953364150587	0.995241805487094	0.7262150021551772	-0.23933267697027205	
0.9923971401303693	0.9896373013568028	0.9753840942143963	0.7841963165707271	0.8149812111054082	0.6199828030572763	0.4514273993822978	0.995241805487094	0.0	0.8871202607542921	0.9880947881170209	0.9048920848729847	0.9165151123105497	0.0	0.6134371558378727	0.9896373013568028	
0.3488453464173829	0.32937419877261676	0.6457984794971614	0.9124061477492457	0.8902200756985643	0.9821940533230433	0.9999354288472487	0.5457795884691283	-0.8871202607542921	0.0	0.5925238183239896	0.7952372053565251	0.7778550256979372	0.8871202607542921	0.983722262411677	0.32937419877261676	
-0.2742882615521232	-0.2941323233745982	0.06782823771545876	0.4924797490876707	0.4472066027114305	0.6798923144112229	0.8122342947130923	-0.056838413174109356	-0.9880947881170209	-0.5925238183239896	0.0	0.28135940037848284	0.25423549983303073	0.9880947881170209	0.6859664258455542	-0.2941323233745982	
-0.5337762606172417	-0.5511634871252933	-0.21562328939441566	0.22771096883233954	0.1774840757477958	0.4461021244768682	0.615296274461924	-0.3354468334491255	-0.9048920848729847	-0.7952372053565251	-0.28135940037848284	0.0	-0.028149577630990796	0.9048920848729847	0.4535286333751567	-0.5511634871252933	
-0.5097607292876154	-0.5274571423950956	-0.18805043812473668	0.25503078557411996	0.20511640845348839	0.47111871115689014	0.6372426440190833	-0.3087953364150587	-0.9165151123105497	-0.7778550256979372	-0.25423549983303073	0.028149577630990796	0.0	0.9165151123105497	0.4784369876045972	-0.5274571423950956	
-0.9923971401303693	-0.9896373013568028	-0.9753840942143963	-0.7841963165707271	-0.8149812111054082	-0.6199828030572763	-0.4514273993822978	-0.995241805487094	-0.0	-0.8871202607542921	-0.9880947881170209	-0.9048920848729847	-0.9165151123105497	0.0	-0.6134371558378727	-0.9896373013568028	
-0.8592391544729807	-0.8696429418715832	-0.6350325770880136	-0.23866836530995983	-0.2881470538030217	-0.008315173776107077	0.1908629194362439	-0.7262150021551772	-0.6134371558378727	-0.983722262411677	-0.6859664258455542	-0.4535286333751567	-0.4784369876045972	0.6134371558378727	0.0	-0.8696429418715832	
0.020696578735660928	0.0	0.35828277630839617	0.7266851551793737	0.690505264060312	0.8655078316852771	0.9478814751056623	0.23933267697027205	-0.9896373013568028	-0.32937419877261676	0.2941323233745982	0.5511634871252933	0.5274571423950956	0.9896373013568028	0.8696429418715832	0.0	
