0.0	0.3724854702359337	0.7708477760339459	0.7799618422810489	0.9610299224980408	0.9702486667232024	0.9789649520675556	0.99994851674273	0.6908253995253378	0.9429841402971582	0.819091866436204	-0.059106596999657146	-0.015750761664501567	-0.31290558598163554	-0.6908253887514759	-0.32904423735866206	
-0.3724854702359337	0.0	0.4780955791765804	0.4907227557445485	0.7889008004772344	0.9906103226143484	0.8325190538170071	0.9242105943788034	0.9104272881261835	0.9991023325719781	0.5464674998997252	-0.4266874147386531	-0.38705656879854317	-0.6441691094260712	-0.9104272819620329	-0.6571089974626128	
-0.7708477760339459	-0.4780955791765804	0.0	0.01443341183359012	0.39909817170154366	0.8046976051209472	0.46634475508101586	0.6291647184428233	0.9974087863384408	0.8572663577494163	0.07957104117676615	-0.8071521334693202	-0.7807856922660932	-0.9314659919851719	-0.9974087874104663	-0.9375302984302988	
-0.7799618422810489	-0.4907227557445485	-0.01443341183359012	0.0	0.3858224851159457	0.7960448833862263	0.4535283370550406	0.6178804933328264	0.9962665144532538	0.8497456821325787	0.06517510615276338	-0.8155887254418778	-0.7897223403417354	-0.9366202490173641	-0.9962665157396849	-0.9424540750529944	
-0.9610299224980408	-0.7889008004772344	-0.39909817170154366	-0.3858224851159457	0.0	0.5008952741424905	0.07455186755354276	0.26667845736492274	0.8858202046470921	0.5805496090479011	-0.32487337007517025	-0.9756894173629493	-0.965264915170601	-0.9992720570198262	-0.8858202115616574	-0.9984769242784584	
-0.9702486667232024	-0.9906103226143484	-0.8046976051209472	-0.7960448833862263	-0.5008952741424905	0.0	-0.4349761210968653	-0.2519433194033596	0.5342546393361883	0.0946288794451372	-0.7549059422311932	-0.9542420269712637	-0.9663148806888064	-0.8457691407084231	-0.5342546519324913	-0.8365548067104263	
-0.9789649520675556	-0.8325190538170071	-0.46634475508101586	-0.4535283370550406	-0.07455186755354276	0.4349761210968653	0.0	0.1940843146343511	0.8487608880840436	0.5182320339904993	-0.3944772817468367	-0.9893128343383297	-0.9820571145815966	-0.9936471313170192	-0.8487608959634325	-0.9915852041703153	
-0.99994851674273	-0.9242105943788034	-0.6291647184428233	-0.6178804933328264	-0.26667845736492274	0.2519433194033596	-0.1940843146343511	0.0	0.729994281614169	0.3423890941435877	-0.5653214194465921	-0.9988000447381052	-0.9999842969172346	-0.9529104253992147	-0.729994291798416	-0.9476047399682488	
-0.6908253995253378	-0.9104272881261835	-0.9974087863384408	-0.9962665144532538	-0.8858202046470921	-0.5342546393361883	-0.8487608880840436	-0.729994281614169	0.0	-0.45186521080781566	-0.9885216663797959	-0.6468822657428146	-0.6793515607219363	-0.4298975694137133	-1.4901161193847656e-08	-0.4144503486646766	
-0.9429841402971582	-0.9991023325719781	-0.8572663577494163	-0.8497456821325787	-0.5805496090479011	-0.0946288794451372	-0.5182320339904993	-0.3423890941435877	0.45186521080781566	0.0	-0.8135791405820904	-0.921662597504126	-0.937624715495227	-0.7914847063493193	-0.4518652241009362	-0.7809552888201219	
-0.819091866436204	-0.5464674998997252	-0.07957104117676615	-0.06517510615276338	0.32487337007517025	0.7549059422311932	0.3944772817468367	0.5653214194465921	0.9885216663797959	0.8135791405820904	0.0	-0.8515670596016147	-0.8280258765796041	-0.9574627022052898	-0.9885216686310508	-0.9622406297106019	
0.059106596999657146	0.4266874147386531	0.8071521334693202	0.8155887254418778	0.9756894173629493	0.9542420269712637	0.9893128343383297	0.9988000447381052	0.6468822657428146	0.921662597504126	0.8515670596016147	0.0	0.04337604052856292	-0.25622001182720405	-0.6468822543793397	-0.272653744617259	
0.015750761664501567	0.38705656879854317	0.7807856922660932	0.7897223403417354	0.965264915170601	0.9663148806888064	0.9820571145815966	0.9999842969172346	0.6793515607219363	0.937624715495227	0.8280258765796041	-0.04337604052856292	0.0	-0.2979069446211117	-0.679351549787271	-0.31412974636092544	
0.31290558598163554	0.6441691094260712	0.9314659919851719	0.9366202490173641	0.9992720570198262	0.8457691407084231	0.9936471313170192	0.9529104253992147	0.4298975694137133	0.7914847063493193	0.9574627022052898	0.25622001182720405	0.2979069446211117	0.0	-0.4298975559597876	-0.017039745019439168	
0.6908253887514759	0.9104272819620329	0.9974087874104663	0.9962665157396849	0.8858202115616574	0.5342546519324913	0.8487608959634325	0.729994291798416	1.4901161193847656e-08	0.4518652241009362	0.9885216686310508	0.6468822543793397	0.679351549787271	0.4298975559597876	0.0	0.4144503351035481	
0.32904423735866206	0.6571089974626128	0.9375302984302988	0.9424540750529944	0.9984769242784584	0.8365548067104263	0.9915852041703153	0.9476047399682488	0.4144503486646766	0.7809552888201219	0.9622406297106019	0.272653744617259	0.31412974636092544	0.017039745019439168	-0.4144503351035481	0.0	
