0.0	-0.6974971086518402	-0.4523902531769054	-0.31639145956848735	-0.9531749663568343	-0.41442140315066295	0.9165151937566314	-0.08457486167106032	-0.4570865785747957	-0.3013024472332055	-0.9843172876030812	-0.9890281575844193	-0.9165151937566314	-0.9188030628692525	-0.8118498835094476	-0.9130495235033833	
0.6974971086518402	0.0	0.29786468450701226	0.4349435923204913	-0.4720967125773694	0.3378124930219508	0.9357621757635894	0.6343927688746129	0.29282684400466175	0.44917386123460934	-0.5823060925920444	-0.6056860676280909	-0.9357621757635894	-0.38308942328417034	-0.17451655417038153	-0.3698066697568649	
0.4523902531769054	-0.29786468450701226	0.0	0.14698612838785807	-0.7132489952858657	0.04212430184676556	0.9983226998419574	0.375343836681894	-0.005273053289664528	0.16265948204051286	-0.7980290557142665	-0.8152048611448114	-0.9983226998419574	-0.6408412308668967	-0.4598886412064126	-0.6297691212863361	
0.31639145956848735	-0.4349435923204913	-0.14698612838785807	0.0	-0.808526236068657	-0.10518888921987773	0.9959891772603879	0.23502772684687995	-0.15219986519589335	0.015864158638382073	-0.8779379355244447	-0.8914809122935178	-0.9959891772603879	-0.7467181155549834	-0.5854138275076621	-0.737105151181696	
0.9531749663568343	0.4720967125773694	0.7132489952858657	0.808526236068657	0.0	0.7421412752818	0.6584418267904019	0.9241827848385172	0.7095431395371622	0.8177599130173483	-0.12952976218057838	-0.15829148812610022	-0.6584418267904019	0.09836980897119729	0.311007526440295	0.11262730337920362	
0.41442140315066295	-0.3378124930219508	-0.04212430184676556	0.10518888921987773	-0.7421412752818	0.0	0.9998753367432298	0.3359662622982051	-0.04739208901743754	0.12095180027490927	-0.8227056108004731	-0.8388785133872203	-0.9998753367432298	-0.6726101137543873	-0.4968858280001999	-0.6619315392642781	
-0.9165151937566314	-0.9357621757635894	-0.9983226998419574	-0.9959891772603879	-0.6584418267904019	-0.9998753367432298	0.0	-0.9470613710957566	-0.9980035391043115	-0.9944444119436718	-0.5554066111618533	-0.5310052936573151	-0.0	-0.7292845660458238	-0.8598621162548502	-0.7390192313557299	
0.08457486167106032	-0.6343927688746129	-0.375343836681894	-0.23502772684687995	-0.9241827848385172	-0.3359662622982051	0.9470613710957566	0.0	-0.3802261358256038	-0.21957836769362926	-0.9658709956045604	-0.9729905950182616	-0.9470613710957566	-0.8821280353050562	-0.7595607241474733	-0.875284435880606	
0.4570865785747957	-0.29282684400466175	0.005273053289664528	0.15219986519589335	-0.7095431395371622	0.04739208901743754	0.9980035391043115	0.3802261358256038	0.0	0.1678600488094913	-0.7948403190455751	-0.812139519050668	-0.9980035391043115	-0.6367843385006429	-0.4551998996206718	-0.6256643509881441	
0.3013024472332055	-0.44917386123460934	-0.16265948204051286	-0.015864158638382073	-0.8177599130173483	-0.12095180027490927	0.9944444119436718	0.21957836769362926	-0.1678600488094913	0.0	-0.8854228065305293	-0.898556113092344	-0.9944444119436718	-0.7571760422471712	-0.5982017797600913	-0.7477330416170523	
0.9843172876030812	0.5823060925920444	0.7980290557142665	0.8779379355244447	0.12952976218057838	0.8227056108004731	0.5554066111618533	0.9658709956045604	0.7948403190455751	0.8854228065305293	0.0	-0.029061260711669534	-0.5554066111618533	0.22644262951824196	0.43149350507930984	0.2403840821444459	
0.9890281575844193	0.6056860676280909	0.8152048611448114	0.8914809122935178	0.15829148812610022	0.8388785133872203	0.5310052936573151	0.9729905950182616	0.812139519050668	0.898556113092344	0.029061260711669534	0.0	-0.5310052936573151	0.2546533675478822	0.45752788570674896	0.2684916738226688	
0.9165151937566314	0.9357621757635894	0.9983226998419574	0.9959891772603879	0.6584418267904019	0.9998753367432298	0.0	0.9470613710957566	0.9980035391043115	0.9944444119436718	0.5554066111618533	0.5310052936573151	0.0	0.7292845660458238	0.8598621162548502	0.7390192313557299	
0.9188030628692525	0.38308942328417034	0.6408412308668967	0.7467181155549834	-0.09836980897119729	0.6726101137543873	0.7292845660458238	0.8821280353050562	0.6367843385006429	0.7571760422471712	-0.22644262951824196	-0.2546533675478822	-0.7292845660458238	0.0	0.21600771860550622	0.014337141219181282	
0.8118498835094476	0.17451655417038153	0.4598886412064126	0.5854138275076621	-0.311007526440295	0.4968858280001999	0.8598621162548502	0.7595607241474733	0.4551998996206718	0.5982017797600913	-0.43149350507930984	-0.45752788570674896	-0.8598621162548502	-0.21600771860550622	0.0	-0.20198685182612275	
0.9130495235033833	0.3698066697568649	0.6297691212863361	0.737105151181696	-0.11262730337920362	0.6619315392642781	0.7390192313557299	0.875284435880606	0.6256643509881441	0.7477330416170523	-0.2403840821444459	-0.2684916738226688	-0.7390192313557299	-0.014337141219181282	0.20198685182612275	0.0	
