0.0	0.4332496488862486	0.9702643772620353	0.8334718910522418	0.5228459660234839	0.9810079115373735	0.5598576758764047	0.5273467765965962	0.7360205659406809	0.9210185699466429	0.8965859234916724	0.5668922954145773	-0.03046736848895254	-0.5228459660234839	-0.2672933056572503	0.04305388087465278	
-0.4332496488862486	0.0	0.7696069770498085	0.9905837384585209	0.8405412276724755	0.8001204323843548	0.14559933940646874	0.10717328581765762	0.3700638408506074	0.6613312222976652	0.6161963450173767	0.1540177015234594	-0.4605079636155787	-0.8405412276724755	-0.6583904496494402	-0.39404457743013965	
-0.9702643772620353	-0.7696069770498085	0.0	0.7378709536509891	0.9536333347731297	0.04925063380123995	-0.6684379822923434	-0.6967422546018656	-0.478677365909269	-0.15500575944937647	-0.21268434841502382	-0.6620810363453131	-0.9771884969060615	-0.9536333347731297	-0.9996592213870927	-0.9589436130230348	
-0.8334718910522418	-0.9905837384585209	-0.7378709536509891	0.0	0.4215693546286192	-0.7037341989842041	-0.9999614631817697	-0.9995512318074182	-0.970923336301441	-0.8335725941741288	-0.8645387341073093	-0.9998504683487028	-0.8162498559655221	-0.4215693546286192	-0.655450112578667	-0.8564889881283396	
-0.5228459660234839	-0.8405412276724755	-0.9536333347731297	-0.4215693546286192	0.0	-0.9376530482118614	-0.9104622056883009	-0.893760878629236	-0.9813493093902158	-0.9887595265446081	-0.9958269110751824	-0.913950681843599	-0.49663202806410894	-0.0	-0.2759742510794521	-0.5590614562570969	
-0.9810079115373735	-0.8001204323843548	-0.04925063380123995	0.7037341989842041	0.9376530482118614	0.0	-0.704257839811148	-0.7312252656840904	-0.5213380747024787	-0.20347302167619824	-0.2605500720926408	-0.6981875821221388	-0.986462176443829	-0.9376530482118614	-0.9971604265610273	-0.971747210461462	
-0.5598576758764047	-0.14559933940646874	0.6684379822923434	0.9999614631817697	0.9104622056883009	0.704257839811148	0.0	-0.0387295307447304	0.23085759891807492	0.5450706453930759	0.49495697451734016	0.00851437202835248	-0.5848426886399521	-0.9104622056883009	-0.7609636131870249	-0.5236645857860576	
-0.5273467765965962	-0.10717328581765762	0.6967422546018656	0.9995512318074182	0.893760878629236	0.7312252656840904	0.0387295307447304	0.0	0.26836774461372065	0.5771321512755536	0.528238389679905	0.04723611083246754	-0.5529885663714939	-0.893760878629236	-0.7352651764154167	-0.49027705889603684	
-0.7360205659406809	-0.3700638408506074	0.478677365909269	0.970923336301441	0.9813493093902158	0.5213380747024787	-0.23085759891807492	-0.26836774461372065	0.0	0.33679822106190005	0.2809907691865543	-0.22256485284509317	-0.756304041882621	-0.9813493093902158	-0.8901872743052193	-0.7061923724404836	
-0.9210185699466429	-0.6613312222976652	0.15500575944937647	0.8335725941741288	0.9887595265446081	0.20347302167619824	-0.5450706453930759	-0.5771321512755536	-0.33679822106190005	0.0	-0.05865437686724638	-0.5379125223370564	-0.9324586069343522	-0.9887595265446081	-0.9916232430073136	-0.9033942667226281	
-0.8965859234916724	-0.6161963450173767	0.21268434841502382	0.8645387341073093	0.9958269110751824	0.2605500720926408	-0.49495697451734016	-0.528238389679905	-0.2809907691865543	0.05865437686724638	0.0	-0.48754074663764213	-0.9096627723565182	-0.9958269110751824	-0.9823399797726626	-0.8766873011028952	
-0.5668922954145773	-0.1540177015234594	0.6620810363453131	0.9998504683487028	0.913950681843599	0.6981875821221388	-0.00851437202835248	-0.04723611083246754	0.22256485284509317	0.5379125223370564	0.48754074663764213	0.0	-0.5917278943990586	-0.913950681843599	-0.7664601080797542	-0.5308992064051469	
0.03046736848895254	0.4605079636155787	0.9771884969060615	0.8162498559655221	0.49663202806410894	0.986462176443829	0.5848426886399521	0.5529885663714939	0.756304041882621	0.9324586069343522	0.9096627723565182	0.5917278943990586	0.0	-0.49663202806410894	-0.23781039800512663	0.07347301130145728	
0.5228459660234839	0.8405412276724755	0.9536333347731297	0.4215693546286192	0.0	0.9376530482118614	0.9104622056883009	0.893760878629236	0.9813493093902158	0.9887595265446081	0.9958269110751824	0.913950681843599	0.49663202806410894	0.0	0.2759742510794521	0.5590614562570969	
0.2672933056572503	0.6583904496494402	0.9996592213870927	0.655450112578667	0.2759742510794521	0.9971604265610273	0.7609636131870249	0.7352651764154167	0.8901872743052193	0.9916232430073136	0.9823399797726626	0.7664601080797542	0.23781039800512663	-0.2759742510794521	0.0	0.3085328332278199	
-0.04305388087465278	0.39404457743013965	0.9589436130230348	0.8564889881283396	0.5590614562570969	0.971747210461462	0.5236645857860576	0.49027705889603684	0.7061923724404836	0.9033942667226281	0.8766873011028952	0.5308992064051469	-0.07347301130145728	-0.5590614562570969	-0.3085328332278199	0.0	
