0.0	-0.2011060197457008	-0.3773346177253344	0.5519002967445157	0.1733455422706502	-0.4336274573383134	-0.7851970510799041	-0.9934463794580614	-0.8683900296232759	-0.4931485391320059	-0.49987448584985306	-0.7937169729037662	-0.9981120861308073	-0.5519003091707445	-0.9992425470609542	-0.7378027219734247	
0.2011060197457008	0.0	-0.18338581890760308	0.708329029397001	0.36786549229768273	-0.24355314931732985	-0.6446209726405964	-0.9961359978046993	-0.7509235565111629	-0.30812205747719085	-0.315484298062448	-0.6551706977040916	-0.990071819999431	-0.7083290399154686	-0.9710015793126335	-0.5869791677725997	
0.3773346177253344	0.18338581890760308	0.0	0.82576531457101	0.5321534920860577	-0.061559112672519845	-0.493489972097521	-0.9631368486199257	-0.6170826541162202	-0.12843310265773605	-0.1361135539540808	-0.5055151896235885	-0.9475040562405179	-0.8257653229754714	-0.910691769406627	-0.4285550657898501	
-0.5519002967445157	-0.708329029397001	-0.82576531457101	0.0	-0.39899051632444904	-0.8589193939269639	-0.9965457982916336	-0.7653632503284429	-0.9978365312181066	-0.8913645217751494	-0.894850049197984	-0.9976025123730279	-0.7984387247354615	-1.4901161193847656e-08	-0.8547553372455013	-0.9878028977777604	
-0.1733455422706502	-0.36786549229768273	-0.5321534920860577	0.39899051632444904	0.0	-0.5832631239767824	-0.8806535374163788	-0.9585934174406565	-0.9412024308664653	-0.6364839060839833	-0.6424411226579345	-0.8871448270644244	-0.9723550675178929	-0.39899052998814405	-0.9908607233126945	-0.8436442609363264	
0.4336274573383134	0.24355314931732985	0.061559112672519845	0.8589193939269639	0.5832631239767824	0.0	-0.4390129087112461	-0.9447500663409025	-0.5674715558448638	-0.06714023063017793	-0.07486920941455832	-0.4514421570545998	-0.926023916018569	-0.8589194015580094	-0.8835353455104964	-0.372122662538378	
0.7851970510799041	0.6446209726405964	0.493489972097521	0.9965457982916336	0.8806535374163788	0.4390129087112461	0.0	-0.704935022519553	-0.14838211541146232	0.377698092497918	0.37051221470308876	-0.013880701931102385	-0.6663027284033138	-0.9965457995291004	-0.5882214477194394	0.07313951463813154	
0.9934463794580614	0.9961359978046993	0.9631368486199257	0.7653632503284429	0.9585934174406565	0.9447500663409025	0.704935022519553	0.0	0.5918882006971518	0.9206102825585082	0.9175569994696415	0.6950219162689426	0.05306710296612949	-0.765363240738077	0.15287194430158102	0.7549228103017595	
0.8683900296232759	0.7509235565111629	0.6170826541162202	0.9978365312181066	0.9412024308664653	0.5674715558448638	0.14838211541146232	-0.5918882006971518	0.0	0.5109082880910839	0.5042320857011585	0.134640776058573	-0.5482810495865917	-0.9978365302384464	-0.4617132947321722	0.22031457414170394	
0.4931485391320059	0.30812205747719085	0.12843310265773605	0.8913645217751494	0.6364839060839833	0.06714023063017793	-0.377698092497918	-0.9206102825585082	-0.5109082880910839	0.0	-0.00774847839036974	-0.39051424620954217	-0.8985913118141426	-0.891364528529655	-0.8500955915188638	-0.30896452756523174	
0.49987448584985306	0.315484298062448	0.1361135539540808	0.894850049197984	0.6424411226579345	0.07486920941455832	-0.37051221470308876	-0.9175569994696415	-0.5042320857011585	0.00774847839036974	0.0	-0.3833692979425339	-0.8951644079260289	-0.8948500558493687	-0.8459895028491677	-0.301585879533823	
0.7937169729037662	0.6551706977040916	0.5055151896235885	0.9976025123730279	0.8871448270644244	0.4514421570545998	0.013880701931102385	-0.6950219162689426	-0.134640776058573	0.39051424620954217	0.3833692979425339	0.0	-0.6558879552032065	-0.9976025134042513	-0.5769394552683006	0.08697599377375634	
0.9981120861308073	0.990071819999431	0.9475040562405179	0.7984387247354615	0.9723550675178929	0.926023916018569	0.6663027284033138	-0.05306710296612949	0.5482810495865917	0.8985913118141426	0.8951644079260289	0.6558879552032065	0.0	-0.7984387157638287	0.1002131873076148	0.7190569544700047	
0.5519003091707445	0.7083290399154686	0.8257653229754714	1.4901161193847656e-08	0.39899052998814405	0.8589194015580094	0.9965457995291004	0.765363240738077	0.9978365302384464	0.891364528529655	0.8948500558493687	0.9976025134042513	0.7984387157638287	0.0	0.8547553295113347	0.9878029000980121	
0.9992425470609542	0.9710015793126335	0.910691769406627	0.8547553372455013	0.9908607233126945	0.8835353455104964	0.5882214477194394	-0.15287194430158102	0.4617132947321722	0.8500955915188638	0.8459895028491677	0.5769394552683006	-0.1002131873076148	-0.8547553295113347	0.0	0.6457939436361408	
0.7378027219734247	0.5869791677725997	0.4285550657898501	0.9878028977777604	0.8436442609363264	0.372122662538378	-0.07313951463813154	-0.7549228103017595	-0.22031457414170394	0.30896452756523174	0.301585879533823	-0.08697599377375634	-0.7190569544700047	-0.9878029000980121	-0.6457939436361408	0.0	
