0.0	-0.35650119718211637	0.03796044668459858	0.6335753412589002	0.749982297112731	0.8469368321710998	0.5591601099693957	-0.1850372219256054	0.15471272797738034	0.9519350523775445	0.9340497772495332	0.6766412370121979	-0.01918831990824188	-0.22661785758474395	-0.42497854624715004	-0.9340497697233102	
0.35650119718211637	0.0	0.39171049671368957	0.8677643905747938	0.9365151430749701	0.9808381114751374	0.817981192363907	0.17746563442588636	0.4967560516211351	0.9985843290291665	0.745356058611057	0.8946788519485014	0.3385080119879307	0.13549847230184942	-0.07434917022531295	-0.745356044562109	
-0.03796044668459858	-0.39171049671368957	0.0	0.6037494107962528	0.7243325043830703	0.8261430724664066	0.527285614922722	-0.2222087821615492	0.11709783372707255	0.9396216553311381	0.9469338558920068	0.6482027774782928	-0.057127947464737316	-0.2634273793038532	-0.45903416601193914	-0.9469338491184077	
-0.6335753412589002	-0.8677643905747938	-0.6037494107962528	0.0	0.16116363726742405	0.3183910284843203	-0.09266022469237917	-0.7657942362296482	-0.5062484789598983	0.5424299696080821	0.9489334655859725	0.05699479242671962	-0.6483043304547107	-0.7924220174912391	-0.9023123928792177	-0.9489334722341376	
-0.749982297112731	-0.9365151430749701	-0.7243325043830703	-0.16116363726742405	0.0	0.16145232911220747	-0.2519192192457361	-0.8594255698239135	-0.6386161783516018	0.39994542502624225	0.8856854178099177	-0.10465192253633837	-0.7625364816015954	-0.8803687429728235	-0.9599919587187432	-0.8856854275940099	
-0.8469368321710998	-0.9808381114751374	-0.8261430724664066	-0.3183910284843203	-0.16145232911220747	0.0	-0.40485937972287545	-0.9306946068304971	-0.7544795330769227	0.24672099682285015	0.7991056486581429	-0.26384472300788564	-0.85698320570493	-0.9453939594574268	-0.9926084591310848	-0.7991056613272877	
-0.5591601099693957	-0.817981192363907	-0.527285614922722	0.09266022469237917	0.2519192192457361	0.40485937972287545	0.0	-0.7029111628923005	-0.42416145567774804	0.6179402697786202	0.9740830537663085	0.1492591919230705	-0.5749654240347082	-0.7324925921573029	-0.8584862272781087	-0.9740830585329195	
0.1850372219256054	-0.17746563442588636	0.2222087821615492	0.7657942362296482	0.8594255698239135	0.9306946068304971	0.7029111628923005	0.0	0.3348503543172986	0.9921734650549598	0.8518354303888122	0.8012019537183066	0.1661461875581452	-0.042481262610956694	-0.25014348322805763	-0.851835419350352	
-0.15471272797738034	-0.4967560516211351	-0.11709783372707255	0.5062484789598983	0.6386161783516018	0.7544795330769227	0.42416145567774804	-0.3348503543172986	0.0	0.8930847774870663	0.9780578942734199	0.5545771654522638	-0.17364152631468166	-0.37457694813576786	-0.5599080824602196	-0.9780578898831241	
-0.9519350523775445	-0.9985843290291665	-0.9396216553311381	-0.5424299696080821	-0.39994542502624225	-0.24672099682285015	-0.6179402697786202	-0.9921734650549598	-0.8930847774870663	0.0	0.6260761903885336	-0.493666853089086	-0.9576371703131099	-0.9965823099565445	-0.9918657721160629	-0.6260762068207866	
-0.9340497772495332	-0.745356058611057	-0.9469338558920068	-0.9489334655859725	-0.8856854178099177	-0.7991056486581429	-0.9740830537663085	-0.8518354303888122	-0.9780578942734199	-0.6260761903885336	0.0	-0.9294104465236424	-0.9270248355543609	-0.8288143584003183	-0.6937270065072244	-2.1073424255447017e-08	
-0.6766412370121979	-0.8946788519485014	-0.6482027774782928	-0.05699479242671962	0.10465192253633837	0.26384472300788564	-0.1492591919230705	-0.8012019537183066	-0.5545771654522638	0.493666853089086	0.9294104465236424	0.0	-0.6906452655490016	-0.8258992140666626	-0.925415134520639	-0.9294104543007413	
0.01918831990824188	-0.3385080119879307	0.057127947464737316	0.6483043304547107	0.7625364816015954	0.85698320570493	0.5749654240347082	-0.1661461875581452	0.17364152631468166	0.9576371703131099	0.9270248355543609	0.6906452655490016	0.0	-0.20788702255187697	-0.4075309694307175	-0.9270248276518278	
0.22661785758474395	-0.13549847230184942	0.2634273793038532	0.7924220174912391	0.8803687429728235	0.9453939594574268	0.7324925921573029	0.042481262610956694	0.37457694813576786	0.9965823099565445	0.8288143584003183	0.8258992140666626	0.20788702255187697	0.0	-0.20878693826430567	-0.8288143466092379	
0.42497854624715004	0.07434917022531295	0.45903416601193914	0.9023123928792177	0.9599919587187432	0.9926084591310848	0.8584862272781087	0.25014348322805763	0.5599080824602196	0.9918657721160629	0.6937270065072244	0.925415134520639	0.4075309694307175	0.20878693826430567	0.0	-0.6937269913293425	
0.9340497697233102	0.745356044562109	0.9469338491184077	0.9489334722341376	0.8856854275940099	0.7991056613272877	0.9740830585329195	0.851835419350352	0.9780578898831241	0.6260762068207866	2.1073424255447017e-08	0.9294104543007413	0.9270248276518278	0.8288143466092379	0.6937269913293425	0.0	
