0.0	-0.4813283944127285	-0.5207183115288991	0.017084607506937077	0.05171370642776507	-0.1788828155836622	0.6809038036380095	0.8907235109540104	-0.2552602085590665	-0.4679891256933412	-0.4135882371005989	-0.4135882371005989	-0.6331429636767849	-0.9857203569856345	-0.8907235245005221	-0.9861590011066746	
0.4813283944127285	0.0	-0.045506815461853284	0.4962334910638029	0.5260135035651153	0.31676674873509514	0.9493515092480402	0.9995407576433556	0.24163726559653342	0.015155025229997133	0.07570541896065633	0.07570541896065633	-0.1824103883804592	-0.9450748157382338	-0.9995407567402544	-0.7846027646686057	
0.5207183115288991	0.045506815461853284	0.0	0.5352279285831499	0.5641710326561811	0.35960195957083363	0.9626669786829626	0.9971262671287663	0.28554523220519995	0.060640914329676304	0.12100321151585663	0.12100321151585663	-0.1374780923002269	-0.9292216564183099	-0.9971262648710147	-0.755575767773816	
-0.017084607506937077	-0.4962334910638029	-0.5352279285831499	0.0	0.034644411213440474	-0.19566574657765556	0.6682921210762132	0.882827775827047	-0.27174158803635995	-0.48301907383664555	-0.42908279363080826	-0.42908279363080826	-0.6462746368758985	-0.9826996020984222	-0.8828277898251031	-0.9888477370229923	
-0.05171370642776507	-0.5260135035651153	-0.5641710326561811	-0.034644411213440474	0.0	-0.2295230459813435	0.6421190058266396	0.8660254459119894	-0.30491921304383884	-0.5130641055641169	-0.4601183059477353	-0.4601183059477353	-0.6723239997132959	-0.9756933153987425	-0.8660254608131479	-0.9934137270112952	
0.1788828155836622	-0.31676674873509514	-0.35960195957083363	0.19566574657765556	0.2295230459813435	0.0	0.8009300085091051	0.9576668672686381	-0.07818610404808798	-0.30235577600494795	-0.2440508477089483	-0.2440508477089483	-0.48446907487790813	-0.9999432450022836	-0.9576668758480928	-0.9405934439571966	
-0.6809038036380095	-0.9493515092480402	-0.9626669786829626	-0.6682921210762132	-0.6421190058266396	-0.8009300085091051	0.0	0.3428399562374966	-0.8452927402886821	-0.9444805301101046	-0.9228392298920305	-0.9228392298920305	-0.9907400153419683	-0.6072570727908115	-0.34283998423361417	-0.8351315524234939	
-0.8907235109540104	-0.9995407576433556	-0.9971262671287663	-0.882827775827047	-0.8660254459119894	-0.9576668672686381	-0.3428399562374966	0.0	-0.9772433567371573	-0.9998852096249954	-0.9989664063460396	-0.9989664063460396	-0.9772433571288331	-0.2980653460770194	-2.9802322387695312e-08	-0.5959382184861842	
0.2552602085590665	-0.24163726559653342	-0.28554523220519995	0.27174158803635995	0.30491921304383884	0.07818610404808798	0.8452927402886821	0.9772433567371573	0.0	-0.22690358397363689	-0.1674818078440772	-0.1674818078440772	-0.4145881493223679	-0.996049208480754	-0.9772433630588626	-0.9111671675868126	
0.4679891256933412	-0.015155025229997133	-0.060640914329676304	0.48301907383664555	0.5130641055641169	0.30235577600494795	0.9444805301101046	0.9998852096249954	0.22690358397363689	0.0	0.06058519090097728	0.06058519090097728	-0.19729020117363663	-0.9499197614755961	-0.9998852091734455	-0.7939087550873443	
0.4135882371005989	-0.07570541896065633	-0.12100321151585663	0.42908279363080826	0.4601183059477353	0.2440508477089483	0.9228392298920305	0.9989664063460396	0.1674818078440772	-0.06058519090097728	0.0	0.0	-0.25632218194146433	-0.967107290940002	-0.9989664077006912	-0.8292884010949847	
0.4135882371005989	-0.07570541896065633	-0.12100321151585663	0.42908279363080826	0.4601183059477353	0.2440508477089483	0.9228392298920305	0.9989664063460396	0.1674818078440772	-0.06058519090097728	0.0	0.0	-0.25632218194146433	-0.967107290940002	-0.9989664077006912	-0.8292884010949847	
0.6331429636767849	0.1824103883804592	0.1374780923002269	0.6462746368758985	0.6723239997132959	0.48446907487790813	0.9907400153419683	0.9772433571288331	0.4145881493223679	0.19729020117363663	0.25632218194146433	0.25632218194146433	0.0	-0.8695972260086836	-0.9772433508071271	-0.6583448577164305	
0.9857203569856345	0.9450748157382338	0.9292216564183099	0.9826996020984222	0.9756933153987425	0.9999432450022836	0.6072570727908115	0.2980653460770194	0.996049208480754	0.9499197614755961	0.967107290940002	0.967107290940002	0.8695972260086836	0.0	-0.2980653176293475	0.32949462533150653	
0.8907235245005221	0.9995407567402544	0.9971262648710147	0.8828277898251031	0.8660254608131479	0.9576668758480928	0.34283998423361417	2.9802322387695312e-08	0.9772433630588626	0.9998852091734455	0.9989664077006912	0.9989664077006912	0.9772433508071271	0.2980653176293475	0.0	0.5959381945540164	
0.9861590011066746	0.7846027646686057	0.755575767773816	0.9888477370229923	0.9934137270112952	0.9405934439571966	0.8351315524234939	0.5959382184861842	0.9111671675868126	0.7939087550873443	0.8292884010949847	0.8292884010949847	0.6583448577164305	-0.32949462533150653	-0.5959381945540164	0.0	
