0.0	0.753079108042467	0.990238962868121	0.9292726073117092	0.7555057823028247	0.6925384437087229	0.5167277212691628	0.5409437944745513	0.5735045122119841	0.5558499327950177	0.84372297314945	0.832272200197917	0.8874374212635708	-0.008591789267419991	-0.2478020541778616	-0.832272200197917	
-0.753079108042467	0.0	0.5465437013208572	0.33321289918945957	0.003696166013481217	-0.08761513390119721	-0.304777861122002	-0.2774806296628834	-0.23959840218576808	-0.2603112657154028	0.15087369272331194	0.9650591823510315	0.23675627151879255	-0.7587041075460728	-0.8926274862247628	-0.9650591823510315	
-0.990238962868121	-0.5465437013208572	0.0	-0.2362669376011175	-0.5434446855033974	-0.6178135054985323	-0.775771347553053	-0.7574523691870502	-0.7312710527122863	-0.7456940863667932	-0.41394119727796747	0.6649581294808412	-0.33273801579502327	-0.9913999370049182	-0.9938927481962483	-0.6649581294808412	
-0.9292726073117092	-0.33321289918945957	0.2362669376011175	0.0	-0.329725686976723	-0.41453956591644775	-0.604720081712463	-0.5817510983667199	-0.54941284215781	-0.5671601982626929	-0.18714712263162853	0.8225951606345423	-0.10051331586337992	-0.9324120689148421	-0.9918259882763252	-0.8225951606345423	
-0.7555057823028247	-0.003696166013481217	0.5434446855033974	0.329725686976723	0.0	-0.09129648745265545	-0.3082960944709225	-0.2810297563635812	-0.24318526993070458	-0.26387822733961763	0.1472188059497217	0.9640840763695198	0.23316357367789006	-0.7611067383324024	-0.8942876021419819	-0.9640840763695198	
-0.6925384437087229	0.08761513390119721	0.6178135054985323	0.41453956591644775	0.09129648745265545	0.0	-0.22015909797287436	-0.19223895457205598	-0.15361391479195197	-0.17471563231862525	0.23690570050063728	0.9843059202924799	0.32096995618050617	-0.6987108353201275	-0.8496983297582431	-0.9843059202924799	
-0.5167277212691628	0.304777861122002	0.775771347553053	0.604720081712463	0.3082960944709225	0.22015909797287436	0.0	0.028530547422818377	0.06770117727356496	0.04634401100168923	0.44498472869263206	0.9990065654448204	0.5216049729907977	-0.5240645073687475	-0.7127670137449102	-0.9990065654448204	
-0.5409437944745513	0.2774806296628834	0.7574523691870502	0.5817510983667199	0.2810297563635812	0.19223895457205598	-0.028530547422818377	0.0	0.03920852938203151	0.017825252866678642	0.4192533909211579	0.9998713045068895	0.4970507431717727	-0.5481500276754151	-0.7324882121741529	-0.9998713045068895	
-0.5735045122119841	0.23959840218576808	0.7312710527122863	0.54941284215781	0.24318526993070458	0.15361391479195197	-0.06770117727356496	-0.03920852938203151	0.0	-0.02139075369719996	0.38333478743730953	0.9997314716882619	0.46264645302771557	-0.5805217585018662	-0.7586173367612433	-0.9997314716882619	
-0.5558499327950177	0.2603112657154028	0.7456940863667932	0.5671601982626929	0.26387822733961763	0.17471563231862525	-0.04634401100168923	-0.017825252866678642	0.02139075369719996	0.0	0.40300377978002655	0.9999984111414647	0.481504415820821	-0.562971621708888	-0.7445069032074635	-0.9999984111414647	
-0.84372297314945	-0.15087369272331194	0.41394119727796747	0.18714712263162853	-0.1472188059497217	-0.23690570050063728	-0.44498472869263206	-0.4192533909211579	-0.38333478743730953	-0.40300377978002655	0.0	0.9144784592334475	0.08746191974696438	-0.8483037220965788	-0.9504227351024572	-0.9144784592334475	
-0.832272200197917	-0.9650591823510315	-0.6649581294808412	-0.8225951606345423	-0.9640840763695198	-0.9843059202924799	-0.9990065654448204	-0.9998713045068895	-0.9997314716882619	-0.9999984111414647	-0.9144784592334475	0.0	-0.8755839354761986	-0.8274784748458031	-0.6689408705509039	-0.0	
-0.8874374212635708	-0.23675627151879255	0.33273801579502327	0.10051331586337992	-0.23316357367789006	-0.32096995618050617	-0.5216049729907977	-0.4970507431717727	-0.46264645302771557	-0.481504415820821	-0.08746191974696438	0.8755839354761986	0.0	-0.8913648639848903	-0.973977814905837	-0.8755839354761986	
0.008591789267419991	0.7587041075460728	0.9913999370049182	0.9324120689148421	0.7611067383324024	0.6987108353201275	0.5240645073687475	0.5481500276754151	0.5805217585018662	0.562971621708888	0.8483037220965788	0.8274784748458031	0.8913648639848903	0.0	-0.23946909053939458	-0.8274784748458031	
0.2478020541778616	0.8926274862247628	0.9938927481962483	0.9918259882763252	0.8942876021419819	0.8496983297582431	0.7127670137449102	0.7324882121741529	0.7586173367612433	0.7445069032074635	0.9504227351024572	0.6689408705509039	0.973977814905837	0.23946909053939458	0.0	-0.6689408705509039	
0.832272200197917	0.9650591823510315	0.6649581294808412	0.8225951606345423	0.9640840763695198	0.9843059202924799	0.9990065654448204	0.9998713045068895	0.9997314716882619	0.9999984111414647	0.9144784592334475	0.0	0.8755839354761986	0.8274784748458031	0.6689408705509039	0.0	
