0.0	-0.9395303179062724	-0.42889631660031513	0.26408538127570497	0.3934324515315219	0.0	0.1002266347671068	0.1002266347671068	-0.05895520798587073	0.16967806080793862	0.5400631265932493	0.9330483187205275	0.9475625670847135	0.9544340964385524	0.9395303179062724	0.8395586271215174	
0.9395303179062724	0.0	0.7018459173319032	0.9966165346515411	0.9984976455958318	0.9395303179062724	0.9691236267552841	0.9691236267552841	0.9177059873219485	0.9840156243196916	0.9756848626099754	0.6575341216183598	0.6247537065152317	0.6072372820127319	0.0	0.7979378521707056	
0.42889631660031513	-0.7018459173319032	0.0	0.652232712208805	0.7497160110310443	0.42889631660031513	0.5172767701077771	0.5172767701077771	0.3748929001450706	0.575956433415174	0.8488376894684067	0.997168583187753	0.9930467009419028	0.9901835946907857	0.7018459173319032	0.99142452640993	
-0.26408538127570497	-0.9966165346515411	-0.652232712208805	0.0	0.13667749999904447	-0.26408538127570497	-0.1660870948809025	-0.1660870948809025	-0.3204882960184495	-0.09660165151793386	0.29862978067211376	0.8049194565020643	0.8295295918941816	0.8417421955718136	0.9966165346515411	0.6662842866729964	
-0.3934324515315219	-0.9984976455958318	-0.7497160110310443	-0.13667749999904447	0.0	-0.3934324515315219	-0.29930766480976395	-0.29930766480976395	-0.44694880489064315	-0.23173337895110271	0.1653865447406941	0.7162635150883897	0.7454156577850876	0.7600535416866775	0.9984976455958318	0.5581114916437393	
0.0	-0.9395303179062724	-0.42889631660031513	0.26408538127570497	0.3934324515315219	0.0	0.1002266347671068	0.1002266347671068	-0.05895520798587073	0.16967806080793862	0.5400631265932493	0.9330483187205275	0.9475625670847135	0.9544340964385524	0.9395303179062724	0.8395586271215174	
-0.1002266347671068	-0.9691236267552841	-0.5172767701077771	0.1660870948809025	0.29930766480976395	-0.1002266347671068	0.0	0.0	-0.15871065036685572	0.07005036647869248	0.4529905181736783	0.8922934389070314	0.9107617856710293	0.919718360641955	0.9691236267552841	0.7808811082842773	
-0.1002266347671068	-0.9691236267552841	-0.5172767701077771	0.1660870948809025	0.29930766480976395	-0.1002266347671068	0.0	0.0	-0.15871065036685572	0.07005036647869248	0.4529905181736783	0.8922934389070314	0.9107617856710293	0.919718360641955	0.9691236267552841	0.7808811082842773	
0.05895520798587073	-0.9177059873219485	-0.3748929001450706	0.3204882960184495	0.44694880489064315	0.05895520798587073	0.15871065036685572	0.15871065036685572	0.0	0.22748325843281436	0.5887419046177651	0.9526346009172759	0.964754738200764	0.9703674992579209	0.9177059873219485	0.870126865808379	
-0.16967806080793862	-0.9840156243196916	-0.575956433415174	0.09660165151793386	0.23173337895110271	-0.16967806080793862	-0.07005036647869248	-0.07005036647869248	-0.22748325843281436	0.0	0.3894267510757223	0.858476830202117	0.8795984098409906	0.8899587409591107	0.9840156243196916	0.735203799232049	
-0.5400631265932493	-0.9756848626099754	-0.8488376894684067	-0.29862978067211376	-0.1653865447406941	-0.5400631265932493	-0.4529905181736783	-0.4529905181736783	-0.5887419046177651	-0.3894267510757223	0.0	0.5909880463822789	0.6249037437104162	0.6421085340710908	0.9756848626099754	0.41319351285095185	
-0.9330483187205275	-0.6575341216183598	-0.997168583187753	-0.8049194565020643	-0.7162635150883897	-0.9330483187205275	-0.8922934389070314	-0.8922934389070314	-0.9526346009172759	-0.858476830202117	-0.5909880463822789	0.0	0.042712112619694875	0.06491675578266815	0.6575341216183598	-0.20486420002795913	
-0.9475625670847135	-0.6247537065152317	-0.9930467009419028	-0.8295295918941816	-0.7454156577850876	-0.9475625670847135	-0.9107617856710293	-0.9107617856710293	-0.964754738200764	-0.8795984098409906	-0.6249037437104162	-0.042712112619694875	0.0	0.022235494909337628	0.6247537065152317	-0.24648345139303046	
-0.9544340964385524	-0.6072372820127319	-0.9901835946907857	-0.8417421955718136	-0.7600535416866775	-0.9544340964385524	-0.919718360641955	-0.919718360641955	-0.9703674992579209	-0.8899587409591107	-0.6421085340710908	-0.06491675578266815	-0.022235494909337628	0.0	0.6072372820127319	-0.26797197421804964	
-0.9395303179062724	-0.0	-0.7018459173319032	-0.9966165346515411	-0.9984976455958318	-0.9395303179062724	-0.9691236267552841	-0.9691236267552841	-0.9177059873219485	-0.9840156243196916	-0.9756848626099754	-0.6575341216183598	-0.6247537065152317	-0.6072372820127319	0.0	-0.7979378521707056	
-0.8395586271215174	-0.7979378521707056	-0.99142452640993	-0.6662842866729964	-0.5581114916437393	-0.8395586271215174	-0.7808811082842773	-0.7808811082842773	-0.870126865808379	-0.735203799232049	-0.41319351285095185	0.20486420002795913	0.24648345139303046	0.26797197421804964	0.7979378521707056	0.0	
