0.0	0.21546332482110334	0.3426539923936316	0.39131403256648783	0.3518201326799534	0.1997107564222614	0.10409668424940303	0.6396374644438045	0.9999833762720666	0.9795320325650663	0.924811783567366	0.47212924260441824	-0.24982106416804128	-0.9795320325650663	-0.36964894453645836	-0.14689713674775542	
-0.21546332482110334	0.0	0.13218617617916853	0.18384114481083513	0.14186831565616814	-0.016102856523345237	-0.1126410975053938	0.45899197314765566	0.9777380693624059	0.9998949744503858	0.8211221116925205	0.2711025967642679	-0.45258466833769034	-0.9998949744503858	-0.5611689839913058	-0.3565727368776871	
-0.3426539923936316	-0.13218617617916853	0.0	0.0522947308772346	0.009774223588556397	-0.14813058944706342	-0.24299757026006094	0.33752473452403764	0.9414218145874614	0.9892050599188217	0.7384710905720717	0.14148778179592228	-0.5664864421915687	-0.9892050599188217	-0.6656553377900504	-0.4769410346602251	
-0.39131403256648783	-0.18384114481083513	-0.0522947308772346	0.0	-0.04253138335334186	-0.19964570698708067	-0.29339237085225434	0.2878369961676886	0.922498240456219	0.980188366279283	0.7021990765990287	0.08952553728584292	-0.6088058899090487	-0.980188366279283	-0.7037699481388743	-0.5222521181976791	
-0.3518201326799534	-0.14186831565616814	-0.009774223588556397	0.04253138335334186	0.0	-0.1577899059101736	-0.25246722232000984	0.3283079718525197	0.9380806695582937	0.9877255127413692	0.731845200937801	0.1318051281662571	-0.5745140365642554	-0.9877255127413692	-0.672917645629997	-0.48550916180329096	
-0.1997107564222614	0.016102856523345237	0.14813058944706342	0.19964570698708067	0.1577899059101736	0.0	-0.09662611877588856	0.47323888903422606	0.9809901449564229	0.999998703489871	0.8302063919767474	0.2865672576677807	-0.43816672415146474	-0.999998703489871	-0.5477678685664301	-0.3414821273143734	
-0.10409668424940303	0.1126410975053938	0.24299757026006094	0.29339237085225434	0.25246722232000984	0.09662611877588856	0.0	0.5561457320022888	0.9951508743007805	0.9951638628326952	0.8801864708783763	0.37779996912932806	-0.34925982055834487	-0.9951638628326952	-0.4643643804553356	-0.24906649125054722	
-0.6396374644438045	-0.45899197314765566	-0.33752473452403764	-0.2878369961676886	-0.3283079718525197	-0.47323888903422606	-0.5561457320022888	0.0	0.772352124081213	0.8816950445599328	0.4675472277038369	-0.20094443024691544	-0.8113874909824148	-0.8816950445599328	-0.8784734375426693	-0.7456149430258091	
-0.9999833762720666	-0.9777380693624059	-0.9414218145874614	-0.922498240456219	-0.9380806695582937	-0.9809901449564229	-0.9951508743007805	-0.772352124081213	0.0	0.19563697953963227	-0.3857511540575814	-0.8842370008135199	-0.9668354458956685	-0.19563697953963227	-0.9270246343024038	-0.9882883159243298	
-0.9795320325650663	-0.9998949744503858	-0.9892050599188217	-0.980188366279283	-0.9877255127413692	-0.999998703489871	-0.9951638628326952	-0.8816950445599328	-0.19563697953963227	0.0	-0.5587922851890427	-0.9585203398329158	-0.8981869822709506	-0.0	-0.8357472145113102	-0.9393371660067993	
-0.924811783567366	-0.8211221116925205	-0.7384710905720717	-0.7021990765990287	-0.731845200937801	-0.8302063919767474	-0.8801864708783763	-0.4675472277038369	0.3857511540575814	0.5587922851890427	0.0	-0.6356389643088302	-0.9905260431810907	-0.5587922851890427	-0.9999324350159486	-0.9706625561872182	
-0.47212924260441824	-0.2711025967642679	-0.14148778179592228	-0.08952553728584292	-0.1318051281662571	-0.2865672576677807	-0.37779996912932806	0.20094443024691544	0.8842370008135199	0.9585203398329158	0.6356389643088302	0.0	-0.6773835759540908	-0.9585203398329158	-0.7645454221347231	-0.5965016137786179	
0.24982106416804128	0.45258466833769034	0.5664864421915687	0.6088058899090487	0.5745140365642554	0.43816672415146474	0.34925982055834487	0.8113874909824148	0.9668354458956685	0.8981869822709506	0.9905260431810907	0.6773835759540908	0.0	-0.8981869822709506	-0.12580151275447582	0.10487162343808032	
0.9795320325650663	0.9998949744503858	0.9892050599188217	0.980188366279283	0.9877255127413692	0.999998703489871	0.9951638628326952	0.8816950445599328	0.19563697953963227	0.0	0.5587922851890427	0.9585203398329158	0.8981869822709506	0.0	0.8357472145113102	0.9393371660067993	
0.36964894453645836	0.5611689839913058	0.6656553377900504	0.7037699481388743	0.672917645629997	0.5477678685664301	0.4643643804553356	0.8784734375426693	0.9270246343024038	0.8357472145113102	0.9999324350159486	0.7645454221347231	0.12580151275447582	-0.8357472145113102	0.0	0.22914627767086126	
0.14689713674775542	0.3565727368776871	0.4769410346602251	0.5222521181976791	0.48550916180329096	0.3414821273143734	0.24906649125054722	0.7456149430258091	0.9882883159243298	0.9393371660067993	0.9706625561872182	0.5965016137786179	-0.10487162343808032	-0.9393371660067993	-0.22914627767086126	0.0	
