0.0	-0.0419263631156776	-0.30583301838185883	-0.0419263631156776	0.8101614455865843	-0.40590343052475913	-0.9832266240443182	-0.9954993481676232	-0.9044851125527366	-0.3399675051542162	0.18238799390536764	-0.37331698361537713	-0.5579215350037173	-0.6406843965599965	-0.9832266240443182	-0.8101614455865843	
0.0419263631156776	0.0	-0.26564663204508243	0.0	0.8340265932908366	-0.3672293481143224	-0.9747152080870327	-0.9985973029750784	-0.8858079902529602	-0.30023946207414665	0.22345073778008417	-0.3340934788836883	-0.522636531724035	-0.6079298014382986	-0.9747152080870327	-0.8340265932908366	
0.30583301838185883	0.26564663204508243	0.0	0.26564663204508243	0.9506240952514332	-0.10694895489471942	-0.8803351923393448	-0.9767834658125678	-0.7307074881919213	-0.03606127653676261	0.4743520737452129	-0.07170709459690369	-0.2773799211379487	-0.3751661918483489	-0.8803351923393448	-0.9506240952514332	
0.0419263631156776	0.0	-0.26564663204508243	0.0	0.8340265932908366	-0.3672293481143224	-0.9747152080870327	-0.9985973029750784	-0.8858079902529602	-0.30023946207414665	0.22345073778008417	-0.3340934788836883	-0.522636531724035	-0.6079298014382986	-0.9747152080870327	-0.8340265932908366	
-0.8101614455865843	-0.8340265932908366	-0.9506240952514332	-0.8340265932908366	0.0	-0.9783628435010093	-0.7241379268158196	-0.5067908079628336	-0.8757534038391922	-0.961197216797406	-0.6896552282267011	-0.9704308512671874	-0.999405290395279	-0.9976190344416489	-0.7241379268158196	-0.0	
0.40590343052475913	0.3672293481143224	0.10694895489471942	0.3672293481143224	0.9783628435010093	0.0	-0.8245545757297769	-0.9482695697891529	-0.6535034697016816	0.07102494568429207	0.5657823657880618	0.03537782025470429	-0.173036700702472	-0.2738772880112201	-0.8245545757297769	-0.9783628435010093	
0.9832266240443182	0.9747152080870327	0.8803351923393448	0.9747152080870327	0.7241379268158196	0.8245545757297769	0.0	-0.27474600294938933	0.2543839744968359	0.8626568617312644	0.9999999999999974	0.8440545608837344	0.7142153569464694	0.638072482298798	0.0	-0.7241379268158196	
0.9954993481676232	0.9985973029750784	0.9767834658125678	0.9985973029750784	0.5067908079628336	0.9482695697891529	0.27474600294938933	0.0	0.5103022415454515	0.9684227760259261	0.9615168596304717	0.9589072256617592	0.8790319676638646	0.8250653485991098	0.27474600294938933	-0.5067908079628336	
0.9044851125527366	0.8858079902529602	0.7307074881919213	0.8858079902529602	0.8757534038391922	0.6535034697016816	-0.2543839744968359	-0.5103022415454515	0.0	0.7056135244413588	0.9671032822846204	0.6798726866372922	0.5126700677709463	0.42121237123368027	-0.2543839744968359	-0.8757534038391922	
0.3399675051542162	0.30023946207414665	0.03606127653676261	0.30023946207414665	0.961197216797406	-0.07102494568429207	-0.8626568617312644	-0.9684227760259261	-0.7056135244413588	0.0	0.5057895580049561	-0.03569200973687292	-0.2425532645299156	-0.3414949033833537	-0.8626568617312644	-0.961197216797406	
-0.18238799390536764	-0.22345073778008417	-0.4743520737452129	-0.22345073778008417	0.6896552282267011	-0.5657823657880618	-0.9999999999999974	-0.9615168596304717	-0.9671032822846204	-0.5057895580049561	0.0	-0.5362572461197619	-0.6999259624834662	-0.7699762578220899	-0.9999999999999974	-0.6896552282267011	
0.37331698361537713	0.3340934788836883	0.07170709459690369	0.3340934788836883	0.9704308512671874	-0.03537782025470429	-0.8440545608837344	-0.9589072256617592	-0.6798726866372922	0.03569200973687292	0.5362572461197619	0.0	-0.20777254046255128	-0.307730980004572	-0.8440545608837344	-0.9704308512671874	
0.5579215350037173	0.522636531724035	0.2773799211379487	0.522636531724035	0.999405290395279	0.173036700702472	-0.7142153569464694	-0.8790319676638646	-0.5126700677709463	0.2425532645299156	0.6999259624834662	0.20777254046255128	0.0	-0.10332537151351034	-0.7142153569464694	-0.999405290395279	
0.6406843965599965	0.6079298014382986	0.3751661918483489	0.6079298014382986	0.9976190344416489	0.2738772880112201	-0.638072482298798	-0.8250653485991098	-0.42121237123368027	0.3414949033833537	0.7699762578220899	0.307730980004572	0.10332537151351034	0.0	-0.638072482298798	-0.9976190344416489	
0.9832266240443182	0.9747152080870327	0.8803351923393448	0.9747152080870327	0.7241379268158196	0.8245545757297769	0.0	-0.27474600294938933	0.2543839744968359	0.8626568617312644	0.9999999999999974	0.8440545608837344	0.7142153569464694	0.638072482298798	0.0	-0.7241379268158196	
0.8101614455865843	0.8340265932908366	0.9506240952514332	0.8340265932908366	0.0	0.9783628435010093	0.7241379268158196	0.5067908079628336	0.8757534038391922	0.961197216797406	0.6896552282267011	0.9704308512671874	0.999405290395279	0.9976190344416489	0.7241379268158196	0.0	
