0.0	0.28341940242600583	0.6040998733516406	0.9557691955145085	0.6040998733516406	-0.04886884491222998	-0.5003182096420404	-0.9204057808561239	-0.9968456462381678	-0.9557691955145087	-0.971505250350547	-0.7735489639333288	-0.6808315018535247	-0.8591128813658098	-0.9817340797371465	-0.9343633587900229	
-0.28341940242600583	0.0	0.3534700342788646	0.8332202183090434	0.3534700342788646	-0.3299458038308891	-0.7251995025570399	-0.9934724269215958	-0.9784645461370116	-0.8332202183090436	-0.9988452165872793	-0.9214436393944865	-0.8605024564049908	-0.96893599105091	-0.9954019898327644	-0.9970392466359019	
-0.6040998733516406	-0.3534700342788646	0.0	0.5839842178643175	0.0	-0.6423221009661787	-0.9217626976158537	-0.9696608701436844	-0.8423390975013622	-0.5839842178643176	-0.9173834694067695	-0.9992879973520217	-0.9850274478213277	-0.9938044023907289	-0.8972873240071108	-0.9598560713568748	
-0.9557691955145085	-0.8332202183090434	-0.5839842178643175	0.0	-0.5839842178643175	-0.9690004407382028	-0.9746971975803773	-0.6443794427042987	-0.36904433580252793	-0.0	-0.5122714643842331	-0.833220334646708	-0.9002882855100396	-0.7418297699746973	-0.47058837064202014	-0.6153740900223929	
-0.6040998733516406	-0.3534700342788646	0.0	0.5839842178643175	0.0	-0.6423221009661787	-0.9217626976158537	-0.9696608701436844	-0.8423390975013622	-0.5839842178643176	-0.9173834694067695	-0.9992879973520217	-0.9850274478213277	-0.9938044023907289	-0.8972873240071108	-0.9598560713568748	
0.04886884491222998	0.3299458038308891	0.6423221009661787	0.9690004407382028	0.6423221009661787	0.0	-0.4574077523310478	-0.9002001030115514	-0.9917761574544106	-0.969000440738203	-0.9587617024316348	-0.7416547582817019	-0.6442245467350216	-0.8330760192355263	-0.9712634077423701	-0.915833958257722	
0.5003182096420404	0.7251995025570399	0.9217626976158537	0.9746971975803773	0.9217626976158537	0.4574077523310478	0.0	-0.6013189887584821	-0.8234028258439925	-0.9746971975803775	-0.7225852290291687	-0.352700947939392	-0.2230391340434751	-0.48779975091012795	-0.7548365532147091	-0.6307364656482796	
0.9204057808561239	0.9934724269215958	0.9696608701436844	0.6443794427042987	0.9696608701436844	0.9002001030115514	0.6013189887584821	0.0	-0.3166834664067254	-0.6443794427042988	-0.16167124379346043	0.2808646310340131	0.4079611694020798	0.13516833309505233	-0.2087083402336254	-0.03734235288419352	
0.9968456462381678	0.9784645461370116	0.8423390975013622	0.36904433580252793	0.8423390975013622	0.9917761574544106	0.8234028258439925	0.3166834664067254	0.0	-0.369044335802528	0.15916716068390785	0.570345018339625	0.6760957053309079	0.44198854257767795	0.11174305214557267	0.28104219989964724	
0.9557691955145087	0.8332202183090436	0.5839842178643176	0.0	0.5839842178643176	0.969000440738203	0.9746971975803775	0.6443794427042988	0.369044335802528	0.0	0.5122714643842332	0.8332203346467082	0.9002882855100398	0.7418297699746974	0.47058837064202025	0.615374090022393	
0.971505250350547	0.9988452165872793	0.9173834694067695	0.5122714643842331	0.9173834694067695	0.9587617024316348	0.7225852290291687	0.16167124379346043	-0.15916716068390785	-0.5122714643842332	0.0	0.43233331982272644	0.5502000359674611	0.29357767953285796	-0.04785180569206732	0.1247073811036003	
0.7735489639333288	0.9214436393944865	0.9992879973520217	0.833220334646708	0.9992879973520217	0.7416547582817019	0.352700947939392	-0.2808646310340131	-0.570345018339625	-0.8332203346467082	-0.43233331982272644	0.0	0.13511046316540254	-0.14855958237454553	-0.4749866955683485	-0.31650796253332053	
0.6808315018535247	0.8605024564049908	0.9850274478213277	0.9002882855100396	0.9850274478213277	0.6442245467350216	0.2230391340434751	-0.4079611694020798	-0.6760957053309079	-0.9002882855100398	-0.5502000359674611	-0.13511046316540254	0.0	-0.2808085758281931	-0.5895275836244184	-0.441770170453637	
0.8591128813658098	0.96893599105091	0.9938044023907289	0.7418297699746973	0.9938044023907289	0.8330760192355263	0.48779975091012795	-0.13516833309505233	-0.44198854257767795	-0.7418297699746974	-0.29357767953285796	0.14855958237454553	0.2808085758281931	0.0	-0.3389845969390242	-0.17207370639148267	
0.9817340797371465	0.9954019898327644	0.8972873240071108	0.47058837064202014	0.8972873240071108	0.9712634077423701	0.7548365532147091	0.2087083402336254	-0.11174305214557267	-0.47058837064202025	0.04785180569206732	0.4749866955683485	0.5895275836244184	0.3389845969390242	0.0	0.17204277573844412	
0.9343633587900229	0.9970392466359019	0.9598560713568748	0.6153740900223929	0.9598560713568748	0.915833958257722	0.6307364656482796	0.03734235288419352	-0.28104219989964724	-0.615374090022393	-0.1247073811036003	0.31650796253332053	0.441770170453637	0.17207370639148267	-0.17204277573844412	0.0	
