0.0	0.6411185284498687	0.888809768797034	0.9411844255211141	0.995790798909959	0.9319771022012879	0.82882529968596	0.8517552366907479	0.4756825161994718	0.0	0.9833091474221035	0.9036932091180634	0.8466514946888098	0.44946719092230497	0.6311635363205623	0.7177446784410041	
-0.6411185284498687	0.0	0.3883003895586058	0.5056746903418113	0.7054496796128205	0.9476547143920141	0.9947858561881746	0.989580212862692	0.9289974671735113	0.6411185284498687	0.8712794076076817	0.419017526981224	0.30858601742394576	-0.22776921146691143	-0.012902121204088624	0.10441239975253264	
-0.888809768797034	-0.3883003895586058	0.0	0.13099968540285767	0.374883271709708	0.749311826808775	0.877126732644502	0.8560221638141636	0.9998062592495602	0.888809768797034	0.6123396944743804	0.0335701515102273	-0.08497779426090324	-0.5879907829577076	-0.4001577976745673	-0.289958516419951	
-0.9411844255211141	-0.5056746903418113	-0.13099968540285767	0.0	0.25020653816429383	0.6561043032295075	0.806654237645042	0.7809264533348661	0.9886117936796613	0.9411844255211141	0.5034951350807992	-0.09764499151355949	-0.2147713297322953	-0.6888851241005076	-0.5167635727491268	-0.4128316088083003	
-0.995790798909959	-0.7054496796128205	-0.374883271709708	-0.25020653816429383	0.0	0.4464118322595142	0.6331185925025542	0.5998023686037738	0.9195133586250703	0.995790798909959	0.2713022423275221	-0.3435500256454273	-0.45230779642266683	-0.8483407462912999	-0.7145354684565298	-0.6275904199137408	
-0.9319771022012879	-0.9476547143920141	-0.749311826808775	-0.6561043032295075	-0.4464118322595142	0.0	0.2209847799109217	0.17952411061916768	0.6473398754858666	0.9319771022012879	-0.18690006049147573	-0.7266587514537856	-0.8028752176837765	-0.9954717634799516	-0.9516954435146419	-0.9091363556570897	
-0.82882529968596	-0.9947858561881746	-0.877126732644502	-0.806654237645042	-0.6331185925025542	-0.2209847799109217	0.0	-0.04230878488340434	0.46290093300517093	0.82882529968596	-0.3993701704650386	-0.8605099851410821	-0.9147653790083297	-0.9918672773987067	-0.9960188873201496	-0.9786998629859138	
-0.8517552366907479	-0.989580212862692	-0.8560221638141636	-0.7809264533348661	-0.5998023686037738	-0.17952411061916768	0.04230878488340434	0.0	0.4999893743155331	0.8517552366907479	-0.36022430660916427	-0.8381859539599585	-0.8968541455423573	-0.9963640555453139	-0.9913555258806883	-0.9691376802201247	
-0.4756825161994718	-0.9289974671735113	-0.9998062592495602	-0.9886117936796613	-0.9195133586250703	-0.6473398754858666	-0.46290093300517093	-0.4999893743155331	0.0	0.4756825161994718	-0.7783885573962058	-0.9985819507578537	-0.997862473978397	-0.8202846903197656	-0.9241452458491517	-0.9625612237480416	
-0.0	-0.6411185284498687	-0.888809768797034	-0.9411844255211141	-0.995790798909959	-0.9319771022012879	-0.82882529968596	-0.8517552366907479	-0.4756825161994718	0.0	-0.9833091474221035	-0.9036932091180634	-0.8466514946888098	-0.44946719092230497	-0.6311635363205623	-0.7177446784410041	
-0.9833091474221035	-0.8712794076076817	-0.6123396944743804	-0.5034951350807992	-0.2713022423275221	0.18690006049147573	0.3993701704650386	0.36022430660916427	0.7783885573962058	0.9833091474221035	0.0	-0.5854541711595456	-0.6773077672439416	-0.960164196893184	-0.8775390834365353	-0.8152727885254935	
-0.9036932091180634	-0.419017526981224	-0.0335701515102273	0.09764499151355949	0.3435500256454273	0.7266587514537856	0.8605099851410821	0.8381859539599585	0.9985819507578537	0.9036932091180634	0.5854541711595456	0.0	-0.11837862076480032	-0.6148131787757359	-0.4306974937891075	-0.3219230366952926	
-0.8466514946888098	-0.30858601742394576	0.08497779426090324	0.2147713297322953	0.45230779642266683	0.8028752176837765	0.9147653790083297	0.8968541455423573	0.997862473978397	0.8466514946888098	0.6773077672439416	0.11837862076480032	0.0	-0.5171281425037132	-0.3208327837846257	-0.2075826101213969	
-0.44946719092230497	0.22776921146691143	0.5879907829577076	0.6888851241005076	0.8483407462912999	0.9954717634799516	0.9918672773987067	0.9963640555453139	0.8202846903197656	0.44946719092230497	0.960164196893184	0.6148131787757359	0.5171281425037132	0.0	0.21518726207060263	0.32819217994845346	
-0.6311635363205623	0.012902121204088624	0.4001577976745673	0.5167635727491268	0.7145354684565298	0.9516954435146419	0.9960188873201496	0.9913555258806883	0.9241452458491517	0.6311635363205623	0.8775390834365353	0.4306974937891075	0.3208327837846257	-0.21518726207060263	0.0	0.11723530823557743	
-0.7177446784410041	-0.10441239975253264	0.289958516419951	0.4128316088083003	0.6275904199137408	0.9091363556570897	0.9786998629859138	0.9691376802201247	0.9625612237480416	0.7177446784410041	0.8152727885254935	0.3219230366952926	0.2075826101213969	-0.32819217994845346	-0.11723530823557743	0.0	
