0.0	0.6262017297295678	0.750370911027952	0.9907645773275766	2.1073424255447017e-08	0.530863164897673	0.9824662263059767	0.9964025993715402	0.7649684133721439	0.7789237774076442	0.9999999999999964	0.778923750976571	0.5308629275878504	0.7649683862267156	0.3148164546434515	0.4724528482165215	
-0.6262017297295678	0.0	0.17110499300446974	0.687551796090384	0.6262017461596963	0.9445727305292628	0.6492412208037632	0.8299243240019685	0.9997324646583774	0.9999993078620337	0.7796610234281138	0.21459375205823328	-0.11678631575979609	0.1930996867889203	-0.34891084487715895	-0.18355352276172204	
-0.750370911027952	-0.17110499300446974	0.0	0.5531669509889872	0.7503709249578439	0.9868170796815321	0.5095272567994986	0.722229897841109	0.9889468774522368	0.9854534327937803	0.6610169531422891	0.04431026768796115	-0.28499817740937944	0.022367356805450822	-0.5041174446193171	-0.3490444931867656	
-0.9907645773275766	-0.687551796090384	-0.5531669509889872	0.0	0.9907645801849922	0.9116124285713623	-0.05150291551488326	0.2190687421382539	0.7418441760327034	0.7269437751381711	0.13559325088710342	-0.5157100669232434	-0.7676495948355531	-0.534394976014433	-0.897699731397109	-0.8091547958101517	
-2.1073424255447017e-08	-0.6262017461596963	-0.7503709249578439	-0.9907645801849922	0.0	-0.5308631470388404	-0.9824662302349193	-0.9964025975856546	-0.7649683997994299	-0.7789237641921075	-0.999999999999998	-0.7789237641921081	-0.5308629454466859	-0.7649683997994301	-0.3148164746453462	-0.4724528667897092	
-0.530863164897673	-0.9445727305292628	-0.9868170796815321	-0.9116124285713623	0.5308631470388404	0.0	-0.9315728926980602	-0.7994204534468039	-0.3063663890403463	-0.3271906673293083	-0.8474575953567423	-0.9930190007901756	-0.8997678727152745	-0.990190120913585	-0.7706637184875371	-0.8682631412443051	
-0.9824662263059767	-0.6492412208037632	-0.5095272567994986	0.05150291551488326	0.9824662302349193	0.9315728926980602	0.0	0.2690298839744268	0.7753960620711362	0.7613459042223913	0.1864405624237629	-0.47089983822134934	-0.7336241410794191	-0.4901536897738916	-0.8738157600775509	-0.7778180379532548	
-0.9964025993715402	-0.8299243240019685	-0.722229897841109	-0.2190687421382539	0.9964025975856546	0.7994204534468039	-0.2690298839744268	0.0	0.5769229242899206	0.5588520498985273	-0.08474593906413459	-0.6908732036007428	-0.8893974872133628	-0.7065787588272152	-0.9724174769561197	-0.9182237777126575	
-0.7649684133721439	-0.9997324646583774	-0.9889468774522368	-0.7418441760327034	0.7649683997994299	0.3063663890403463	-0.7753960620711362	-0.5769229242899206	0.0	-0.02195379413313414	-0.6440678609633422	-0.981405655935504	-0.9901900876755676	-0.9853830480300285	-0.9288348752739976	-0.9785011257041623	
-0.7789237774076442	-0.9999993078620337	-0.9854534327937803	-0.7269437751381711	0.7789237641921075	0.3271906673293083	-0.7613459042223913	-0.5588520498985273	0.02195379413313414	0.0	-0.6271186739862361	-0.9769551996555357	-0.993018972731279	-0.981405655935504	-0.9367447615811697	-0.9827930765789923	
-0.9999999999999964	-0.7796610234281138	-0.6610169531422891	-0.13559325088710342	0.999999999999998	0.8474575953567423	-0.1864405624237629	0.08474593906413459	0.6440678609633422	0.6271186739862361	0.0	-0.6271185756229375	-0.8474576545998421	-0.6440677643623417	-0.9491525428285912	-0.8813559077233608	
-0.778923750976571	-0.21459375205823328	-0.04431026768796115	0.5157100669232434	0.7789237641921081	0.9930190007901756	0.47089983822134934	0.6908732036007428	0.981405655935504	0.9769551996555357	0.6271185756229375	0.0	-0.3271908921148023	-0.021953794133134696	-0.5418902122903343	-0.3902250923666974	
-0.5308629275878504	0.11678631575979609	0.28499817740937944	0.7676495948355531	0.5308629454466859	0.8997678727152745	0.7336241410794191	0.8893974872133628	0.9901900876755676	0.993018972731279	0.8474576545998421	0.3271908921148023	0.0	0.3063666154803652	-0.23707628333186231	-0.06749539476228239	
-0.7649683862267156	-0.1930996867889203	-0.022367356805450822	0.534394976014433	0.7649683997994301	0.990190120913585	0.4901536897738916	0.7065787588272152	0.9853830480300285	0.981405655935504	0.6440677643623417	0.021953794133134696	-0.3063666154803652	0.0	-0.5233085588438866	-0.3699177567050869	
-0.3148164546434515	0.34891084487715895	0.5041174446193171	0.897699731397109	0.3148164746453462	0.7706637184875371	0.8738157600775509	0.9724174769561197	0.9288348752739976	0.9367447615811697	0.9491525428285912	0.5418902122903343	0.23707628333186231	0.5233085588438866	0.0	0.17096448010279303	
-0.4724528482165215	0.18355352276172204	0.3490444931867656	0.8091547958101517	0.4724528667897092	0.8682631412443051	0.7778180379532548	0.9182237777126575	0.9785011257041623	0.9827930765789923	0.8813559077233608	0.3902250923666974	0.06749539476228239	0.3699177567050869	-0.17096448010279303	0.0	
