0.0	0.4083331939099758	0.5711822525566576	0.8853679020723114	0.9932231694641376	0.9855316626583261	0.8639183617127197	0.49009215300410414	2.1073424255447017e-08	0.8050402072855277	0.9882969219852055	0.6795208431894786	0.6872803477599435	0.6380730707300226	0.5570059833887752	0.6012891782712122	
-0.4083331939099758	0.0	0.18622459720708917	0.6183625551305615	0.8591892194170605	0.9688347527440846	0.9942627621148159	0.8033043190494409	0.4083332131464918	0.977098750128826	0.8398618601348028	0.3207128384514043	0.3307620765285079	0.26804744235250916	0.1693292374789248	0.2226054962087453	
-0.5711822525566576	-0.18622459720708917	0.0	0.4611930624336685	0.7488762941869537	0.9057578101174384	0.99678987953627	0.9001618338592468	0.5711822698542144	0.9996326108663351	0.7240875767638564	0.13871511554414068	0.1492333293270341	0.08394870130770082	-0.017168233482250994	0.0371595401837716	
-0.8853679020723114	-0.6183625551305615	-0.4611930624336685	0.0	0.35884062814157397	0.6082271025535553	0.8475274001496633	0.9995886442466431	0.8853679118691573	0.8994741462044717	0.32439420847295086	-0.333652502279255	-0.3236139214777289	-0.3850774196912257	-0.4763584598707838	-0.4279028844237467	
-0.9932231694641376	-0.8591892194170605	-0.7488762941869537	-0.35884062814157397	0.0	0.2828840407296038	0.6006258435161624	0.9227233373330926	0.9932231719133494	0.6827641111314212	-0.03664605900473557	-0.6497085343532876	-0.6415919925974136	-0.6905991908500848	-0.760143477865534	-0.7237330876983146	
-0.9855316626583261	-0.9688347527440846	-0.9057578101174384	-0.6082271025535553	-0.2828840407296038	0.0	0.34991840691932086	0.7759925864996439	0.9855316590865613	0.4481899300639794	-0.3178432480214264	-0.8382143707290823	-0.8323707002799922	-0.8669834572852522	-0.9129001384255608	-0.8893841915841485	
-0.8639183617127197	-0.9942627621148159	-0.99678987953627	-0.8475274001496633	-0.6006258435161624	-0.34991840691932086	0.0	0.5062262304809342	0.8639183510994713	0.10704995818509389	-0.6295220398530645	-0.976047420178273	-0.9736799054535881	-0.9865501812851971	-0.9980174920963976	-0.9931263724647927	
-0.49009215300410414	-0.8033043190494409	-0.9001618338592468	-0.9995886442466431	-0.9227233373330926	-0.7759925864996439	-0.5062262304809342	0.0	0.4900921346350191	-0.41099731267418294	-0.936229247036845	-0.9518775071987213	-0.9550812408882441	-0.9335486586496415	-0.8925514434428907	-0.9157251787810827	
-2.1073424255447017e-08	-0.4083332131464918	-0.5711822698542144	-0.8853679118691573	-0.9932231719133494	-0.9855316590865613	-0.8639183510994713	-0.4900921346350191	0.0	-0.8050401947843455	-0.9882969251997966	-0.6795208586501269	-0.6872803630675158	-0.6380730869560496	-0.5570060008904326	-0.6012891951095417	
-0.8050402072855277	-0.977098750128826	-0.9996326108663351	-0.8994741462044717	-0.6827641111314212	-0.4481899300639794	-0.10704995818509389	0.41099731267418294	0.8050401947843455	0.0	-0.709080539060006	-0.9937282657219795	-0.9924835996139751	-0.9983793564361213	-0.9990199470137904	-0.9999493938619739	
-0.9882969219852055	-0.8398618601348028	-0.7240875767638564	-0.32439420847295086	0.03664605900473557	0.3178432480214264	0.6295220398530645	0.936229247036845	0.9882969251997966	0.709080539060006	0.0	-0.6214144038820566	-0.6130518235957825	-0.6636315095215934	-0.7358219258041271	-0.6979582489797	
-0.6795208431894786	-0.3207128384514043	-0.13871511554414068	0.333652502279255	0.6497085343532876	0.8382143707290823	0.976047420178273	0.9518775071987213	0.6795208586501269	0.9937282657219795	0.6214144038820566	0.0	0.010628805251506668	-0.05508834928572637	-0.1556969276241006	-0.10181901748663663	
-0.6872803477599435	-0.3307620765285079	-0.1492333293270341	0.3236139214777289	0.6415919925974136	0.8323707002799922	0.9736799054535881	0.9550812408882441	0.6872803630675158	0.9924835996139751	0.6130518235957825	-0.010628805251506668	0.0	-0.06569790273112663	-0.16618731833737277	-0.11238683270408473	
-0.6380730707300226	-0.26804744235250916	-0.08394870130770082	0.3850774196912257	0.6905991908500848	0.8669834572852522	0.9865501812851971	0.9335486586496415	0.6380730869560496	0.9983793564361213	0.6636315095215934	0.05508834928572637	0.06569790273112663	0.0	-0.10104395948018607	-0.0468623518928627	
-0.5570059833887752	-0.1693292374789248	0.017168233482250994	0.4763584598707838	0.760143477865534	0.9129001384255608	0.9980174920963976	0.8925514434428907	0.5570060008904326	0.9990199470137904	0.7358219258041271	0.1556969276241006	0.16618731833737277	0.10104395948018607	0.0	0.05431043959505788	
-0.6012891782712122	-0.2226054962087453	-0.0371595401837716	0.4279028844237467	0.7237330876983146	0.8893841915841485	0.9931263724647927	0.9157251787810827	0.6012891951095417	0.9999493938619739	0.6979582489797	0.10181901748663663	0.11238683270408473	0.0468623518928627	-0.05431043959505788	0.0	
