0.0	-0.883237119463271	-0.8364635305288765	-0.9929368545014492	-0.8948695805231259	-0.999217669372389	-0.6331718394675868	-0.684712167315993	-0.7298421049908237	-0.5893063982009971	-0.5570058843058822	-0.0	-0.5570058843058822	-0.5893063982009971	-0.3313643337072703	-0.997299169380395	
0.883237119463271	0.0	-0.8762739264329207	-0.5704053404155345	-0.025414972905223043	-0.4336294648093934	-0.9805466119023223	-0.9647949890973101	-0.9460372148721397	-0.9899172411448632	-0.9947308718550709	-0.883237119463271	-0.9947308718550709	-0.9899172411448632	-0.9887223256211644	-0.5325306906527321	
0.8364635305288765	0.8762739264329207	0.0	0.4449104353270742	0.8637456082794379	0.5806743694580538	-0.30043971331750874	-0.23438825081573544	-0.1718496861177155	-0.35283372060402496	-0.3894383015967744	-0.8364635305288765	-0.3894383015967744	-0.35283372060402496	-0.6076106060289046	0.4851072808435123	
0.9929368545014492	0.5704053404155345	-0.4449104353270742	0.0	0.5493461651010528	0.1578199273659321	-0.6934222491163935	-0.6424288702600225	-0.5921958786644086	-0.7322855671614885	-0.7585571271409488	-0.9929368545014492	-0.7585571271409488	-0.7322855671614885	-0.8975243826816308	0.045395989843261125	
0.8948695805231259	0.025414972905223043	-0.8637456082794379	-0.5493461651010528	0.0	-0.4105881866732511	-0.9752412700401731	-0.957799131583362	-0.9374957076211272	-0.985997532261749	-0.9918040006119726	-0.8948695805231259	-0.9918040006119726	-0.985997532261749	-0.992209111129841	-0.5108471716701435	
0.999217669372389	0.4336294648093934	-0.5806743694580538	-0.1578199273659321	0.4105881866732511	0.0	-0.798446440751801	-0.755322455391892	-0.7119447832804795	-0.8305835028236402	-0.8518873169390555	-0.999217669372389	-0.8518873169390555	-0.8305835028236402	-0.955869562744675	-0.11283014302045812	
0.6331718394675868	0.9805466119023223	0.30043971331750874	0.6934222491163935	0.9752412700401731	0.798446440751801	0.0	0.0685106824664598	0.13205975740456433	-0.055415841668618515	-0.09472580057858543	-0.6331718394675868	-0.09472580057858543	-0.055415841668618515	-0.34091972843857604	0.7254166185913515	
0.684712167315993	0.9647949890973101	0.23438825081573544	0.6424288702600225	0.957799131583362	0.755322455391892	-0.0685106824664598	0.0	0.06383881828353766	-0.1236910419784557	-0.16270584865739202	-0.684712167315993	-0.16270584865739202	-0.1236910419784557	-0.40452507016525013	0.6765555757587802	
0.7298421049908237	0.9460372148721397	0.1718496861177155	0.5921958786644086	0.9374957076211272	0.7119447832804795	-0.13205975740456433	-0.06383881828353766	0.0	-0.18678732556408695	-0.22536210670005663	-0.7298421049908237	-0.22536210670005663	-0.18678732556408695	-0.46208224611574045	0.628165184785117	
0.5893063982009971	0.9899172411448632	0.35283372060402496	0.7322855671614885	0.985997532261749	0.8305835028236402	0.055415841668618515	0.1236910419784557	0.18678732556408695	0.0	-0.03941358239095538	-0.5893063982009971	-0.03941358239095538	0.0	-0.2882998459690573	0.7624451965042861	
0.5570058843058822	0.9947308718550709	0.3894383015967744	0.7585571271409488	0.9918040006119726	0.8518873169390555	0.09472580057858543	0.16270584865739202	0.22536210670005663	0.03941358239095538	0.0	-0.5570058843058822	0.0	0.03941358239095538	-0.2503357432256015	0.7873554322690238	
0.0	0.883237119463271	0.8364635305288765	0.9929368545014492	0.8948695805231259	0.999217669372389	0.6331718394675868	0.684712167315993	0.7298421049908237	0.5893063982009971	0.5570058843058822	0.0	0.5570058843058822	0.5893063982009971	0.3313643337072703	0.997299169380395	
0.5570058843058822	0.9947308718550709	0.3894383015967744	0.7585571271409488	0.9918040006119726	0.8518873169390555	0.09472580057858543	0.16270584865739202	0.22536210670005663	0.03941358239095538	0.0	-0.5570058843058822	0.0	0.03941358239095538	-0.2503357432256015	0.7873554322690238	
0.5893063982009971	0.9899172411448632	0.35283372060402496	0.7322855671614885	0.985997532261749	0.8305835028236402	0.055415841668618515	0.1236910419784557	0.18678732556408695	0.0	-0.03941358239095538	-0.5893063982009971	-0.03941358239095538	0.0	-0.2882998459690573	0.7624451965042861	
0.3313643337072703	0.9887223256211644	0.6076106060289046	0.8975243826816308	0.992209111129841	0.955869562744675	0.34091972843857604	0.40452507016525013	0.46208224611574045	0.2882998459690573	0.2503357432256015	-0.3313643337072703	0.2503357432256015	0.2882998459690573	0.0	0.9166171334544901	
0.997299169380395	0.5325306906527321	-0.4851072808435123	-0.045395989843261125	0.5108471716701435	0.11283014302045812	-0.7254166185913515	-0.6765555757587802	-0.628165184785117	-0.7624451965042861	-0.7873554322690238	-0.997299169380395	-0.7873554322690238	-0.7624451965042861	-0.9166171334544901	0.0	
