0.0	0.8785051443564751	0.9051457992456514	0.9690247862460446	0.8953594295001868	0.6032250485418326	0.6625836420063022	0.7097500399837932	2.1073424255447027e-08	0.8095546538150444	0.9847299147692266	0.9775881929644538	0.9658479790002884	0.9213795263196254	0.9999262361580766	0.8266251019676637	
-0.8785051443564751	0.0	0.058964271181237427	0.24597631540919704	0.8189798509292896	0.9888506929053862	0.9745277446151867	0.957937051083243	0.8785051544239432	0.9024725082815248	0.6233759851343292	0.6519744714538177	0.689046284776285	0.7816166964337417	0.48836785994584214	-0.09947541045248193	
-0.9051457992456514	-0.058964271181237427	0.0	0.1883956962485894	0.783719890489762	0.9783497921899122	0.9596084190910409	0.9393488577756256	0.9051458082039909	0.8755035808305185	0.5761858946551965	0.6061309739151902	0.6451149792783533	0.7434772594586916	0.4360636902668642	-0.15797414217602634	
-0.9690247862460446	-0.24597631540919704	-0.1883956962485894	0.0	0.6526706932049277	0.9218406536620436	0.889421833810455	0.857915347801921	0.9690247914504112	0.7687911253580421	0.4118889308299096	0.445433795873933	0.48961261577373943	0.6041722289506605	0.25871492193571294	-0.34117538990254453	
-0.8953594295001868	-0.8189798509292896	-0.783719890489762	-0.6526706932049277	0.0	0.4454699377038919	0.37553559613349413	0.31465608526912914	0.8953594201152589	0.1650853400070042	-0.2826715289996729	-0.24686655863984797	-0.19813878899138512	-0.062337014256104384	-0.4344364672346472	-0.871998934163408	
-0.6032250485418326	-0.9888506929053862	-0.9783497921899122	-0.9218406536620436	-0.4454699377038919	0.0	-0.07664923522351524	-0.1411320075748813	0.60322503173428	-0.2915573794865129	-0.6803771764928966	-0.6527012772569354	-0.614031082412275	-0.5004137041276817	-0.7901854985329556	-0.998758937029735	
-0.6625836420063022	-0.9745277446151867	-0.9596084190910409	-0.889421833810455	-0.37553559613349413	0.07664923522351524	0.0	-0.06483477752216804	0.662583626222562	-0.21738057062518168	-0.6222022669269531	-0.5927104700593467	-0.5517268269309392	-0.43257968013522174	-0.7408850233879064	-0.9920031562807774	
-0.7097500399837932	-0.957937051083243	-0.9393488577756256	-0.857915347801921	-0.31465608526912914	0.1411320075748813	0.06483477752216804	0.0	0.7097500251385436	-0.15363882590361322	-0.5701368324488946	-0.5392444729580075	-0.4964921826918829	-0.37321478073463277	-0.6957811069967335	-0.9817329979417613	
-2.1073424255447027e-08	-0.8785051544239432	-0.9051458082039909	-0.9690247914504112	-0.8953594201152589	-0.60322503173428	-0.662583626222562	-0.7097500251385436	0.0	-0.8095546414440065	-0.9847299111005745	-0.9775881885279438	-0.9658479735399663	-0.9213795181291425	-0.9999262359021217	-0.8266251138267966	
-0.8095546538150444	-0.9024725082815248	-0.8755035808305185	-0.7687911253580421	-0.1650853400070042	0.2915573794865129	0.21738057062518168	0.15363882590361322	0.8095546414440065	0.0	-0.43714570004130815	-0.4034552367893365	-0.35723253723495474	-0.2262459808872651	-0.5771684638462256	-0.9408450433817941	
-0.9847299147692266	-0.6233759851343292	-0.5761858946551965	-0.4118889308299096	0.2826715289996729	0.6803771764928966	0.6222022669269531	0.5701368324488946	0.9847299111005745	0.43714570004130815	0.0	0.03712415695119764	0.08700922740354608	0.22232706799045293	-0.16211579674986398	-0.6980660883683123	
-0.9775881929644538	-0.6519744714538177	-0.6061309739151902	-0.445433795873933	0.24686655863984797	0.6527012772569354	0.5927104700593467	0.5392444729580075	0.9775881885279438	0.4034552367893365	-0.03712415695119764	0.0	0.04996588474393296	0.18597879047889107	-0.19863711297151473	-0.7241670180093075	
-0.9658479790002884	-0.689046284776285	-0.6451149792783533	-0.48961261577373943	0.19813878899138512	0.614031082412275	0.5517268269309392	0.4964921826918829	0.9658479735399663	0.35723253723495474	-0.08700922740354608	-0.04996588474393296	0.0	0.1366523211561604	-0.2473592203001283	-0.7577201839233418	
-0.9213795263196254	-0.7816166964337417	-0.7434772594586916	-0.6041722289506605	0.062337014256104384	0.5004137041276817	0.43257968013522174	0.37321478073463277	0.9213795181291425	0.2262459808872651	-0.22232706799045293	-0.18597879047889107	-0.1366523211561604	0.0	-0.37744445328156495	-0.8397885802851537	
-0.9999262361580766	-0.48836785994584214	-0.4360636902668642	-0.25871492193571294	0.4344364672346472	0.7901854985329556	0.7408850233879064	0.6957811069967335	0.9999262359021217	0.5771684638462256	0.16211579674986398	0.19863711297151473	0.2473592203001283	0.37744445328156495	0.0	-0.5727515746741261	
-0.8266251019676637	0.09947541045248193	0.15797414217602634	0.34117538990254453	0.871998934163408	0.998758937029735	0.9920031562807774	0.9817329979417613	0.8266251138267966	0.9408450433817941	0.6980660883683123	0.7241670180093075	0.7577201839233418	0.8397885802851537	0.5727515746741261	0.0	
