0.0	0.5243880616171505	0.62527641654304	0.7698918178030101	0.9966818933913222	0.9865272524608224	0.9488670545471098	0.9983222094507407	0.689107003297403	0.9695039723969079	0.845210886441599	0.5762402006384328	0.10800845539167325	-0.09718421386908727	-0.31131225650610395	-0.689107003297403	
-0.5243880616171505	0.0	0.12317578036674912	0.3208959730889608	0.8059713449669713	0.7542193119856581	0.6424040402896336	0.8196871099777364	0.9667632582993302	0.9540273727493389	0.4394294059880349	0.062084579660561356	-0.429353404252741	-0.6046561796506138	-0.763405972083913	-0.9667632582993302	
-0.62527641654304	-0.12317578036674912	0.0	0.20179074701657093	0.7269193033226178	0.6675958324287928	0.5431143025999415	0.7428885783659624	0.9908939789840072	0.9098441468645768	0.3254371071332911	-0.061326363533945355	-0.5373283727166573	-0.6981595018407886	-0.8371541089351044	-0.9908939789840072	
-0.7698918178030101	-0.3208959730889608	-0.20179074701657093	0.0	0.5733912723080352	0.5036244602044198	0.36250634111578744	0.592524592024916	0.9976799592238921	0.8073943298751339	0.12793642573645297	-0.2614757277303319	-0.6964596984693356	-0.8282679454585486	-0.9303056224790229	-0.9976799592238921	
-0.9966818933913222	-0.8059713449669713	-0.7269193033226178	-0.5733912723080352	0.0	-0.08275543969560606	-0.2373951469569534	0.023547841385974655	0.7783452110074205	0.32317552598886207	-0.46386338736230204	-0.7676652894893757	-0.9820598935001019	-0.9998743541307249	-0.9724938245719039	-0.7783452110074205	
-0.9865272524608224	-0.7542193119856581	-0.6675958324287928	-0.5036244602044198	0.08275543969560606	0.0	-0.15619113058586953	0.10619956213382875	0.8276322876997594	0.400381700404823	-0.38895868087823915	-0.7119982036201767	-0.9630861839013716	-0.9977564841206432	-0.988434173422909	-0.8276322876997594	
-0.9488670545471098	-0.6424040402896336	-0.5431143025999415	-0.36250634111578744	0.2373951469569534	0.15619113058586953	0.0	0.260204003142232	0.9051401375785917	0.5385932572957008	-0.24029304141101746	-0.5935852541574066	-0.9092204858969903	-0.9750542279320833	-0.9999894413434935	-0.9051401375785917	
-0.9983222094507407	-0.8196871099777364	-0.7428885783659624	-0.592524592024916	-0.023547841385974655	-0.10619956213382875	-0.260204003142232	0.0	0.763345189073286	0.30080167139428604	-0.484595954686247	-0.7825430821389525	-0.9862279782401497	-0.9992238271198224	-0.9667391957002295	-0.763345189073286	
-0.689107003297403	-0.9667632582993302	-0.9908939789840072	-0.9976799592238921	-0.7783452110074205	-0.8276322876997594	-0.9051401375785917	-0.763345189073286	0.0	-0.5336770530712523	-0.9807716594827073	-0.980771632567964	-0.7633450746075966	-0.6154195801745119	-0.42926825904376426	-0.0	
-0.9695039723969079	-0.9540273727493389	-0.9098441468645768	-0.8073943298751339	-0.32317552598886207	-0.400381700404823	-0.5385932572957008	-0.30080167139428604	0.5336770530712523	0.0	-0.7252754106276287	-0.9335789921921406	-0.9903025868204012	-0.941097259829824	-0.8450320301746499	-0.5336770530712523	
-0.845210886441599	-0.4394294059880349	-0.3254371071332911	-0.12793642573645297	0.46386338736230204	0.38895868087823915	0.24029304141101746	0.484595954686247	0.9807716594827073	0.7252754106276287	0.0	-0.3828125412402601	-0.7825431065957826	-0.8931484496016622	-0.9695859147872596	-0.9807716594827073	
-0.5762402006384328	-0.062084579660561356	0.061326363533945355	0.2614757277303319	0.7676652894893757	0.7119982036201767	0.5935852541574066	0.7825430821389525	0.980771632567964	0.9335789921921406	0.3828125412402601	0.0	-0.4845959890477055	-0.6529392682120423	-0.8020348873634509	-0.980771632567964	
-0.10800845539167325	0.429353404252741	0.5373283727166573	0.6964596984693356	0.9820598935001019	0.9630861839013716	0.9092204858969903	0.9862279782401497	0.7633450746075966	0.9903025868204012	0.7825431065957826	0.4845959890477055	0.0	-0.20411287156563157	-0.41213233636856733	-0.7633450746075966	
0.09718421386908727	0.6046561796506138	0.6981595018407886	0.8282679454585486	0.9998743541307249	0.9977564841206432	0.9750542279320833	0.9992238271198224	0.6154195801745119	0.941097259829824	0.8931484496016622	0.6529392682120423	0.20411287156563157	0.0	-0.21748372776784297	-0.6154195801745119	
0.31131225650610395	0.763405972083913	0.8371541089351044	0.9303056224790229	0.9724938245719039	0.988434173422909	0.9999894413434935	0.9667391957002295	0.42926825904376426	0.8450320301746499	0.9695859147872596	0.8020348873634509	0.41213233636856733	0.21748372776784297	0.0	-0.42926825904376426	
0.689107003297403	0.9667632582993302	0.9908939789840072	0.9976799592238921	0.7783452110074205	0.8276322876997594	0.9051401375785917	0.763345189073286	0.0	0.5336770530712523	0.9807716594827073	0.980771632567964	0.7633450746075966	0.6154195801745119	0.42926825904376426	0.0	
