0.0	0.5574330265632449	0.6351201617427968	0.3925471721270954	0.7239395299168796	0.7928813288101677	0.8697903416280495	0.9956558525866235	0.4528259478552246	0.9126029143373964	0.9597765071007037	0.8266599533111721	0.6142049526730383	0.5901249800826839	0.3990220835611393	-0.4528259478552245	
-0.5574330265632449	0.0	0.09672196383819648	-0.1867876581669809	0.21647779800185185	0.31858110298679804	0.4470695676631146	0.8785177470234911	0.8729527164480395	0.98556779079753	0.640319731130482	0.37264263554922333	0.0700300600073267	0.03991237129825437	-0.1798564963117223	-0.8729527164480393	
-0.6351201617427968	-0.09672196383819648	0.0	-0.28093158028207876	0.12103438051197785	0.22540509165500597	0.3584557366230047	0.8281937420547256	0.91604126626485	0.9645736850858074	0.5630245924342316	0.281139920642746	-0.026782780121618444	-0.0569196544824529	-0.2741579333880696	-0.9160412662648498	
-0.3925471721270954	0.1867876581669809	0.28093158028207876	0.0	0.3950263195548623	0.49002937512957323	0.6062826912550294	0.9522863859990816	0.7664730976448332	0.9998417457587228	0.772523487695826	0.5394185045548958	0.2551266250601131	0.2258487487145927	0.00705060759257814	-0.766473097644833	
-0.7239395299168796	-0.21647779800185185	-0.12103438051197785	-0.3950263195548623	0.0	0.10582840805605392	0.2428292338719214	0.7542723847211977	0.9578517771133123	0.9255519304377147	0.4588577427803596	0.16292039346375484	-0.14757684427476686	-0.17733935416086083	-0.3885393205550558	-0.957851777113312	
-0.7928813288101677	-0.31858110298679804	-0.22540509165500597	-0.49002937512957323	-0.10582840805605392	0.0	0.13880474028104775	0.6805538259365252	0.9828734462593698	0.8802855826229007	0.3622514121097501	0.05759104106663593	-0.2514177624374482	-0.2804944910205084	-0.4838711386562867	-0.9828734462593696	
-0.8697903416280495	-0.4470695676631146	-0.3584557366230047	-0.6062826912550294	-0.2428292338719214	-0.13880474028104775	0.0	0.5722639394358208	0.9989381938190937	0.8059091113854157	0.22936755361754751	-0.0815408138479638	-0.3833301269346836	-0.4110117515975365	-0.6006606315040826	-0.9989381938190934	
-0.9956558525866235	-0.8785177470234911	-0.8281937420547256	-0.9522863859990816	-0.7542723847211977	-0.6805538259365252	-0.5722639394358208	0.0	0.8455631927037525	0.32209875310876884	-0.36890998028100613	-0.6372274368448916	-0.8429068421484902	-0.858751202529427	-0.9501108291098938	-0.8455631927037522	
-0.4528259478552246	-0.8729527164480395	-0.91604126626485	-0.7664730976448332	-0.9578517771133123	-0.9828734462593698	-0.9989381938190937	-0.8455631927037525	0.0	-0.6285392277990626	-0.9828734462593697	-0.9918551123113647	-0.9049705158317483	-0.89172658123145	-0.7709824852635778	-0.0	
-0.9126029143373964	-0.98556779079753	-0.9645736850858074	-0.9998417457587228	-0.9255519304377147	-0.8802855826229007	-0.8059091113854157	-0.32209875310876884	0.6285392277990626	0.0	-0.6486288787988993	-0.8515008011697686	-0.9712933314824492	-0.9780260597597885	-0.9999423240275649	-0.6285392277990625	
-0.9597765071007037	-0.640319731130482	-0.5630245924342316	-0.772523487695826	-0.4588577427803596	-0.3622514121097501	-0.22936755361754751	0.36890998028100613	0.9828734462593697	0.6486288787988993	0.0	-0.3079706865499742	-0.584956987172216	-0.6091524830501848	-0.7680272475241563	-0.9828734462593695	
-0.8266599533111721	-0.37264263554922333	-0.281139920642746	-0.5394185045548958	-0.16292039346375484	-0.05759104106663593	0.0815408138479638	0.6372274368448916	0.9918551123113647	0.8515008011697686	0.3079706865499742	0.0	-0.3067416138753519	-0.33530802801524456	-0.5334682186624721	-0.9918551123113645	
-0.6142049526730383	-0.0700300600073267	0.026782780121618444	-0.2551266250601131	0.14757684427476686	0.2514177624374482	0.3833301269346836	0.8429068421484902	0.9049705158317483	0.9712933314824492	0.584956987172216	0.3067416138753519	0.0	-0.030159877225703458	-0.24830299724878446	-0.904970515831748	
-0.5901249800826839	-0.03991237129825437	0.0569196544824529	-0.2258487487145927	0.17733935416086083	0.2804944910205084	0.4110117515975365	0.858751202529427	0.89172658123145	0.9780260597597885	0.6091524830501848	0.33530802801524456	0.030159877225703458	0.0	-0.21897469838045674	-0.8917265812314498	
-0.3990220835611393	0.1798564963117223	0.2741579333880696	-0.00705060759257814	0.3885393205550558	0.4838711386562867	0.6006606315040826	0.9501108291098938	0.7709824852635778	0.9999423240275649	0.7680272475241563	0.5334682186624721	0.24830299724878446	0.21897469838045674	0.0	-0.7709824852635776	
0.4528259478552245	0.8729527164480393	0.9160412662648498	0.766473097644833	0.957851777113312	0.9828734462593696	0.9989381938190934	0.8455631927037522	0.0	0.6285392277990625	0.9828734462593695	0.9918551123113645	0.904970515831748	0.8917265812314498	0.7709824852635776	0.0	
