0.0	-0.2710054749813118	-0.4164007444874853	0.025414443582559773	-0.07664116246978378	0.1765322585473774	0.5910518035915155	0.994859406801396	0.5673211447379237	-0.9948594046673783	-0.9470311136092744	-0.7610005095888577	-0.10232336728388708	0.0	-0.28411466123140333	-0.15389615917286176	
0.2710054749813118	0.0	-0.15442503721287637	0.29538131979060916	0.19643529556519293	0.43667532883045845	0.7875354703528741	0.9301860008861383	0.7692628412809817	-0.9301859931503249	-0.8245599395002577	-0.556707051844129	0.1710888161512783	0.2710054749813118	-0.013645043778417965	0.11963996673181365	
0.4164007444874853	0.15442503721287637	0.0	0.43937258123931044	0.3454952992734067	0.570360917762003	0.8732560086367291	0.8623402991399147	0.8587023230589759	-0.8623402884698251	-0.7272991725912225	-0.4217468257603761	0.3211846558651196	0.4164007444874853	0.14092929579418784	0.2715206817495011	
-0.025414443582559773	-0.29538131979060916	-0.43937258123931044	0.0	-0.10195610055214444	0.1514599327180179	0.5703607502379537	0.9971116818393632	0.5462091915601325	-0.997111680238851	-0.9548868640962135	-0.7772423599084204	-0.12757136490250426	-0.025414443582559773	-0.30839001469202365	-0.1789581328394011	
0.07664116246978378	-0.19643529556519293	-0.3454952992734067	0.10195610055214444	0.0	0.2514505332878818	0.6511347037510606	0.9841721391801038	0.6287662459930428	-0.9841721354455737	-0.9196329668903268	-0.7090411573716755	-0.025783520206390353	0.07664116246978378	-0.20979620236249896	-0.07771537230658895	
-0.1765322585473774	-0.43667532883045845	-0.570360917762003	-0.1514599327180179	-0.2514505332878818	0.0	0.4393723980292563	0.9971116746557459	0.41303756188217056	-0.9971116762562587	-0.9888497438615056	-0.8635744151283422	-0.2763220381000691	-0.1765322585473774	-0.44891001826064486	-0.32590843213903636	
-0.5910518035915155	-0.7875354703528741	-0.8732560086367291	-0.5703607502379537	-0.6511347037510606	-0.4393723980292563	0.0	0.8623403545153585	-0.029108877646439435	-0.862340365185445	-0.9537185700841325	-0.997294195668511	-0.6704869506975326	-0.5910518035915155	-0.7958711743612377	-0.7081484321724567	
-0.994859406801396	-0.9301860008861383	-0.8623402991399147	-0.9971116818393632	-0.9841721391801038	-0.9971116746557459	-0.8623403545153585	0.0	-0.8767136056038081	-2.1073424255447027e-08	-0.22358910646994962	-0.5683529948521896	-0.9792757211857703	-0.994859406801396	-0.9250904631431206	-0.9674232566828078	
-0.5673211447379237	-0.7692628412809817	-0.8587023230589759	-0.5462091915601325	-0.6287662459930428	-0.41303756188217056	0.029108877646439435	0.8767136056038081	0.0	-0.8767136157403929	-0.9620674876484414	-0.9947316832078887	-0.6486063327287434	-0.5673211447379237	-0.7779094858014197	-0.6872956332822792	
0.9948594046673783	0.9301859931503249	0.8623402884698251	0.997111680238851	0.9841721354455737	0.9971116762562587	0.862340365185445	2.1073424255447027e-08	0.8767136157403929	0.0	0.22358908593003068	0.5683529775132955	0.9792757169177346	0.9948594046673783	0.9250904551405544	0.9674232513477652	
0.9470311136092744	0.8245599395002577	0.7272991725912225	0.9548868640962135	0.9196329668903268	0.9888497438615056	0.9537185700841325	0.22358910646994962	0.9620674876484414	-0.22358908593003068	0.0	0.3699985577453253	0.909200013910765	0.9470311136092744	0.8167631553814312	0.8863266642109975	
0.7610005095888577	0.556707051844129	0.4217468257603761	0.7772423599084204	0.7090411573716755	0.8635744151283422	0.997294195668511	0.5683529948521896	0.9947316832078887	-0.5683529775132955	-0.3699985577453253	0.0	0.6906237463444623	0.7610005095888577	0.5453201644036185	0.6520944004011335	
0.10232336728388708	-0.1710888161512783	-0.3211846558651196	0.12757136490250426	0.025783520206390353	0.2763220381000691	0.6704869506975326	0.9792757211857703	0.6486063327287434	-0.9792757169177346	-0.909200013910765	-0.6906237463444623	0.0	0.10232336728388708	-0.1845167440653897	-0.051983995623533785	
0.0	-0.2710054749813118	-0.4164007444874853	0.025414443582559773	-0.07664116246978378	0.1765322585473774	0.5910518035915155	0.994859406801396	0.5673211447379237	-0.9948594046673783	-0.9470311136092744	-0.7610005095888577	-0.10232336728388708	0.0	-0.28411466123140333	-0.15389615917286176	
0.28411466123140333	0.013645043778417965	-0.14092929579418784	0.30839001469202365	0.20979620236249896	0.44891001826064486	0.7958711743612377	0.9250904631431206	0.7779094858014197	-0.9250904551405544	-0.8167631553814312	-0.5453201644036185	0.1845167440653897	0.28411466123140333	0.0	0.133175864618523	
0.15389615917286176	-0.11963996673181365	-0.2715206817495011	0.1789581328394011	0.07771537230658895	0.32590843213903636	0.7081484321724567	0.9674232566828078	0.6872956332822792	-0.9674232513477652	-0.8863266642109975	-0.6520944004011335	0.051983995623533785	0.15389615917286176	-0.133175864618523	0.0	
