0.0	0.8318503202747567	0.20675898611683885	-0.6622190715113169	-0.9889279799352779	-0.9590333047424402	-0.9389005071635665	-0.76571807039696	-0.7101568049582798	-0.4466657079048598	-0.6158256223957924	-0.8318503202747567	-0.9889279799352779	-0.888802777828918	-0.6039111396176162	-0.5756228153362731	
-0.8318503202747567	0.0	-0.6991243747187041	-0.990845610850755	-0.4254115907881243	-0.29660586137091965	-0.8074032711105955	-0.960000025207795	-0.9797959031966447	-0.9921567369557959	-0.9971835388023008	-0.0	-0.4254115907881243	-0.8745141681834927	-0.9981983785105156	-0.9996874517155783	
-0.20675898611683885	0.6991243747187041	0.0	-0.802836414097175	-0.9368768705292717	-0.879736977734312	-0.9897767562848336	-0.8821548554778615	-0.8403789993543082	-0.6220015694390126	-0.7654205872494897	-0.6991243747187041	-0.9368768705292717	-0.9643529965719757	-0.7556593623087268	-0.732254697690132	
0.6622190715113169	0.990845610850755	0.802836414097175	0.0	-0.8392847399204107	-0.9062157748438298	-0.47559950675721935	-0.14783676926081035	-0.06589673476969699	0.2577968075730955	0.06030633272480311	-0.990845610850755	-0.8392847399204107	-0.3625007570426594	0.07530597733814938	0.11018659698878185	
0.9889279799352779	0.4254115907881243	0.9368768705292717	0.8392847399204107	0.0	-0.13783975995692876	0.47970712737900295	0.749684802715224	0.8016329752335147	0.9510782998138978	0.8705452499456899	-0.4254115907881243	0.0	0.5851107035609655	0.8778448353478799	0.894081851624382	
0.9590333047424402	0.29660586137091965	0.879736977734312	0.9062157748438298	0.13783975995692876	0.0	0.5960726606686078	0.8337503899276136	0.8763839051380289	0.9845854082940052	0.9300648405254007	-0.29660586137091965	0.13783975995692876	0.6913071801912001	0.9354830875303118	0.9472863571183061	
0.9389005071635665	0.8074032711105955	0.9897767562848336	0.47559950675721935	-0.47970712737900295	-0.5960726606686078	0.0	0.3403271344105867	0.41659891768616114	0.6862978782885695	0.52778306103861	-0.8074032711105955	-0.47970712737900295	0.12437276673017483	0.5404928306062058	0.5696304970296855	
0.76571807039696	0.960000025207795	0.8821548554778615	0.14783676926081035	-0.749684802715224	-0.8337503899276136	-0.3403271344105867	0.0	0.08234279178316753	0.39780383951251463	0.2072113671637589	-0.960000025207795	-0.749684802715224	-0.22073609067506797	0.22189548108763033	0.25591242090811345	
0.7101568049582798	0.9797959031966447	0.8403789993543082	0.06589673476969699	-0.8016329752335147	-0.8763839051380289	-0.41659891768616114	-0.08234279178316753	0.0	0.3209058422224069	0.12595205100276374	-0.9797959031966447	-0.8016329752335147	-0.30029817481602405	0.14085191512182882	0.17544258487033643	
0.4466657079048598	0.9921567369557959	0.6220015694390126	-0.2577968075730955	-0.9510782998138978	-0.9845854082940052	-0.6862978782885695	-0.39780383951251463	-0.3209058422224069	0.0	-0.19905966824065852	-0.9921567369557959	-0.9510782998138978	-0.5905102899776855	-0.18430421506209044	-0.14976486495317146	
0.6158256223957924	0.9971835388023008	0.7654205872494897	-0.06030633272480311	-0.8705452499456899	-0.9300648405254007	-0.52778306103861	-0.2072113671637589	-0.12595205100276374	0.19905966824065852	0.0	-0.9971835388023008	-0.8705452499456899	-0.41804548114179574	0.01503382290043901	0.05004692566312982	
0.8318503202747567	0.0	0.6991243747187041	0.990845610850755	0.4254115907881243	0.29660586137091965	0.8074032711105955	0.960000025207795	0.9797959031966447	0.9921567369557959	0.9971835388023008	0.0	0.4254115907881243	0.8745141681834927	0.9981983785105156	0.9996874517155783	
0.9889279799352779	0.4254115907881243	0.9368768705292717	0.8392847399204107	0.0	-0.13783975995692876	0.47970712737900295	0.749684802715224	0.8016329752335147	0.9510782998138978	0.8705452499456899	-0.4254115907881243	0.0	0.5851107035609655	0.8778448353478799	0.894081851624382	
0.888802777828918	0.8745141681834927	0.9643529965719757	0.3625007570426594	-0.5851107035609655	-0.6913071801912001	-0.12437276673017483	0.22073609067506797	0.30029817481602405	0.5905102899776855	0.41804548114179574	-0.8745141681834927	-0.5851107035609655	0.0	0.43165535310057107	0.4629855481417243	
0.6039111396176162	0.9981983785105156	0.7556593623087268	-0.07530597733814938	-0.8778448353478799	-0.9354830875303118	-0.5404928306062058	-0.22189548108763033	-0.14085191512182882	0.18430421506209044	-0.01503382290043901	-0.9981983785105156	-0.8778448353478799	-0.43165535310057107	0.0	0.03502628611723804	
0.5756228153362731	0.9996874517155783	0.732254697690132	-0.11018659698878185	-0.894081851624382	-0.9472863571183061	-0.5696304970296855	-0.25591242090811345	-0.17544258487033643	0.14976486495317146	-0.05004692566312982	-0.9996874517155783	-0.894081851624382	-0.4629855481417243	-0.03502628611723804	0.0	
