0.0	-0.6005805611818071	0.3507358697494382	0.5651078460676429	0.7684653498471569	0.9861583739618944	0.6005805611818071	0.9304036048809544	0.8310887182960732	0.8060590749841076	0.7033336949890979	0.7456430444562405	0.9468795570886447	0.8008708675824119	0.1515010452910573	0.609381194949334	
0.6005805611818071	0.0	0.8428641985850998	0.947329230047184	0.9987437581167535	0.8880768986160605	0.0	0.5237826600833237	0.9985156159193864	0.9999406669444917	0.9892890803876044	0.996383732056488	0.9502307894382319	0.9999976265190347	0.7147829378421804	0.9634261671954499	
-0.3507358697494382	-0.8428641985850998	0.0	0.2398459751458477	0.4952152796856948	0.8653579514531794	0.8428641985850998	0.9998567398902101	0.5832351330229271	0.5472759159626186	0.40932997338069954	0.46456434034447286	0.7739358991759211	0.5399614400645025	-0.20481050538838186	0.29257936267095386	
-0.5651078460676429	-0.947329230047184	-0.2398459751458477	0.0	0.27238935929573516	0.7198991404912738	0.947329230047184	0.9747315807987305	0.37138335977492554	0.3305618250349889	0.1785498121570457	0.23861109695840776	0.5994596401341454	0.3223245806994054	-0.433593916710443	0.054688636546824876	
-0.7684653498471569	-0.9987437581167535	-0.4952152796856948	-0.27238935929573516	0.0	0.5036180247453576	0.9987437581167535	0.877027998946379	0.10443231396083903	0.060985515901097874	-0.09621397236495975	-0.034932926836123	0.358770538402794	0.052284832669934875	-0.662650812870029	-0.21936101560986038	
-0.9861583739618944	-0.8880768986160605	-0.8653579514531794	-0.7198991404912738	-0.5036180247453576	0.0	0.8880768986160605	0.5157297980094149	-0.41064240285457776	-0.44999361655550346	-0.5844033707393946	-0.5334901249902131	-0.16013869911048778	-0.45775893331985323	-0.949655446983944	-0.6808635630557242	
-0.6005805611818071	-0.0	-0.8428641985850998	-0.947329230047184	-0.9987437581167535	-0.8880768986160605	0.0	-0.5237826600833237	-0.9985156159193864	-0.9999406669444917	-0.9892890803876044	-0.996383732056488	-0.9502307894382319	-0.9999976265190347	-0.7147829378421804	-0.9634261671954499	
-0.9304036048809544	-0.5237826600833237	-0.9998567398902101	-0.9747315807987305	-0.877027998946379	-0.5157297980094149	0.5237826600833237	0.0	-0.8220590223157591	-0.8460957073149682	-0.9191841505626993	-0.893275862602842	-0.6462730961655273	-0.8507087245294443	-0.9751947355993635	-0.9610565392995531	
-0.8310887182960732	-0.9985156159193864	-0.5832351330229271	-0.37138335977492554	-0.10443231396083903	0.41064240285457776	0.9985156159193864	0.8220590223157591	0.0	-0.04358588211103779	-0.19963569243534485	-0.139110488108795	0.25932896489636814	-0.05229053375466753	-0.737239772210831	-0.3200502841527225	
-0.8060590749841076	-0.9999406669444917	-0.5472759159626186	-0.3305618250349889	-0.060985515901097874	0.44999361655550346	0.9999406669444917	0.8460957073149682	0.04358588211103779	0.0	-0.15673746881175288	-0.0958161984153049	0.3011772880550635	-0.00871458833293998	-0.7070911795491981	-0.2784528462175043	
-0.7033336949890979	-0.9892890803876044	-0.40932997338069954	-0.1785498121570457	0.09621397236495975	0.5844033707393946	0.9892890803876044	0.9191841505626993	0.19963569243534485	0.15673746881175288	0.0	0.061384387434495466	0.4469146878711515	0.14812463840789614	-0.5875191736469431	-0.12447276668217733	
-0.7456430444562405	-0.996383732056488	-0.46456434034447286	-0.23861109695840776	0.034932926836123	0.5334901249902131	0.996383732056488	0.893275862602842	0.139110488108795	0.0958161984153049	-0.061384387434495466	0.0	0.39115886079450163	0.08713806711864437	-0.636084105400827	-0.1851450385423013	
-0.9468795570886447	-0.9502307894382319	-0.7739358991759211	-0.5994596401341454	-0.358770538402794	0.16013869911048778	0.9502307894382319	0.6462730961655273	-0.25932896489636814	-0.3011772880550635	-0.4469146878711515	-0.39115886079450163	0.0	-0.30947580551288884	-0.8872288385131081	-0.5547894655139443	
-0.8008708675824119	-0.9999976265190347	-0.5399614400645025	-0.3223245806994054	-0.052284832669934875	0.45775893331985323	0.9999976265190347	0.8507087245294443	0.05229053375466753	0.00871458833293998	-0.14812463840789614	-0.08713806711864437	0.30947580551288884	0.0	-0.7009020488912114	-0.27007234709624506	
-0.1515010452910573	-0.7147829378421804	0.20481050538838186	0.433593916710443	0.662650812870029	0.949655446983944	0.7147829378421804	0.9751947355993635	0.737239772210831	0.7070911795491981	0.5875191736469431	0.636084105400827	0.8872288385131081	0.7009020488912114	0.0	0.4822254134081502	
-0.609381194949334	-0.9634261671954499	-0.29257936267095386	-0.054688636546824876	0.21936101560986038	0.6808635630557242	0.9634261671954499	0.9610565392995531	0.3200502841527225	0.2784528462175043	0.12447276668217733	0.1851450385423013	0.5547894655139443	0.27007234709624506	-0.4822254134081502	0.0	
