0.0	0.41381228803718895	0.5609387179144139	0.03056983150514994	-0.7110510568979945	-0.9671583968127838	-0.6353459315641352	-0.49481709258393874	-0.5038599414793224	-0.48581273014129084	0.437712474947673	0.967158402169109	0.8969419144358239	0.30937881060280276	0.6535477195111873	0.7059823131657801	
-0.41381228803718895	0.0	0.1680798874018759	-0.3857892660428677	-0.938282155586304	-0.9856449731796089	-0.897952230995963	-0.8100644904771719	-0.8161400589424764	-0.8039635380469905	0.026412068151656393	0.9856449696217563	0.6335756031474492	-0.11186340927989974	0.28175671600433344	0.34962557823165674	
-0.5609387179144139	-0.1680798874018759	0.0	-0.5353690949278891	-0.9830674911702837	-0.943245438625077	-0.9591481742781245	-0.8970921024869702	-0.9016548006377589	-0.8924793631751176	-0.14198493750833902	0.9432454316266677	0.4945217830955144	-0.2772969202483791	0.116477990928393	0.1871793036067838	
-0.03056983150514994	0.3857892660428677	0.5353690949278891	0.0	-0.7322136183955334	-0.9744764485373604	-0.6586558613701078	-0.5211509280658062	-0.5300302273248914	-0.512305633782482	0.4100221086371419	0.974476453268128	0.8830063119209121	0.2801641760042985	0.6301044166781118	0.6840019052949615	
0.7110510568979945	0.938282155586304	0.9830674911702837	0.7322136183955334	0.0	-0.4993171334505356	0.1023559084808997	0.26997546251860566	0.2599112268830591	0.279908816475542	0.9470899895355458	0.4993171517089569	0.945066161579588	0.8937028295026714	0.9977198944401006	0.9999919810153457	
0.9671583968127838	0.9856449731796089	0.943245438625077	0.9744764485373604	0.4993171334505356	0.0	0.5853777750709103	0.7146880422013452	0.707348962168868	0.7218761255252761	0.9808419393859007	2.1073424255447017e-08	0.6556072220204435	0.9983447012162467	0.8981430988675999	0.8644127174061716	
0.6353459315641352	0.897952230995963	0.9591481742781245	0.6586558613701078	-0.1023559084808997	-0.5853777750709103	0.0	0.1700023613176015	0.15970793856373744	0.18017429714593414	0.9092627363831772	0.5853777921564137	0.973560532129987	0.8430860205610634	0.9855716260328096	0.9951497728691248	
0.49481709258393874	0.8100644904771719	0.8970921024869702	0.5211509280658062	-0.26997546251860566	-0.7146880422013452	-0.1700023613176015	0.0	-0.01043708895062162	0.010331396273799975	0.8252683646537007	0.7146880569410116	0.9982225491245335	0.7393901156804286	0.9424508953780413	0.9639406615472909	
0.5038599414793224	0.8161400589424764	0.9016548006377589	0.5300302273248914	-0.2599112268830591	-0.707348962168868	-0.15970793856373744	0.01043708895062162	0.0	0.020767365464446463	0.831117663570931	0.7073489770649237	0.997546164105047	0.7463768972143606	0.9458891463635204	0.9666656473382431	
0.48581273014129084	0.8039635380469905	0.8924793631751176	0.512305633782482	-0.279908816475542	-0.7218761255252761	-0.18017429714593414	-0.010331396273799975	-0.020767365464446463	0.0	0.8193897592483516	0.7218761401085555	0.9987849887129131	0.7323947601259795	0.9389463499646684	0.9611398527819129	
-0.437712474947673	-0.026412068151656393	0.14198493750833902	-0.4100221086371419	-0.9470899895355458	-0.9808419393859007	-0.9092627363831772	-0.8252683646537007	-0.831117663570931	-0.8193897592483516	0.0	0.9808419352806865	0.612920064677211	-0.13807067990492902	0.2563164160503716	0.3247584184148579	
-0.967158402169109	-0.9856449696217563	-0.9432454316266677	-0.974476453268128	-0.4993171517089569	-2.1073424255447017e-08	-0.5853777921564137	-0.7146880569410116	-0.7073489770649237	-0.7218761401085555	-0.9808419352806865	0.0	-0.6556072061078566	-0.99834470000423	-0.898143089601546	-0.8644127068108138	
-0.8969419144358239	-0.6335756031474492	-0.4945217830955144	-0.8830063119209121	-0.945066161579588	-0.6556072220204435	-0.973560532129987	-0.9982225491245335	-0.997546164105047	-0.9987849887129131	-0.612920064677211	0.6556072061078566	0.0	-0.7161455944413856	-0.38991708796806507	-0.3230917453775346	
-0.30937881060280276	0.11186340927989974	0.2772969202483791	-0.2801641760042985	-0.8937028295026714	-0.9983447012162467	-0.8430860205610634	-0.7393901156804286	-0.7463768972143606	-0.7323947601259795	0.13807067990492902	0.99834470000423	0.7161455944413856	0.0	0.3873196575883058	0.45223484029271493	
-0.6535477195111873	-0.28175671600433344	-0.116477990928393	-0.6301044166781118	-0.9977198944401006	-0.8981430988675999	-0.9855716260328096	-0.9424508953780413	-0.9458891463635204	-0.9389463499646684	-0.2563164160503716	0.898143089601546	0.38991708796806507	-0.3873196575883058	0.0	0.07148589366850278	
-0.7059823131657801	-0.34962557823165674	-0.1871793036067838	-0.6840019052949615	-0.9999919810153457	-0.8644127174061716	-0.9951497728691248	-0.9639406615472909	-0.9666656473382431	-0.9611398527819129	-0.3247584184148579	0.8644127068108138	0.3230917453775346	-0.45223484029271493	-0.07148589366850278	0.0	
