0.0	0.3809139486815714	0.6272289268300572	0.8791860528114074	0.9657393879975613	0.5633549529993529	0.999408552783017	0.985284052426531	0.9960209478876438	0.8661949525949425	0.8049127116247725	0.6461465407102062	0.19224187204266524	-0.5633549529993528	0.0	-0.07175072899470597	
-0.3809139486815714	0.0	0.28327335252788755	0.6314072934034933	0.9917852141111333	0.8356007121638394	0.9109647099657104	0.8458962785753912	0.886984588709404	0.6105478735225323	0.5181989803256406	0.30671525313454784	-0.19606012768152703	-0.8356007121638391	-0.3809139486815714	-0.4462736560476133	
-0.6272289268300572	-0.28327335252788755	0.0	0.3858796425472243	0.9149261732021363	0.956986461145247	0.756805066125173	0.6601645835434362	0.719837641923895	0.3611927045460379	0.25470074891093963	0.024532003322688012	-0.4658048981502032	-0.9569864611452468	-0.6272289268300572	-0.6814942789706753	
-0.8791860528114074	-0.6314072934034933	-0.3858796425472243	0.0	0.6883151310942843	0.9948232850662376	0.44596323887897765	0.31919196945432676	0.3962301435677334	-0.026611353136716406	-0.13817934673132265	-0.36313153180714364	-0.7711879569967403	-0.9948232850662374	-0.8791860528114074	-0.9111077232565843	
-0.9657393879975613	-0.9917852141111333	-0.9149261732021363	-0.6883151310942843	0.0	0.6517099427669555	-0.2925703414182502	-0.4207637999870213	-0.3445473594513759	-0.7073755574851465	-0.7819492065067386	-0.9047491843410087	-0.9976154332445062	-0.6517099427669554	-0.9657393879975613	-0.9446299790218738	
-0.5633549529993529	-0.8356007121638394	-0.956986461145247	-0.9948232850662376	-0.6517099427669555	0.0	-0.8450990524120259	-0.9103478589648516	-0.8731332975666677	-0.9971752202396899	-0.9993219575582823	-0.9638159847823221	-0.7116801317986226	-0.0	-0.5633549529993529	-0.5026214318062442	
-0.999408552783017	-0.9109647099657104	-0.756805066125173	-0.44596323887897765	0.2925703414182502	0.8450990524120259	0.0	-0.1369417572067158	-0.054815398180099895	-0.4696238289557969	-0.5653628139832665	-0.740542187489056	-0.9741563178707835	-0.8450990524120257	-0.999408552783017	-0.9993000467027955	
-0.985284052426531	-0.8458962785753912	-0.6601645835434362	-0.31919196945432676	0.4207637999870213	0.9103478589648516	0.1369417572067158	0.0	0.08243687822637369	-0.3442982446563065	-0.44708122827300845	-0.6415394014777176	-0.9340471844101524	-0.9103478589648514	-0.985284052426531	-0.9950085655617256	
-0.9960209478876438	-0.886984588709404	-0.719837641923895	-0.3962301435677334	0.3445473594513759	0.8731332975666677	0.054815398180099895	-0.08243687822637369	0.0	-0.4205230672368875	-0.5192987328864515	-0.7025922978811703	-0.960310257182539	-0.8731332975666675	-0.9960209478876438	-0.9998481819452594	
-0.8661949525949425	-0.6105478735225323	-0.3611927045460379	0.026611353136716406	0.7073755574851465	0.9971752202396899	0.4696238289557969	0.3442982446563065	0.4205230672368875	0.0	-0.11177433486804772	-0.33820812472589823	-0.7539738572834084	-0.9971752202396896	-0.8661949525949425	-0.8998167027473499	
-0.8049127116247725	-0.5181989803256406	-0.25470074891093963	0.13817934673132265	0.7819492065067386	0.9993219575582823	0.5653628139832665	0.44708122827300845	0.5192987328864515	0.11177433486804772	0.0	-0.23090115955109594	-0.6758241119104833	-0.9993219575582821	-0.8049127116247725	-0.8454145224345976	
-0.6461465407102062	-0.30671525313454784	-0.024532003322688012	0.36313153180714364	0.9047491843410087	0.9638159847823221	0.740542187489056	0.6415394014777176	0.7025922978811703	0.33820812472589823	0.23090115955109594	0.0	-0.4873727737243848	-0.9638159847823219	-0.6461465407102062	-0.6992422750097842	
-0.19224187204266524	0.19606012768152703	0.4658048981502032	0.7711879569967403	0.9976154332445062	0.7116801317986226	0.9741563178707835	0.9340471844101524	0.960310257182539	0.7539738572834084	0.6758241119104833	0.4873727737243848	0.0	-0.7116801317986224	-0.19224187204266524	-0.26215879075969784	
0.5633549529993528	0.8356007121638391	0.9569864611452468	0.9948232850662374	0.6517099427669554	0.0	0.8450990524120257	0.9103478589648514	0.8731332975666675	0.9971752202396896	0.9993219575582821	0.9638159847823219	0.7116801317986224	0.0	0.5633549529993528	0.5026214318062441	
0.0	0.3809139486815714	0.6272289268300572	0.8791860528114074	0.9657393879975613	0.5633549529993529	0.999408552783017	0.985284052426531	0.9960209478876438	0.8661949525949425	0.8049127116247725	0.6461465407102062	0.19224187204266524	-0.5633549529993528	0.0	-0.07175072899470597	
0.07175072899470597	0.4462736560476133	0.6814942789706753	0.9111077232565843	0.9446299790218738	0.5026214318062442	0.9993000467027955	0.9950085655617256	0.9998481819452594	0.8998167027473499	0.8454145224345976	0.6992422750097842	0.26215879075969784	-0.5026214318062441	0.07175072899470597	0.0	
