0.0	0.2975792334754783	-0.04444923200152941	-0.6098170320771397	-0.08446112876177331	0.6256952215351109	0.7673020510031882	0.9999901233687704	0.5858297770753382	0.3330827678591692	0.31976964468756186	0.47946046609818865	0.48832753637048126	-0.19564350016384915	-0.6455009343008977	-0.9999901233687704	
-0.2975792334754783	0.0	-0.33972067337715445	-0.81803467658164	-0.37715071266087136	0.3652175048707459	0.5417077052454662	0.9560102724516127	0.31812163776129243	0.037406417951211024	0.02332823039722154	0.19659486065684167	0.20651927452533475	-0.47860882691758466	-0.8435368466529506	-0.9560102724516127	
0.04444923200152941	0.33972067337715445	0.0	-0.5739864225556095	-0.04008724624771893	0.6597502187595843	0.7950483480309752	0.9988042250595678	0.6212739434524372	0.37466463749988527	0.36156903772180377	0.5179936114112571	0.5266339808323236	-0.15185988048998236	-0.6109144275437096	-0.9988042250595678	
0.6098170320771397	0.81803467658164	0.5739864225556095	0.0	0.5406990071554575	0.9715884066489486	0.9991863228964717	0.789824099713174	0.9585113716146207	0.8389771711859777	0.8312297291690999	0.9151458241570508	0.9191833853067302	0.44297663326641756	-0.04583321084296549	-0.789824099713174	
0.08446112876177331	0.37715071266087136	0.04008724624771893	-0.5406990071554575	0.0	0.6893448632477615	0.8187240361921798	0.9960415500152009	0.6521866564625491	0.4115307831120505	0.3986535596733405	0.5518672480058584	0.5602885166727251	-0.11211549733427509	-0.5786864263449256	-0.9960415500152009	
-0.6256952215351109	-0.3652175048707459	-0.6597502187595843	-0.9715884066489486	-0.6893448632477615	0.0	0.19729798146713234	0.7828407874386117	-0.05009792072572372	-0.33013943640743093	-0.34340134654660104	-0.17507569198538053	-0.1650909594521628	-0.7662188733731864	-0.9814150339442407	-0.7828407874386117	
-0.7673020510031882	-0.5417077052454662	-0.7950483480309752	-0.9991863228964717	-0.8187240361921798	-0.19729798146713234	0.0	0.6446897708331547	-0.24616341075173798	-0.5098859851443748	-0.5219513458206193	-0.365885037660946	-0.3564365865912681	-0.8779374150235232	-0.99998484169813	-0.6446897708331547	
-0.9999901233687704	-0.9560102724516127	-0.9988042250595678	-0.789824099713174	-0.9960415500152009	-0.7828407874386117	-0.6446897708331547	0.0	-0.8130298145310881	-0.9443686505473973	-0.9489071594435957	-0.8796857522787342	-0.8748221548934203	-0.9797958700760471	-0.7608830382328203	-0.0	
-0.5858297770753382	-0.31812163776129243	-0.6212739434524372	-0.9585113716146207	-0.6521866564625491	0.05009792072572372	0.24616341075173798	0.8130298145310881	0.0	-0.2824358445657606	-0.2959187374492774	-0.12553169415725351	-0.11547316214190312	-0.7330648350094576	-0.9705690315150495	-0.8130298145310881	
-0.3330827678591692	-0.037406417951211024	-0.37466463749988527	-0.8389771711859777	-0.4115307831120505	0.33013943640743093	0.5098859851443748	0.9443686505473973	0.2824358445657606	0.0	-0.01408433437501816	0.1597808462411921	0.16977470861309224	-0.5111177567016143	-0.8630363985367511	-0.9443686505473973	
-0.31976964468756186	-0.02332823039722154	-0.36156903772180377	-0.8312297291690999	-0.3986535596733405	0.34340134654660104	0.5219513458206193	0.9489071594435957	0.2959187374492774	0.01408433437501816	0.0	0.1736683837664359	0.1836377395025593	-0.4989614233026146	-0.8558362095487881	-0.9489071594435957	
-0.47946046609818865	-0.19659486065684167	-0.5179936114112571	-0.9151458241570508	-0.5518672480058584	0.17507569198538053	0.365885037660946	0.8796857522787342	0.12553169415725351	-0.1597808462411921	-0.1736683837664359	0.0	0.010132238124646198	-0.641884523824556	-0.9326605226884701	-0.8796857522787342	
-0.48832753637048126	-0.20651927452533475	-0.5266339808323236	-0.9191833853067302	-0.5602885166727251	0.1650909594521628	0.3564365865912681	0.8748221548934203	0.11547316214190312	-0.16977470861309224	-0.1836377395025593	-0.010132238124646198	0.0	-0.649620987851374	-0.9362679050299775	-0.8748221548934203	
0.19564350016384915	0.47860882691758466	0.15185988048998236	-0.44297663326641756	0.11211549733427509	0.7662188733731864	0.8779374150235232	0.9797958700760471	0.7330648350094576	0.5111177567016143	0.4989614233026146	0.641884523824556	0.649620987851374	0.0	-0.4836021051027306	-0.9797958700760471	
0.6455009343008977	0.8435368466529506	0.6109144275437096	0.04583321084296549	0.5786864263449256	0.9814150339442407	0.99998484169813	0.7608830382328203	0.9705690315150495	0.8630363985367511	0.8558362095487881	0.9326605226884701	0.9362679050299775	0.4836021051027306	0.0	-0.7608830382328203	
0.9999901233687704	0.9560102724516127	0.9988042250595678	0.789824099713174	0.9960415500152009	0.7828407874386117	0.6446897708331547	0.0	0.8130298145310881	0.9443686505473973	0.9489071594435957	0.8796857522787342	0.8748221548934203	0.9797958700760471	0.7608830382328203	0.0	
