0.0	0.9971027176132332	0.9793388073911966	0.9507909999360655	0.6290492221161356	2.1073424255447017e-08	0.953177380973801	0.9543466696656091	0.8441048820012849	0.950790976958767	0.9902717958181354	0.995513502528045	0.9902718054920565	0.9599566637612948	0.9727370400532738	0.999984509824744	
-0.9971027176132332	0.0	-0.12714520284514327	-0.23661159792324674	0.8229630370450746	0.9971027192162226	0.37404083192348697	0.37042999915350894	0.5988330607749839	0.381259079968448	0.21407031970568471	0.17007105561743674	-0.06341647475734008	-0.20631595899873478	0.3052320307682132	0.07051585190967327	
-0.9793388073911966	0.12714520284514327	0.0	-0.11115645722055059	0.8885145076055685	0.9793388116527982	0.48892117641582195	0.48552377397082247	0.6958002718828555	0.49570652609919164	0.33653070443209593	0.293983704804075	0.0639874846355144	-0.08023179466064409	0.4238323833619487	0.19677224842462707	
-0.9507909999360655	0.23661159792324674	0.11115645722055059	0.0	0.9340122878704528	0.9507910064653071	0.5828561787586921	0.5796905269372603	0.7713248354543971	0.5891728744189385	0.4391181746696329	0.3984063653631562	0.17451961343100142	0.03106352298847892	0.5218847807359075	0.30453609718718416	
-0.6290492221161356	-0.8229630370450746	-0.8885145076055685	-0.9340122878704528	0.0	0.629049205734383	-0.5507352935936274	-0.5539783625984732	-0.318895576756177	-0.5442118376861728	-0.6822730542004598	-0.7143574454638391	-0.8573331127905847	-0.9224643847733749	-0.6102888363050727	-0.7808547039932686	
-2.1073424255447017e-08	-0.9971027192162226	-0.9793388116527982	-0.9507910064653071	-0.629049205734383	0.0	-0.9531773746009492	-0.9543466633709509	-0.8441048707021762	-0.9507909704295235	-0.9902717928858403	-0.9955135005340862	-0.9902718084243497	-0.9599566696649836	-0.9727370351661174	-0.9999845099420379	
-0.953177380973801	-0.37404083192348697	-0.48892117641582195	-0.5828561787586921	0.5507352935936274	0.9531773746009492	0.0	-0.003890397417780689	0.2558055772088708	0.0077954689847903325	-0.16683847784017328	-0.21086575293572934	-0.43210115835180907	-0.5573334469546998	-0.07311493865132065	-0.30771245279471965	
-0.9543466696656091	-0.37042999915350894	-0.48552377397082247	-0.5796905269372603	0.5539783625984732	0.9543466633709509	0.003890397417780689	0.0	0.25956459845037905	0.011685689199156413	-0.16300134472637828	-0.20706123523357955	-0.4285894301639353	-0.5540990760072502	-0.06923440049371479	-0.30400849114609707	
-0.8441048820012849	-0.5988330607749839	-0.6958002718828555	-0.7713248354543971	0.318895576756177	0.8441048707021762	-0.2558055772088708	-0.25956459845037905	0.0	-0.24826170444436585	-0.4135077372176019	-0.45390367655527586	-0.6484162973415399	-0.7511824831748775	-0.32580319556976145	-0.54086805738672	
-0.950790976958767	-0.381259079968448	-0.49570652609919164	-0.5891728744189385	0.5442118376861728	0.9507909704295235	-0.0077954689847903325	-0.011685689199156413	0.24826170444436585	0.0	-0.17451961799684906	-0.21847953385239777	-0.4391181788356574	-0.5637890026008925	-0.08088732162096979	-0.3151203310550813	
-0.9902717958181354	-0.21407031970568471	-0.33653070443209593	-0.4391181746696329	0.6822730542004598	0.9902717928858403	0.16683847784017328	0.16300134472637828	0.4135077372176019	0.17451961799684906	0.0	-0.04482318953208955	-0.27558579821883933	-0.41099788206330123	0.09430176092726475	-0.14465625443278127	
-0.995513502528045	-0.17007105561743674	-0.293983704804075	-0.3984063653631562	0.7143574454638391	0.9955135005340862	0.21086575293572934	0.20706123523357955	0.45390367655527586	0.21847953385239777	0.04482318953208955	0.0	-0.23222133900721703	-0.3697223561937332	0.1388304237352062	-0.1001591277453219	
-0.9902718054920565	0.06341647475734008	-0.0639874846355144	-0.17451961343100142	0.8573331127905847	0.9902718084243497	0.43210115835180907	0.4285894301639353	0.6484162973415399	0.4391181788356574	0.27558579821883933	0.23222133900721703	0.0	-0.14384857964009634	0.3650077586992261	0.13363252356826816	
-0.9599566637612948	0.20631595899873478	0.08023179466064409	-0.03106352298847892	0.9224643847733749	0.9599566696649836	0.5573334469546998	0.5540990760072502	0.7511824831748775	0.5637890026008925	0.41099788206330123	0.3697223561937332	0.14384857964009634	0.0	0.49513524382251517	0.27480110146099435	
-0.9727370400532738	-0.3052320307682132	-0.4238323833619487	-0.5218847807359075	0.6102888363050727	0.9727370351661174	0.07311493865132065	0.06923440049371479	0.32580319556976145	0.08088732162096979	-0.09430176092726475	-0.1388304237352062	-0.3650077586992261	-0.49513524382251517	0.0	-0.23732150903524102	
-0.999984509824744	-0.07051585190967327	-0.19677224842462707	-0.30453609718718416	0.7808547039932686	0.9999845099420379	0.30771245279471965	0.30400849114609707	0.54086805738672	0.3151203310550813	0.14465625443278127	0.1001591277453219	-0.13363252356826816	-0.27480110146099435	0.23732150903524102	0.0	
