0.0	0.7279436216519485	0.8455631144855685	0.9447078793235798	0.9662909069593689	0.9999081928538927	0.9389060991906569	0.7967296226877879	0.0	0.8008118997327108	0.999379217218883	0.9931870394164839	0.9024023276644756	0.70143112813855	0.9074990322940272	0.9813142533982465	
-0.7279436216519485	0.0	0.9683805941570772	0.8864289415063679	0.475113752811132	0.6757103183949134	0.8942875922111048	0.9861897820825876	0.7279436216519485	0.985043298696608	0.7108570952982862	0.7657938676945978	0.9323872933943655	0.9997596555890644	0.9279906603792194	0.5327603428060106	
-0.8455631144855685	-0.9683805941570772	0.0	-0.22708511485935884	-0.7335715049417769	-0.5452839433987522	-0.210238595303338	0.08564976236643701	0.8455631144855685	0.07888739535556871	-0.5037545350997054	-0.43170377233926055	-0.11742200354633237	0.2281874454959531	-0.12930916115794566	-0.6865960084778706	
-0.9447078793235798	-0.8864289415063679	0.22708511485935884	0.0	-0.5600770552289902	-0.34068393717676837	0.017263692805189468	0.3096628019411367	0.9447078793235798	0.30320386711669856	-0.294427145600994	-0.21559119504733895	0.11115982078764491	0.44332000722391585	0.0992476340688872	-0.5035588614034372	
-0.9662909069593689	-0.475113752811132	0.7335715049417769	0.5600770552289902	0.0	0.24433568361597122	0.5742955303155732	0.7890844852079713	0.9662909069593689	0.7848981961231589	0.29133566206500583	0.36830163963739004	0.6486953012345263	0.8692968382304901	0.6395325848250428	0.06671612440630723	
-0.9999081928538927	-0.6757103183949134	0.5452839433987522	0.34068393717676837	-0.24433568361597122	0.0	0.3568641076940802	0.6150762263375229	0.9999081928538927	0.609712054255691	0.04876886535839451	0.12997824131018162	0.44308256826190584	0.7221762839115076	0.4323123313264908	-0.17909729700489435	
-0.9389060991906569	-0.8942875922111048	0.210238595303338	-0.017263692805189468	-0.5742955303155732	-0.3568641076940802	0.0	0.2932015324974876	0.9389060991906569	0.286707664274242	-0.31088172862950286	-0.23241678058781748	0.09398655298032149	0.42777939720896363	0.08205438542387639	-0.5183989726431271	
-0.7967296226877879	-0.9861897820825876	-0.08564976236643701	-0.3096628019411367	-0.7890844852079713	-0.6150762263375229	-0.2932015324974876	0.0	0.7967296226877879	-0.0067853293001643444	-0.5758916688818201	-0.5073748017274977	-0.20204776033547206	0.1439588433143149	-0.2137646646911351	-0.7463437093845031	
-0.0	-0.7279436216519485	-0.8455631144855685	-0.9447078793235798	-0.9662909069593689	-0.9999081928538927	-0.9389060991906569	-0.7967296226877879	0.0	-0.8008118997327108	-0.999379217218883	-0.9931870394164839	-0.9024023276644756	-0.70143112813855	-0.9074990322940272	-0.9813142533982465	
-0.8008118997327108	-0.985043298696608	-0.07888739535556871	-0.30320386711669856	-0.7848981961231589	-0.609712054255691	-0.286707664274242	0.0067853293001643444	0.8008118997327108	0.0	-0.570331228277909	-0.5015160304707136	-0.19539772264443112	0.15067018040410812	-0.20713125601708332	-0.7418104794643897	
-0.999379217218883	-0.7108570952982862	0.5037545350997054	0.294427145600994	-0.29133566206500583	-0.04876886535839451	0.31088172862950286	0.5758916688818201	0.999379217218883	0.570331228277909	0.0	0.08146842743887245	0.3988349885180087	0.68758309410473	0.3878218659750312	-0.22686452696979573	
-0.9931870394164839	-0.7657938676945978	0.43170377233926055	0.21559119504733895	-0.36830163963739004	-0.12997824131018162	0.23241678058781748	0.5073748017274977	0.9931870394164839	0.5015160304707136	-0.08146842743887245	0.0	0.3228008321082085	0.6261428253050498	0.31144046870574027	-0.30545465792951343	
-0.9024023276644756	-0.9323872933943655	0.11742200354633237	-0.11115982078764491	-0.6486953012345263	-0.44308256826190584	-0.09398655298032149	0.20204776033547206	0.9024023276644756	0.19539772264443112	-0.3988349885180087	-0.3228008321082085	0.0	0.3409329539528673	-0.01197844756403621	-0.5964758181059246	
-0.70143112813855	-0.9997596555890644	-0.2281874454959531	-0.44332000722391585	-0.8692968382304901	-0.7221762839115076	-0.42777939720896363	-0.1439588433143149	0.70143112813855	-0.15067018040410812	-0.68758309410473	-0.6261428253050498	-0.3409329539528673	0.0	-0.3521692841817702	-0.834382902266267	
-0.9074990322940272	-0.9279906603792194	0.12930916115794566	-0.0992476340688872	-0.6395325848250428	-0.4323123313264908	-0.08205438542387639	0.2137646646911351	0.9074990322940272	0.20713125601708332	-0.3878218659750312	-0.31144046870574027	0.01197844756403621	0.3521692841817702	0.0	-0.5868187505236961	
-0.9813142533982465	-0.5327603428060106	0.6865960084778706	0.5035588614034372	-0.06671612440630723	0.17909729700489435	0.5183989726431271	0.7463437093845031	0.9813142533982465	0.7418104794643897	0.22686452696979573	0.30545465792951343	0.5964758181059246	0.834382902266267	0.5868187505236961	0.0	
