0.0	-0.06436092635390633	0.7758437252228071	0.6745600631924615	0.999881091516593	0.6435758669712099	0.6021092661794976	0.9511210993310115	0.9999993631646191	0.6829640554955457	-0.2981365525893906	-0.3746398549294533	-0.1908734514175655	-0.6745600631924615	-0.04782094915521323	-0.1340630058498844	
0.06436092635390633	0.0	0.8148420833101497	0.6256489675549557	0.9968155236803229	0.6915022477395507	0.6522475499211795	0.9690249495838525	0.9978534149356549	0.7285606229963653	-0.23608442269094476	-0.3141895621525685	-0.1273000825265726	-0.6256489675549557	0.016565491235406404	-0.07000512312545537	
-0.7758437252228071	-0.8148420833101497	0.0	0.998340222553863	0.6428142782508455	-0.18776888960218358	-0.23955839261026657	0.3604915692568208	0.6318003177316791	-0.1358174048357105	-0.9286627002005389	-0.9557090464628347	-0.882006424844683	-0.998340222553863	-0.8051275393518484	-0.8534237554191498	
-0.6745600631924615	-0.6256489675549557	-0.998340222553863	0.0	-0.727729893171495	-0.9913969054490582	-0.9830670771202207	-0.910452983351397	-0.7374582095860573	-0.9969114387387823	-0.42379289382510593	-0.34886551225252216	-0.5212514486669485	-0.0	-0.6384859356290626	-0.5695026935510588	
-0.999881091516593	-0.9968155236803229	-0.6428142782508455	0.727729893171495	0.0	-0.775215805918037	-0.8076037996859404	-0.3234485387795186	-0.014292411228438662	-0.7408970166429377	-0.9498122076616553	-0.9212828993284635	-0.9785544977760701	-0.727729893171495	-0.9979997114990582	-0.9887876086499872	
-0.6435758669712099	-0.6915022477395507	0.18776888960218358	0.9913969054490582	0.775215805918037	0.0	-0.052995997193718475	0.5292233649256465	0.7661081580449314	0.05262734870988971	-0.8424965628834664	-0.8834472270991629	-0.7778346668944184	-0.9913969054490582	-0.6794408764883358	-0.7403756405555877	
-0.6021092661794976	-0.6522475499211795	0.23955839261026657	0.9830670771202207	0.8076037996859404	0.052995997193718475	0.0	0.5734458390248615	0.7990927110409477	0.10547594924682503	-0.8127635885456292	-0.8573754900324271	-0.743435255955389	-0.9830670771202207	-0.6396013082019298	-0.7037116516585636	
-0.9511210993310115	-0.9690249495838525	-0.3604915692568208	0.910452983351397	0.3234485387795186	-0.5292233649256465	-0.5734458390248615	0.0	0.30989136762890757	-0.48383659144683494	-0.9999371644126928	-0.9975469344427542	-0.9925795947671712	-0.910452983351397	-0.9648009218747298	-0.9839362390565484	
-0.9999993631646191	-0.9978534149356549	-0.6318003177316791	0.7374582095860573	0.014292411228438662	-0.7661081580449314	-0.7990927110409477	-0.30989136762890757	0.0	-0.7312222902116817	-0.9541861538279124	-0.9267470175744936	-0.981398613078894	-0.7374582095860573	-0.998801318558207	-0.9908208795732989	
-0.6829640554955457	-0.7285606229963653	0.1358174048357105	0.9969114387387823	0.7408970166429377	-0.05262734870988971	-0.10547594924682503	0.48383659144683494	0.7312222902116817	0.0	-0.869679491938908	-0.9068804918007485	-0.8098314148615235	-0.9969114387387823	-0.7171135998014955	-0.7747253977258025	
0.2981365525893906	0.23608442269094476	0.9286627002005389	0.42379289382510593	0.9498122076616553	0.8424965628834664	0.8127635885456292	0.9999371644126928	0.9541861538279124	0.869679491938908	0.0	-0.08117905300131628	0.11046206508951623	-0.42379289382510593	0.25214925486743534	0.1674789640035908	
0.3746398549294533	0.3141895621525685	0.9557090464628347	0.34886551225252216	0.9212828993284635	0.8834472270991629	0.8573754900324271	0.9975469344427542	0.9267470175744936	0.9068804918007485	0.08117905300131628	0.0	0.1907797536917617	-0.34886551225252216	0.32987306915565967	0.24695865701797215	
0.1908734514175655	0.1273000825265726	0.882006424844683	0.5212514486669485	0.9785544977760701	0.7778346668944184	0.743435255955389	0.9925795947671712	0.981398613078894	0.8098314148615235	-0.11046206508951623	-0.1907797536917617	0.0	-0.5212514486669485	0.1437133332983131	0.05755218966575004	
0.6745600631924615	0.6256489675549557	0.998340222553863	0.0	0.727729893171495	0.9913969054490582	0.9830670771202207	0.910452983351397	0.7374582095860573	0.9969114387387823	0.42379289382510593	0.34886551225252216	0.5212514486669485	0.0	0.6384859356290626	0.5695026935510588	
0.04782094915521323	-0.016565491235406404	0.8051275393518484	0.6384859356290626	0.9979997114990582	0.6794408764883358	0.6396013082019298	0.9648009218747298	0.998801318558207	0.7171135998014955	-0.25214925486743534	-0.32987306915565967	-0.1437133332983131	-0.6384859356290626	0.0	-0.08652036720797385	
0.1340630058498844	0.07000512312545537	0.8534237554191498	0.5695026935510588	0.9887876086499872	0.7403756405555877	0.7037116516585636	0.9839362390565484	0.9908208795732989	0.7747253977258025	-0.1674789640035908	-0.24695865701797215	-0.05755218966575004	-0.5695026935510588	0.08652036720797385	0.0	
