0.0	0.6311415869867704	0.9999947124218852	0.978416486380207	0.9869119627186892	0.607908150060873	0.9939284524493144	0.17161330575813089	0.7801459982705266	0.6742866707377102	0.6742866707377102	0.9997511885887871	0.8938012465842734	0.7730648150815925	0.522334981754403	-0.6079081333284188	
-0.6311415869867704	0.0	0.7777159806572649	0.6285052513984786	0.6637378057870922	0.9726657464195148	0.7015146939839443	-0.4886633269813821	0.21029341647150065	0.989101287880921	0.989101287880921	0.7895529417514513	0.4102488700235416	0.19929119167880116	-0.13304157508542908	-0.9726657415260606	
-0.9999947124218852	-0.7777159806572649	0.0	-0.20982329765464774	-0.16446849776155054	0.7920262752543727	-0.11325993707822879	-0.9857172563886671	-0.6281311733312852	0.7362730457554811	0.7362730457554811	0.01905482245183332	-0.4513675189103815	-0.6368376464949623	-0.8544344807938193	-0.7920262881194238	
-0.978416486380207	-0.6285052513984786	0.20982329765464774	0.0	0.046158676879978544	0.9024896300565115	0.0977344726206304	-0.9284384540154013	-0.45088347366906156	0.8618672964539457	0.8618672964539457	0.22841585142243137	-0.2540864404142016	-0.46088788065771225	-0.7263985750775043	-0.9024896391330788	
-0.9869119627186892	-0.6637378057870922	0.16446849776155054	-0.046158676879978544	0.0	0.8816466078288894	0.051692605986223605	-0.9445961642202927	-0.49160332813793217	0.8375400210385632	0.8375400210385632	0.1832339772116851	-0.29845943379976336	-0.5013605338096998	-0.7573479652138251	-0.881646617773653	
-0.607908150060873	-0.9726657464195148	-0.7920262752543727	-0.9024896300565115	-0.8816466078288894	0.0	-0.8560736154441239	-0.7351516883299943	-0.9997474749830657	-0.08646683229329137	-0.08646683229329137	-0.7802497538441991	-0.9823092596051765	-0.9994317261624793	-0.9331256485763515	-2.1073424255447027e-08	
-0.9939284524493144	-0.7015146939839443	0.11325993707822879	-0.0977344726206304	-0.051692605986223605	0.8560736154441239	0.0	-0.9603005926474164	-0.5359609923039979	0.8081766681455933	0.8081766681455933	0.13217158577228183	-0.34739698349659204	-0.5454166680619051	-0.7900912917168956	-0.856073626336005	
-0.17161330575813089	0.4886633269813821	0.9857172563886671	0.9284384540154013	0.9445961642202927	0.7351516883299943	0.9603005926474164	0.0	0.6612112020985875	0.7910144409723766	0.7910144409723766	0.9887472878371619	0.803578889493914	0.6527369661843084	0.3682442264481277	-0.7351516740442638	
-0.7801459982705266	-0.21029341647150065	0.6281311733312852	0.45088347366906156	0.49160332813793217	0.9997474749830657	0.5359609923039979	-0.6612112020985875	0.0	0.9979462246513321	0.9979462246513321	0.6428438296981402	0.2092929687676359	-0.011240291536650845	-0.33849054580948684	-0.9997474745095052	
-0.6742866707377102	-0.989101287880921	-0.7362730457554811	-0.8618672964539457	-0.8375400210385632	0.08646683229329137	-0.8081766681455933	-0.7910144409723766	-0.9979462246513321	0.0	0.0	-0.7232452640432137	-0.9624379566937472	-0.9986032026144883	-0.9607200292211174	-0.0864668532877899	
-0.6742866707377102	-0.989101287880921	-0.7362730457554811	-0.8618672964539457	-0.8375400210385632	0.08646683229329137	-0.8081766681455933	-0.7910144409723766	-0.9979462246513321	0.0	0.0	-0.7232452640432137	-0.9624379566937472	-0.9986032026144883	-0.9607200292211174	-0.0864668532877899	
-0.9997511885887871	-0.7895529417514513	-0.01905482245183332	-0.22841585142243137	-0.1832339772116851	0.7802497538441991	-0.13217158577228183	-0.9887472878371619	-0.6428438296981402	0.7232452640432137	0.7232452640432137	0.0	-0.4682889136961279	-0.6514132512150143	-0.8641794574989625	-0.7802497670249529	
-0.8938012465842734	-0.4102488700235416	0.4513675189103815	0.2540864404142016	0.29845943379976336	0.9823092596051765	0.34739698349659204	-0.803578889493914	-0.2092929687676359	0.9624379566937472	0.9624379566937472	0.4682889136961279	0.0	-0.22027109946934567	-0.5279323507870621	-0.9823092635515096	
-0.7730648150815925	-0.19929119167880116	0.6368376464949623	0.46088788065771225	0.5013605338096998	0.9994317261624793	0.5454166680619051	-0.6527369661843084	0.011240291536650845	0.9986032026144883	0.9986032026144883	0.6514132512150143	0.22027109946934567	0.0	-0.327892387188358	-0.9994317254521371	
-0.522334981754403	0.13304157508542908	0.8544344807938193	0.7263985750775043	0.7573479652138251	0.9331256485763515	0.7900912917168956	-0.3682442264481277	0.33849054580948684	0.9607200292211174	0.9607200292211174	0.8641794574989625	0.5279323507870621	0.327892387188358	0.0	-0.9331256409993918	
0.6079081333284188	0.9726657415260606	0.7920262881194238	0.9024896391330788	0.881646617773653	2.1073424255447027e-08	0.856073626336005	0.7351516740442638	0.9997474745095052	0.0864668532877899	0.0864668532877899	0.7802497670249529	0.9823092635515096	0.9994317254521371	0.9331256409993918	0.0	
