0.0	0.6205426940713712	0.9862152122489439	0.5617043985257344	0.6383042928454524	0.0	0.7559094194689298	0.9120531752196135	0.6870409496225287	0.4921621290262823	0.4657961143221871	0.955508359177206	0.9555083922704823	0.9968637829568314	0.9183869664212883	0.4064590472552519	
-0.6205426940713712	0.0	0.876042772614076	0.9538717861494991	0.9782247040241913	0.6205426940713712	0.9990180458371157	0.46074001321121394	0.08786080585244604	-0.1542445338647615	-0.18384873138343572	0.5662457639925534	0.9323212638193723	0.830820953269934	0.4746354886873606	-0.24823654986470484	
-0.9862152122489439	-0.876042772614076	0.0	0.7229893956500284	0.6535540995088018	0.9862152122489439	0.5205730621364215	-0.5553345253478215	-0.8302854904860681	-0.9399407766203135	-0.9497682282581188	-0.449003764882773	0.13279213928138975	-0.08690304484332372	-0.5421923880405113	-0.9683301055111949	
-0.5617043985257344	-0.9538717861494991	-0.7229893956500284	0.0	-0.09570225786854764	0.5617043985257344	-0.25765807750268666	-0.9849154702032739	-0.9765600053930482	-0.8961501078374938	-0.8824185956308651	-0.9562109660414606	-0.6248458740936722	-0.7802919250903684	-0.982073562652404	-0.8494909123452173	
-0.6383042928454524	-0.9782247040241913	-0.6535540995088018	0.09570225786854764	0.0	0.6383042928454524	-0.16400444612998855	-0.9638347607334041	-0.992677064662487	-0.9345047595480629	-0.9233928721087702	-0.923811988060937	-0.547258476264265	-0.7168567162698225	-0.9595261601334971	-0.8960845755361584	
-0.0	-0.6205426940713712	-0.9862152122489439	-0.5617043985257344	-0.6383042928454524	0.0	-0.7559094194689298	-0.9120531752196135	-0.6870409496225287	-0.4921621290262823	-0.4657961143221871	-0.955508359177206	-0.9555083922704823	-0.9968637829568314	-0.9183869664212883	-0.4064590472552519	
-0.7559094194689298	-0.9990180458371157	-0.5205730621364215	0.25765807750268666	0.16400444612998855	0.7559094194689298	0.0	-0.9070767737217125	-0.9990472888956079	-0.9802286776337075	-0.9738438909560683	-0.8485146824874712	-0.4025826166701239	-0.5928029246995222	-0.9003469400917623	-0.956750075495486	
-0.9120531752196135	-0.46074001321121394	0.5553345253478215	0.9849154702032739	0.9638347607334041	0.9120531752196135	0.9070767737217125	0.0	-0.38097866836453415	-0.5921236463046535	-0.6160587027085813	0.1228043029132308	0.6608499683116533	0.48096264574696823	0.015720403415380724	-0.6666372584257505	
-0.6870409496225287	-0.08786080585244604	0.8302854904860681	0.9765600053930482	0.992677064662487	0.6870409496225287	0.9990472888956079	0.38097866836453415	0.0	-0.24045738304941344	-0.26950092324287955	0.49163787744478976	0.8969425543507601	0.7787099357092543	0.39546642038127783	-0.3323872738467983	
-0.4921621290262823	0.1542445338647615	0.9399407766203135	0.8961501078374938	0.9345047595480629	0.4921621290262823	0.9802286776337075	0.5921236463046535	0.24045738304941344	0.0	-0.030033193049995688	0.686603301101562	0.9769435213715031	0.9067214941138306	0.6047187175871671	-0.09584923514982152	
-0.4657961143221871	0.18384873138343572	0.9497682282581188	0.8824185956308651	0.9233928721087702	0.4657961143221871	0.9738438909560683	0.6160587027085813	0.26950092324287955	0.030033193049995688	0.0	0.7081286758805789	0.9829148478573771	0.9189783701227625	0.6283655399877669	-0.06591108162788739	
-0.955508359177206	-0.5662457639925534	0.449003764882773	0.9562109660414606	0.923811988060937	0.955508359177206	0.8485146824874712	-0.1228043029132308	-0.49163787744478976	-0.686603301101562	-0.7081286758805789	0.0	0.5636810887911947	0.36965461626354446	-0.10718771339115074	-0.7531275714931205	
-0.9555083922704823	-0.9323212638193723	-0.13279213928138975	0.6248458740936722	0.547258476264265	0.9555083922704823	0.4025826166701239	-0.6608499683116533	-0.8969425543507601	-0.9769435213715031	-0.9829148478573771	-0.5636810887911947	0.0	-0.21842318015092166	-0.6489698587163489	-0.992909150616742	
-0.9968637829568314	-0.830820953269934	0.08690304484332372	0.7802919250903684	0.7168567162698225	0.9968637829568314	0.5928029246995222	-0.48096264574696823	-0.7787099357092543	-0.9067214941138306	-0.9189783701227625	-0.36965461626354446	0.21842318015092166	0.0	-0.4671204880884988	-0.9429693151858757	
-0.9183869664212883	-0.4746354886873606	0.5421923880405113	0.982073562652404	0.9595261601334971	0.9183869664212883	0.9003469400917623	-0.015720403415380724	-0.39546642038127783	-0.6047187175871671	-0.6283655399877669	0.10718771339115074	0.6489698587163489	0.4671204880884988	0.0	-0.6782725903177251	
-0.4064590472552519	0.24823654986470484	0.9683301055111949	0.8494909123452173	0.8960845755361584	0.4064590472552519	0.956750075495486	0.6666372584257505	0.3323872738467983	0.09584923514982152	0.06591108162788739	0.7531275714931205	0.992909150616742	0.9429693151858757	0.6782725903177251	0.0	
