0.0	0.9368334558965569	0.9955561008172045	0.9401332378334077	0.0	0.641866730040041	0.8513096053359267	0.9775373294067814	0.9974227320950417	0.9579318933122304	0.9982993373439851	0.6023843043549515	0.18855441186988534	0.7747343044262045	0.8960534706689997	0.9618599227889731	
-0.9368334558965569	0.0	0.4364432938071197	0.6481153240829242	0.9368334558965566	0.9428884981045988	0.7892899259963795	0.53936807734036	0.4160909822193557	0.6039284488616155	0.4037946193529168	0.9584857023752048	0.9859809956565061	0.8633308196353167	0.7293213747297629	0.08017152890231521	
-0.9955561008172045	-0.4364432938071197	0.0	0.25075995792815653	0.9955561008172042	0.7029637580612198	0.4421640050636101	0.11777073867514892	-0.022497645165739086	0.19551148585517253	-0.03597315404333496	0.7379323339319843	0.9599423262234549	0.5565201259420915	0.35759164427141993	-0.36290554744031117	
-0.9401332378334077	-0.6481153240829242	-0.25075995792815653	0.0	0.9401332378334075	0.5021566532663967	0.20312136779632495	-0.135006991180325	-0.27247531917826123	-0.056655888089150286	-0.28542144172957906	0.5451233246818871	0.8590091409174663	0.33039898612240554	0.11198711921227622	-0.5849750914449358	
-0.0	-0.9368334558965566	-0.9955561008172042	-0.9401332378334075	0.0	-0.6418667300400409	-0.8513096053359265	-0.9775373294067812	-0.9974227320950415	-0.9579318933122302	-0.9982993373439849	-0.6023843043549514	-0.18855441186988528	-0.7747343044262043	-0.8960534706689994	-0.9618599227889729	
-0.641866730040041	-0.9428884981045988	-0.7029637580612198	-0.5021566532663967	0.6418667300400409	0.0	-0.3160338579721475	-0.6143101280732293	-0.7187867378623447	-0.5503447622174095	-0.7280938000474046	0.050423958774479194	0.4857668227797819	-0.18823488153469342	-0.4021540679008437	-0.9131475989699491	
-0.8513096053359267	-0.7892899259963795	-0.4421640050636101	-0.20312136779632495	0.8513096053359265	0.3160338579721475	0.0	-0.3334542968854553	-0.4622309993519478	-0.2582699221591186	-0.47414337015886127	0.3634714578778476	0.7371117994810817	0.1317969984456892	-0.09219107764061352	-0.7375222888328145	
-0.9775373294067814	-0.53936807734036	-0.11777073867514892	0.135006991180325	0.9775373294067812	0.6143101280732293	0.3334542968854553	0.0	-0.14008201023428068	0.07865295487725524	-0.15341732242552672	0.6533164308577826	0.9202628207919091	0.45479924837348895	0.24511958856545787	-0.47012184737394624	
-0.9974227320950417	-0.4160909822193557	0.022497645165739086	0.27247531917826123	0.9974227320950415	0.7187867378623447	0.4622309993519478	0.14008201023428068	0.0	0.21752547348014611	-0.013480965378249235	0.7529286519656723	0.9660031485304841	0.5750710798635992	0.3785111934193131	-0.34184980544938576	
-0.9579318933122304	-0.6039284488616155	-0.19551148585517253	0.056655888089150286	0.9579318933122302	0.5503447622174095	0.2582699221591186	-0.07865295487725524	-0.21752547348014611	0.0	-0.23066386529599037	0.5917455248337392	0.8866349330549924	0.3833424581452102	0.16810674479921012	-0.5380846547997619	
-0.9982993373439851	-0.4037946193529168	0.03597315404333496	0.28542144172957906	0.9982993373439849	0.7280938000474046	0.47414337015886127	0.15341732242552672	0.013480965378249235	0.23066386529599037	0.0	0.7617320839281255	0.9694006036112539	0.5860476460778455	0.3909547344723772	-0.3291499415136304	
-0.6023843043549515	-0.9584857023752048	-0.7379323339319843	-0.5451233246818871	0.6023843043549514	-0.050423958774479194	-0.3634714578778476	-0.6533164308577826	-0.7529286519656723	-0.5917455248337392	-0.7617320839281255	0.0	0.4410738810381707	-0.23751801061049588	-0.4478092542400126	-0.9325402583727966	
-0.18855441186988534	-0.9859809956565061	-0.9599423262234549	-0.8590091409174663	0.18855441186988528	-0.4857668227797819	-0.7371117994810817	-0.9202628207919091	-0.9660031485304841	-0.8866349330549924	-0.9694006036112539	-0.4410738810381707	0.0	-0.6416172075394877	-0.7962727265984302	-0.9961844370508101	
-0.7747343044262045	-0.8633308196353167	-0.5565201259420915	-0.33039898612240554	0.7747343044262043	0.18823488153469342	-0.1317969984456892	-0.45479924837348895	-0.5750710798635992	-0.3833424581452102	-0.5860476460778455	0.23751801061049588	0.6416172075394877	0.0	-0.22262258889518177	-0.8200941981748346	
-0.8960534706689997	-0.7293213747297629	-0.35759164427141993	-0.11198711921227622	0.8960534706689994	0.4021540679008437	0.09219107764061352	-0.24511958856545787	-0.3785111934193131	-0.16810674479921012	-0.3909547344723772	0.4478092542400126	0.7962727265984302	0.22262258889518177	0.0	-0.672122692140154	
-0.9618599227889731	-0.08017152890231521	0.36290554744031117	0.5849750914449358	0.9618599227889729	0.9131475989699491	0.7375222888328145	0.47012184737394624	0.34184980544938576	0.5380846547997619	0.3291499415136304	0.9325402583727966	0.9961844370508101	0.8200941981748346	0.672122692140154	0.0	
