0.0	0.8828276776669349	0.8454271155505496	0.9826242186246953	0.9901300682645596	0.9270248451359109	0.9943596683388524	0.9916721747143115	0.9107859351448673	0.9652404040013387	0.9662580877291762	0.9961977178539447	0.0	0.7279727702918357	0.9958591992112755	0.9961977178539447	
-0.8828276776669349	0.0	0.8686047462552513	0.6253939195108117	0.34133150456808414	0.766481112542025	0.5606810035111683	0.5794829022730925	0.7922943548411384	0.6841096148199959	0.22645347402864952	0.5448241245799861	0.8828276776669349	0.9471986320062933	0.5480091245804322	0.5448241245799861	
-0.8454271155505496	-0.8686047462552513	0.0	-0.3678940871974141	-0.6473072625694267	-0.17808035277811418	-0.44141185615219114	-0.42076229427715944	-0.13738338531655042	-0.2945621035607594	-0.7338311543049022	-0.4584054035098501	0.8454271155505496	0.19082637320076445	-0.4550222695883841	-0.4584054035098501	
-0.9826242186246953	-0.6253939195108117	0.3678940871974141	0.0	-0.32149051103532855	0.19642248119928735	-0.08034156518571772	-0.05751044676816336	0.236657323752127	0.07766770109512988	-0.43244369703115904	-0.09929300801348777	0.9826242186246953	0.5385768747125648	-0.09550816333535686	-0.09929300801348777	
-0.9901300682645596	-0.34133150456808414	0.6473072625694267	0.32149051103532855	0.0	0.5012226307764617	0.24437480163215491	0.2665010353708286	0.5364518377058721	0.3940639255600352	-0.11961103605859574	0.2258799614293635	0.9901300682645596	0.7808656464214969	0.2295829619448551	0.2258799614293635	
-0.9270248451359109	-0.766481112542025	0.17808035277811418	-0.19642248119928735	-0.5012226307764617	0.0	-0.2745639840441686	-0.25248748952054034	0.04120434334062634	-0.11967446384800015	-0.6011258944621635	-0.29281052454154377	0.9270248451359109	0.36258410828365367	-0.28917216752207514	-0.29281052454154377	
-0.9943596683388524	-0.5606810035111683	0.44141185615219114	0.08034156518571772	-0.24437480163215491	0.2745639840441686	0.0	0.022884054216305336	0.31395162025070056	0.15751550939400655	-0.35860492478681316	-0.019027496244700084	0.9943596683388524	0.6045297714353135	-0.015225127332509886	-0.019027496244700084	
-0.9916721747143115	-0.5794829022730925	0.42076229427715944	0.05751044676816336	-0.2665010353708286	0.25248748952054034	-0.022884054216305336	0.0	0.2921423912688273	0.13487587870403142	-0.3798730380166809	-0.041902424738812616	0.9916721747143115	0.5861424224386733	-0.03810254201277448	-0.041902424738812616	
-0.9107859351448673	-0.7922943548411384	0.13738338531655042	-0.236657323752127	-0.5364518377058721	-0.04120434334062634	-0.31395162025070056	-0.2921423912688273	0.0	-0.16048104456107248	-0.633544012343985	-0.33196022936290825	0.9107859351448673	0.3238757491100957	-0.32837055983440755	-0.33196022936290825	
-0.9652404040013387	-0.6841096148199959	0.2945621035607594	-0.07766770109512988	-0.3940639255600352	0.11967446384800015	-0.15751550939400655	-0.13487587870403142	0.16048104456107248	0.0	-0.5011673474300763	-0.17627695966400292	0.9652404040013387	0.47150902636348924	-0.17253231659372997	-0.17627695966400292	
-0.9662580877291762	-0.22645347402864952	0.7338311543049022	0.43244369703115904	0.11961103605859574	0.6011258944621635	0.35860492478681316	0.3798730380166809	0.633544012343985	0.5011673474300763	0.0	0.3407780366979419	0.9662580877291762	0.8499805738015672	0.3443508638898125	0.3407780366979419	
-0.9961977178539447	-0.5448241245799861	0.4584054035098501	0.09929300801348777	-0.2258799614293635	0.29281052454154377	0.019027496244700084	0.041902424738812616	0.33196022936290825	0.17627695966400292	-0.3407780366979419	0.0	0.9961977178539447	0.6195772992893078	0.0038029197995105013	0.0	
-0.0	-0.8828276776669349	-0.8454271155505496	-0.9826242186246953	-0.9901300682645596	-0.9270248451359109	-0.9943596683388524	-0.9916721747143115	-0.9107859351448673	-0.9652404040013387	-0.9662580877291762	-0.9961977178539447	0.0	-0.7279727702918357	-0.9958591992112755	-0.9961977178539447	
-0.7279727702918357	-0.9471986320062933	-0.19082637320076445	-0.5385768747125648	-0.7808656464214969	-0.36258410828365367	-0.6045297714353135	-0.5861424224386733	-0.3238757491100957	-0.47150902636348924	-0.8499805738015672	-0.6195772992893078	0.7279727702918357	0.0	-0.6165877717340278	-0.6195772992893078	
-0.9958591992112755	-0.5480091245804322	0.4550222695883841	0.09550816333535686	-0.2295829619448551	0.28917216752207514	0.015225127332509886	0.03810254201277448	0.32837055983440755	0.17253231659372997	-0.3443508638898125	-0.0038029197995105013	0.9958591992112755	0.6165877717340278	0.0	-0.0038029197995105013	
-0.9961977178539447	-0.5448241245799861	0.4584054035098501	0.09929300801348777	-0.2258799614293635	0.29281052454154377	0.019027496244700084	0.041902424738812616	0.33196022936290825	0.17627695966400292	-0.3407780366979419	0.0	0.9961977178539447	0.6195772992893078	0.0038029197995105013	0.0	
