0.0	0.8120687888012857	0.891990139105607	0.9991552013852327	0.9268862517611753	0.7742525951063801	0.5735394275645429	0.8714913786398688	0.9993655386518047	0.8745521087211728	0.985936013489025	1.4901161193847656e-08	0.29283074914514157	0.9725062847195904	0.6637603890571349	0.7742525095040265	
-0.8120687888012857	0.0	0.15343166232049765	0.5496959269454879	0.8456991401437306	0.9657635931500528	0.9999245066814717	0.9068163331915502	0.6121143516352635	0.1165573564461545	0.7110700838434505	0.812068797497033	0.9473559940424587	0.7566292864978513	-0.22003786482322008	-0.062115374319139105	
-0.891990139105607	-0.15343166232049765	0.0	0.41501570744353905	0.7538051008858042	0.9145244212256559	0.9899699423481451	0.8314035283398653	0.4835374234516937	-0.03720863509777472	0.5947694433904398	0.8919901458417492	0.9852646811726606	0.6473498475528461	-0.3671037104723034	-0.21451526443429497	
-0.9991552013852327	-0.5496959269454879	-0.41501570744353905	0.0	0.41311660043227116	0.6641607544645998	0.8420561090370977	0.5258113606770619	0.07665615648673219	-0.4485812632331912	0.20750010873655395	0.9991552019976112	0.9673907060030529	0.27264604493949646	-0.7200355038092245	-0.6005234494463215	
-0.9268862517611753	-0.8456991401437306	-0.7538051008858042	-0.41311660043227116	0.0	0.2959949284118561	0.5440111520163015	0.12744743299652067	-0.3420919551664413	-0.7777328273594829	-0.21515930239008446	0.9268862461681384	0.7763437560165567	-0.1491726404308939	-0.9423975808604578	-0.8772145634024668	
-0.7742525951063801	-0.9657635931500528	-0.9145244212256559	-0.6641607544645998	-0.2959949284118561	0.0	0.27127091801645936	-0.17184473520046983	-0.6048991600186282	-0.9289431654206022	-0.4945803296759591	0.7742525856757824	0.5549869255078688	-0.43517123199500807	-0.999177061570447	-0.9800128835408228	
-0.5735394275645429	-0.9999245066814717	-0.9899699423481451	-0.8420561090370977	-0.5440111520163015	-0.27127091801645936	0.0	-0.43263658333350624	-0.7982308732081541	-0.9945411737568024	-0.7118052818098292	0.5735394153578401	0.3085174256144644	-0.6630917806004816	-0.9727139886534704	-0.9972303898516475	
-0.8714913786398688	-0.9068163331915502	-0.8314035283398653	-0.5258113606770619	-0.12744743299652067	0.17184473520046983	0.43263658333350624	0.0	-0.45906038777410063	-0.8515034867628681	-0.33786723073093694	0.871491371332178	0.6896815674347057	-0.2739776311736653	-0.9773431453533685	-0.931248491829388	
-0.9993655386518047	-0.6121143516352635	-0.4835374234516937	-0.07665615648673219	0.3420919551664413	0.6048991600186282	0.7982308732081541	0.45906038777410063	0.0	-0.5157721826875469	0.1319018230793174	0.9993655381210804	0.9451280971681588	0.1980918153076172	-0.7711114232281615	-0.6600512724583968	
-0.8745521087211728	-0.1165573564461545	0.03720863509777472	0.4485812632331912	0.7777328273594829	0.9289431654206022	0.9945411737568024	0.8515034867628681	0.5157721826875469	0.0	0.624269462030194	0.8745521159472159	0.9782183667784778	0.675261731413359	-0.33223876925510404	-0.17802427493586942	
-0.985936013489025	-0.7110700838434505	-0.5947694433904398	-0.20750010873655395	0.21515930239008446	0.4945803296759591	0.7118052818098292	0.33786723073093694	-0.1319018230793174	-0.624269462030194	0.0	0.9859360109986945	0.8937779862786777	0.06707305804142119	-0.8483559770548468	-0.7533716229689087	
-1.4901161193847656e-08	-0.812068797497033	-0.8919901458417492	-0.9991552019976112	-0.9268862461681384	-0.7742525856757824	-0.5735394153578401	-0.871491371332178	-0.9993655381210804	-0.8745521159472159	-0.9859360109986945	0.0	-0.2928307348971833	-0.972506281249458	-0.663760400202388	-0.7742525189346257	
-0.29283074914514157	-0.9473559940424587	-0.9852646811726606	-0.9673907060030529	-0.7763437560165567	-0.5549869255078688	-0.3085174256144644	-0.6896815674347057	-0.9451280971681588	-0.9782183667784778	-0.8937779862786777	0.2928307348971833	0.0	-0.861682343826632	-0.8536853595876241	-0.9256383914051609	
-0.9725062847195904	-0.7566292864978513	-0.6473498475528461	-0.27264604493949646	0.1491726404308939	0.43517123199500807	0.6630917806004816	0.2739776311736653	-0.1980918153076172	-0.675261731413359	-0.06707305804142119	0.972506281249458	0.861682343826632	0.0	-0.8819557725545767	-0.795781988730524	
-0.6637603890571349	0.22003786482322008	0.3671037104723034	0.7200355038092245	0.9423975808604578	0.999177061570447	0.9727139886534704	0.9773431453533685	0.7711114232281615	0.33223876925510404	0.8483559770548468	0.663760400202388	0.8536853595876241	0.8819557725545767	0.0	0.1590199571533885	
-0.7742525095040265	0.062115374319139105	0.21451526443429497	0.6005234494463215	0.8772145634024668	0.9800128835408228	0.9972303898516475	0.931248491829388	0.6600512724583968	0.17802427493586942	0.7533716229689087	0.7742525189346257	0.9256383914051609	0.795781988730524	-0.1590199571533885	0.0	
