0.0	0.7999999910593032	0.9875758808836764	0.6532494147262567	0.669450080307259	1.4901161193847656e-08	0.7999999690268713	0.9493284141407012	0.9284615283688729	0.9735271600028017	0.9165151214174888	0.9963197611089473	0.9284615283688729	0.9875758808836764	0.9735271406958534	0.6998541860612684	
-0.7999999910593032	0.0	0.7182598295653175	0.997663880644331	0.9959556858841863	0.8	0.9600000186264491	0.3181684251268254	0.8542197890896697	0.7669733972815449	0.22990905513939985	0.6663632723062387	0.8542197890896697	0.7182598295653175	0.4012591405629038	-0.15151606556981118	
-0.9875758808836764	-0.7182598295653175	0.0	0.6450824727946429	0.6284283985534863	0.9875758785420652	0.4668312835145729	-0.459561257921268	0.2209128044117906	0.07274872133033988	-0.5390542025880692	-0.07191520851659929	0.2209128044117906	0.0	-0.37871449041918653	-0.815388459517771	
-0.6532494147262567	-0.997663880644331	-0.6450824727946429	0.0	-0.021598370391214095	0.65324940344395	-0.21376453152621666	-0.9240841755262792	-0.4603424478335315	-0.5877849584143484	-0.9552326069161844	-0.6983635348066473	-0.4603424478335315	-0.6450824727946429	-0.8864132178725984	-0.9964962915194251	
-0.669450080307259	-0.9959556858841863	-0.6284283985534863	0.021598370391214095	0.0	0.6694500692378265	-0.19261553752144484	-0.9156139528358602	-0.44106129480120815	-0.5701743913269615	-0.9486197742868347	-0.6827417387252468	-0.44106129480120815	-0.6284283985534863	-0.8762086688733345	-0.9980702588557038	
-1.4901161193847656e-08	-0.8	-0.9875758785420652	-0.65324940344395	-0.6694500692378265	0.0	-0.7999999600861739	-0.9493284188239245	-0.9284615228341556	-0.9735271565968229	-0.9165151273779538	-0.9963197598317052	-0.9284615228341556	-0.9875758785420652	-0.9735271441018333	-0.6998541967049553	
-0.7999999690268713	-0.9600000186264491	-0.4668312835145729	0.21376453152621666	0.19261553752144484	0.7999999600861739	0.0	-0.8210257154393048	-0.25993410254771876	-0.4012592515673886	-0.8699091305241102	-0.5292204959355663	-0.25993410254771876	-0.4668312835145729	-0.7669734750457229	-0.9913411103510232	
-0.9493284141407012	-0.3181684251268254	0.459561257921268	0.9240841755262792	0.9156139528358602	0.9493284188239245	0.8210257154393048	0.0	0.6444099764920064	0.5229550503608689	-0.09168371861745805	0.39450012844053406	0.6444099764920064	0.459561257921268	0.08897638399016503	-0.4581375181722825	
-0.9284615283688729	-0.8542197890896697	-0.2209128044117906	0.4603424478335315	0.44106129480120815	0.9284615228341556	0.25993410254771876	-0.6444099764920064	0.0	-0.1493760924598687	-0.7118045591977481	-0.29047924567888506	0.0	-0.2209128044117906	-0.5738155987619729	-0.9231326765945171	
-0.9735271600028017	-0.7669733972815449	-0.07274872133033988	0.5877849584143484	0.5701743913269615	0.9735271565968229	0.4012592515673886	-0.5229550503608689	0.1493760924598687	0.0	-0.5989000152240936	-0.14428501153501094	0.1493760924598687	-0.07274872133033988	-0.44504093860861804	-0.8553431941768276	
-0.9165151214174888	-0.22990905513939985	0.5390542025880692	0.9552326069161844	0.9486197742868347	0.9165151273779538	0.8699091305241102	0.09168371861745805	0.7118045591977481	0.5989000152240936	0.0	0.47708635599765176	0.7118045591977481	0.5390542025880692	0.179921708089459	-0.37471197904412723	
-0.9963197611089473	-0.6663632723062387	0.07191520851659929	0.6983635348066473	0.6827417387252468	0.9963197598317052	0.5292204959355663	-0.39450012844053406	0.29047924567888506	0.14428501153501094	-0.47708635599765176	0.0	0.29047924567888506	0.07191520851659929	-0.3111754035834201	-0.771644478390909	
-0.9284615283688729	-0.8542197890896697	-0.2209128044117906	0.4603424478335315	0.44106129480120815	0.9284615228341556	0.25993410254771876	-0.6444099764920064	0.0	-0.1493760924598687	-0.7118045591977481	-0.29047924567888506	0.0	-0.2209128044117906	-0.5738155987619729	-0.9231326765945171	
-0.9875758808836764	-0.7182598295653175	0.0	0.6450824727946429	0.6284283985534863	0.9875758785420652	0.4668312835145729	-0.459561257921268	0.2209128044117906	0.07274872133033988	-0.5390542025880692	-0.07191520851659929	0.2209128044117906	0.0	-0.37871449041918653	-0.815388459517771	
-0.9735271406958534	-0.4012591405629038	0.37871449041918653	0.8864132178725984	0.8762086688733345	0.9735271441018333	0.7669734750457229	-0.08897638399016503	0.5738155987619729	0.44504093860861804	-0.179921708089459	0.3111754035834201	0.5738155987619729	0.37871449041918653	0.0	-0.5354098701111202	
-0.6998541860612684	0.15151606556981118	0.815388459517771	0.9964962915194251	0.9980702588557038	0.6998541967049553	0.9913411103510232	0.4581375181722825	0.9231326765945171	0.8553431941768276	0.37471197904412723	0.771644478390909	0.9231326765945171	0.815388459517771	0.5354098701111202	0.0	
