0.0	0.8063799023851522	0.9953063614848466	0.9953063653795994	0.9999421873020475	0.8565108405966582	0.9027776706059232	0.9307754517758392	0.9078224003519743	0.880998898234415	0.9078224188556454	0.0	0.8362246681051266	0.9997687304421676	0.9741721789064465	0.988604273281316	
-0.8063799023851522	0.0	0.5105852984798938	0.6666588167315346	0.5826928728844617	0.9227347759453488	0.8807308597049267	0.25565308669151937	0.19872492117589957	0.13950777932354902	0.8750435442962854	0.8063799023851522	0.9367497538198197	0.5739195220341222	0.39403755553123554	0.46326791816844276	
-0.9953063614848466	-0.5105852984798938	0.0	0.19263992459025875	0.08606631043538006	0.596594666907523	0.5154543407934473	-0.273800373362931	-0.32953275773926544	-0.38563970190516206	0.5052403021344112	0.9953063614848466	0.6267380496967483	0.07534728412440718	-0.130471886442586	-0.054159710327312954	
-0.9953063653795994	-0.6666588167315346	-0.19263992459025875	0.0	-0.10747087035175444	0.43081839157704255	0.3407231955807529	-0.45395044659209355	-0.5052403054813515	-0.5561556047360855	0.32953275407753646	0.9953063653795994	0.46488813011723934	-0.11815632441205959	-0.31902132493974844	-0.2455024568775754	
-0.9999421873020475	-0.5826928728844617	-0.08606631043538006	0.10747087035175444	0.0	0.5253090590943087	0.4397900130788025	-0.35556183191159574	-0.4095689999230132	-0.4636177859989029	0.4290921702448146	0.9999421873020475	0.5573470298861071	-0.010753952991142226	-0.21531837529741282	-0.13989873558386937	
-0.8565108405966582	-0.9227347759453488	-0.596594666907523	-0.43081839157704255	-0.5253090590943087	0.0	-0.0975580150212641	-0.7935332166313032	-0.8277354729809091	-0.8599400773520743	-0.10937156830939126	0.8565108405966582	0.038099582117678665	-0.5344293452189789	-0.696204242764692	-0.6391845172087998	
-0.9027776706059232	-0.8807308597049267	-0.5154543407934473	-0.3407231955807529	-0.4397900130788025	0.0975580150212641	0.0	-0.730381255790381	-0.7690454336182856	-0.8060449015029156	-0.011877090179527594	0.9027776706059232	0.13540502376667884	-0.44942271400770556	-0.6228518253363693	-0.5611081800850035	
-0.9307754517758392	-0.25565308669151937	0.273800373362931	0.45395044659209355	0.35556183191159574	0.7935332166313032	0.730381255790381	0.0	-0.058433153395438864	-0.11828131020777755	0.7222172142374848	0.9307754517758392	0.8161416917724014	0.3454900595426989	0.14597382562688777	0.22130843206512918	
-0.9078224003519743	-0.19872492117589957	0.32953275773926544	0.5052403054813515	0.4095689999230132	0.8277354729809091	0.7690454336182856	0.058433153395438864	0.0	-0.060056245661836705	0.7613994227171299	0.9078224003519743	0.8485128743455329	0.3997347094058241	0.20353164747881086	0.2779145245719571	
-0.880998898234415	-0.13950777932354902	0.38563970190516206	0.5561556047360855	0.4636177859989029	0.8599400773520743	0.8060449015029156	0.11828131020777755	0.060056245661836705	0.0	0.7989585390854155	0.880998898234415	0.8787615520646319	0.45406259516533654	0.2619634421730458	0.3351032657178453	
-0.9078224188556454	-0.8750435442962854	-0.5052403021344112	-0.32953275407753646	-0.4290921702448146	0.10937156830939126	0.011877090179527594	-0.7222172142374848	-0.7613994227171299	-0.7989585390854155	0.0	0.9078224188556454	0.1471631790641577	-0.43878098101733426	-0.6135159717392151	-0.5512374301912241	
-0.0	-0.8063799023851522	-0.9953063614848466	-0.9953063653795994	-0.9999421873020475	-0.8565108405966582	-0.9027776706059232	-0.9307754517758392	-0.9078224003519743	-0.880998898234415	-0.9078224188556454	0.0	-0.8362246681051266	-0.9997687304421676	-0.9741721789064465	-0.988604273281316	
-0.8362246681051266	-0.9367497538198197	-0.6267380496967483	-0.46488813011723934	-0.5573470298861071	-0.038099582117678665	-0.13540502376667884	-0.8161416917724014	-0.8485128743455329	-0.8787615520646319	-0.1471631790641577	0.8362246681051266	0.0	-0.5662435893253793	-0.7230483088046813	-0.6680210492771504	
-0.9997687304421676	-0.5739195220341222	-0.07534728412440718	0.11815632441205959	0.010753952991142226	0.5344293452189789	0.44942271400770556	-0.3454900595426989	-0.3997347094058241	-0.45406259516533654	0.43878098101733426	0.9997687304421676	0.5662435893253793	0.0	-0.20480421717907324	-0.12924244923812042	
-0.9741721789064465	-0.39403755553123554	0.130471886442586	0.31902132493974844	0.21531837529741282	0.696204242764692	0.6228518253363693	-0.14597382562688777	-0.20353164747881086	-0.2619634421730458	0.6135159717392151	0.9741721789064465	0.7230483088046813	0.20480421717907324	0.0	0.07658363737171311	
-0.988604273281316	-0.46326791816844276	0.054159710327312954	0.2455024568775754	0.13989873558386937	0.6391845172087998	0.5611081800850035	-0.22130843206512918	-0.2779145245719571	-0.3351032657178453	0.5512374301912241	0.988604273281316	0.6680210492771504	0.12924244923812042	-0.07658363737171311	0.0	
