0.0	0.07681528364453238	-0.6091207223176416	-0.5201032267860645	0.0911557290992342	0.41152885515552884	0.729567597857914	0.8736431513948154	-0.16960527450566726	-0.9281894010173015	-0.8736431513948154	-0.9969260265060639	-0.9823366446669668	-0.976825587343906	-0.9496723005083689	-0.6652503244837172	
-0.07681528364453238	0.0	-0.6682414526587633	-0.5841746947894048	0.014390920295725973	0.34030372935030023	0.6748773331064548	0.833686036089098	-0.24480653838184513	-0.9540305069538195	-0.833686036089098	-0.9999988174057922	-0.9938080195770467	-0.9903807020425592	-0.9228043280293213	-0.7206365936699579	
0.6091207223176416	0.6682414526587633	0.0	0.1077699105830143	0.6788782985871926	0.8815249171537252	0.9951866238167685	0.9892449067346173	0.4657856975253425	-0.5094673912888465	-0.9892449067346173	-0.7429158816209017	-0.6650890978775962	-0.6443241310200867	-0.9439678584015402	-0.07281312369848233	
0.5201032267860645	0.5841746947894048	-0.1077699105830143	0.0	0.5957942738896627	0.8255085788465366	0.9788292981041048	0.9992467668243826	0.36770756731708404	-0.59923510977353	-0.9992467668243826	-0.8107285762945396	-0.7416942187511967	-0.7229888094552066	-0.9740381607581055	-0.17987289638744203	
-0.0911557290992342	-0.014390920295725973	-0.6788782985871926	-0.5957942738896627	0.0	0.32673648288958673	0.664187955574641	0.8256524807538986	-0.25873422012320635	-0.9582448083578629	-0.8256524807538986	-0.9999173949060923	-0.9953040934670874	-0.992269405173698	-0.9171643924376981	-0.7305393803517757	
-0.41152885515552884	-0.34030372935030023	-0.8815249171537252	-0.8255085788465366	-0.32673648288958673	0.0	0.38347735635321384	0.5959990678645554	-0.5601443489061626	-0.9990820050302274	-0.5959990678645554	-0.9408378170148529	-0.9723045901765942	-0.9783579857564445	-0.7366188138371108	-0.913562805126301	
-0.729567597857914	-0.6748773331064548	-0.9951866238167685	-0.9788292981041048	-0.664187955574641	-0.38347735635321384	0.0	0.242508492233936	-0.8349922016143789	-0.9062748239970477	-0.242508492233936	-0.7389669647690192	-0.8083468765996138	-0.8242138732469464	-0.4209556466746226	-0.9996805335235127	
-0.8736431513948154	-0.833686036089098	-0.9892449067346173	-0.9992467668243826	-0.8256524807538986	-0.5959990678645554	-0.242508492233936	0.0	-0.9435102395367735	-0.7767162121537872	-0.0	-0.5535201967664146	-0.641450820324745	-0.6622831204444345	-0.18841491926072748	-0.9759687801890573	
0.16960527450566726	0.24480653838184513	-0.4657856975253425	-0.36770756731708404	0.25873422012320635	0.5601443489061626	0.8349922016143789	0.9435102395367735	0.0	-0.8516303670739205	-0.9435102395367735	-0.9691943075388781	-0.9363677139188422	-0.9263716337327575	-0.9890415488891325	-0.5289814718913444	
0.9281894010173015	0.9540305069538195	0.5094673912888465	0.59923510977353	0.9582448083578629	0.9990820050302274	0.9062748239970477	0.7767162121537872	0.8516303670739205	0.0	-0.7767162121537872	-0.29824193871574023	-0.19185057965452973	-0.16481797749753696	-0.6441315771644874	0.44546009970645595	
0.8736431513948154	0.833686036089098	0.9892449067346173	0.9992467668243826	0.8256524807538986	0.5959990678645554	0.242508492233936	0.0	0.9435102395367735	0.7767162121537872	0.0	0.5535201967664146	0.641450820324745	0.6622831204444345	0.18841491926072748	0.9759687801890573	
0.9969260265060639	0.9999988174057922	0.7429158816209017	0.8107285762945396	0.9999173949060923	0.9408378170148529	0.7389669647690192	0.5535201967664146	0.9691943075388781	0.29824193871574023	-0.5535201967664146	0.0	0.1095823214611562	0.13684602023465153	-0.3866877011610406	0.6922038896032116	
0.9823366446669668	0.9938080195770467	0.6650890978775962	0.7416942187511967	0.9953040934670874	0.9723045901765942	0.8083468765996138	0.641450820324745	0.9363677139188422	0.19185057965452973	-0.641450820324745	-0.1095823214611562	0.0	0.02747048838268673	-0.48541695305678695	0.6089494659459938	
0.976825587343906	0.9903807020425592	0.6443241310200867	0.7229888094552066	0.992269405173698	0.9783579857564445	0.8242138732469464	0.6622831204444345	0.9263716337327575	0.16481797749753696	-0.6622831204444345	-0.13684602023465153	-0.02747048838268673	0.0	-0.5092507389301935	0.586929818362433	
0.9496723005083689	0.9228043280293213	0.9439678584015402	0.9740381607581055	0.9171643924376981	0.7366188138371108	0.4209556466746226	0.18841491926072748	0.9890415488891325	0.6441315771644874	-0.18841491926072748	0.3866877011610406	0.48541695305678695	0.5092507389301935	0.0	0.9174311379320828	
0.6652503244837172	0.7206365936699579	0.07281312369848233	0.17987289638744203	0.7305393803517757	0.913562805126301	0.9996805335235127	0.9759687801890573	0.5289814718913444	-0.44546009970645595	-0.9759687801890573	-0.6922038896032116	-0.6089494659459938	-0.586929818362433	-0.9174311379320828	0.0	
