0.0	0.3460437639070857	0.9442627981385261	0.26214890378949224	-0.4938928963322159	-0.6251200259726798	-0.8788949604593452	-0.41573568616285056	-0.021843090168684576	-0.09065396103037032	-0.5121203384401712	-0.8735270555296707	-0.9220699132679925	-0.9442627981385261	-0.5157478323684983	0.3260110918088177	
-0.3460437639070857	0.0	0.772009658723928	-0.08798880850733276	-0.7642723131693081	-0.8565961604141159	-0.989663587646527	-0.7047726375254929	-0.36645479025219	-0.42967212402710714	-0.7777024427953838	-0.9880047921614812	-0.9990299503182085	-0.772009658723928	-0.7803537765288555	-0.02126839372692746	
-0.9442627981385261	-0.772009658723928	0.0	-0.8249420277142626	-0.9836438685854862	-0.9428090415820634	-0.7397535708149804	-0.9956504162284542	-0.9512280913017123	-0.9702173644402928	-0.9796264877623351	-0.7472027314571694	-0.6689903457188099	-0.0	-0.9787684906803715	-0.7853534524986023	
-0.26214890378949224	0.08798880850733276	0.8249420277142626	0.0	-0.7045646302644111	-0.8078727024172601	-0.9732068024963894	-0.639616965000457	-0.28316553930846405	-0.34855305282289945	-0.7193734643106674	-0.9705852642067933	-0.9912805117037272	-0.8249420277142626	-0.7223043742307869	0.06678300214582195	
0.4938928963322159	0.7642723131693081	0.9836438685854862	0.7045646302644111	0.0	-0.15805853279095866	-0.5286246649858808	0.08769678242373288	0.4747819952813729	0.41303358771897514	-0.021088904020320792	-0.519136634414624	-0.6106126792927753	-0.9836438685854862	-0.025316456808225862	0.7503835841510045	
0.6251200259726798	0.8565961604141159	0.9428090415820634	0.8078727024172601	0.15805853279095866	0.0	-0.3878108346983883	0.2440439787356482	0.6079217219665662	0.5517880519814385	0.1371995701508623	-0.377519707254496	-0.4777659246959497	-0.9428090415820634	0.13300965052269123	0.8454281765741445	
0.8788949604593452	0.989663587646527	0.7397535708149804	0.9732068024963894	0.5286246649858808	0.3878108346983883	0.0	0.6010298996921775	0.8682657766024171	0.832032737416734	0.5106056652122597	0.0111388022575164	-0.09968863288737773	-0.7397535708149804	0.5069652158534659	0.9863896604921547	
0.41573568616285056	0.7047726375254929	0.9956504162284542	0.639616965000457	-0.08769678242373288	-0.2440439787356482	-0.6010298996921775	0.0	0.39577052294472054	0.33157541345192276	-0.10868493205085471	-0.5920901863993695	-0.6777097792953597	-0.9956504162284542	-0.11288759242572492	0.6895247138751464	
0.021843090168684576	0.36645479025219	0.9512280913017123	0.28316553930846405	-0.4747819952813729	-0.6079217219665662	-0.8682657766024171	-0.39577052294472054	0.0	-0.06887918180551325	-0.4932368226997337	-0.8626859585067362	-0.9133961317775046	-0.9512280913017123	-0.49691092215606736	0.34658302278439745	
0.09065396103037032	0.42967212402710714	0.9702173644402928	0.34855305282289945	-0.41303358771897514	-0.5517880519814385	-0.832032737416734	-0.33157541345192276	0.06887918180551325	0.0	-0.4321477287850376	-0.8258021303192193	-0.8831880467959826	-0.9702173644402928	-0.4359573021790001	0.41036989312172567	
0.5121203384401712	0.7777024427953838	0.9796264877623351	0.7193734643106674	0.021088904020320792	-0.1371995701508623	-0.5106056652122597	0.10868493205085471	0.4932368226997337	0.4321477287850376	0.0	-0.5009966786674555	-0.5937759588205939	-0.9796264877623351	-0.004228681782501298	0.7641565231113997	
0.8735270555296707	0.9880047921614812	0.7472027314571694	0.9705852642067933	0.519136634414624	0.377519707254496	-0.0111388022575164	0.5920901863993695	0.8626859585067362	0.8258021303192193	0.5009966786674555	0.0	-0.11076576470128696	-0.7472027314571694	0.49733249000824775	0.9844969737541958	
0.9220699132679925	0.9990299503182085	0.6689903457188099	0.9912805117037272	0.6106126792927753	0.4777659246959497	0.09968863288737773	0.6777097792953597	0.9133961317775046	0.8831880467959826	0.5937759588205939	0.11076576470128696	0.0	-0.6689903457188099	0.5903681239270682	0.9978673995258063	
0.9442627981385261	0.772009658723928	0.0	0.8249420277142626	0.9836438685854862	0.9428090415820634	0.7397535708149804	0.9956504162284542	0.9512280913017123	0.9702173644402928	0.9796264877623351	0.7472027314571694	0.6689903457188099	0.0	0.9787684906803715	0.7853534524986023	
0.5157478323684983	0.7803537765288555	0.9787684906803715	0.7223043742307869	0.025316456808225862	-0.13300965052269123	-0.5069652158534659	0.11288759242572492	0.49691092215606736	0.4359573021790001	0.004228681782501298	-0.49733249000824775	-0.5903681239270682	-0.9787684906803715	0.0	0.766877321092782	
-0.3260110918088177	0.02126839372692746	0.7853534524986023	-0.06678300214582195	-0.7503835841510045	-0.8454281765741445	-0.9863896604921547	-0.6895247138751464	-0.34658302278439745	-0.41036989312172567	-0.7641565231113997	-0.9844969737541958	-0.9978673995258063	-0.7853534524986023	-0.766877321092782	0.0	
