0.0	-0.4806307943310225	0.682561125945985	0.7596844730070277	0.955490844945281	0.4806307943310226	0.9930850553416304	0.9824179071099435	0.9537727324591084	0.251009546119234	0.9980969313450816	0.9908025114210017	0.7861620872823452	0.8050091377618727	0.6025459041794049	0.07018843376560763	
0.4806307943310225	0.0	0.949812272629495	0.9787351193914634	0.6960958888455575	0.0	0.92728382652841	0.7717735013502924	0.9808287036946752	0.6853592699630415	0.9048920848729846	0.8038205907235746	0.9864432764488728	0.9910712539334819	0.9119702493617258	0.540995294535422	
-0.682561125945985	-0.949812272629495	0.0	0.11133512734636714	0.8996696473833261	0.9498122726294952	0.6456441915121361	0.8454098234230639	0.49191501048976854	-0.47726373390527943	0.6873478733602643	0.8164680712627699	0.1527129892377455	0.18338576863402795	-0.10438354390333232	-0.6295820516526351	
-0.7596844730070277	-0.9787351193914634	-0.11133512734636714	0.0	0.8454706034609681	0.9787351193914636	0.5566103925859623	0.7806877261698122	0.3919235607061348	-0.572133415037822	0.6022087141590291	0.7471081684492522	0.04173432908072355	0.07279864651705226	-0.21446149941776652	-0.7121679346479795	
-0.955490844945281	-0.6960958888455575	-0.8996696473833261	-0.8454706034609681	0.0	0.6960958888455576	-0.40515253061862183	-0.11144822444978147	-0.5685352917562598	-0.9989534596961412	-0.3533792137004243	-0.163014233546819	-0.822446933162992	-0.8043512049219155	-0.9403257192803011	-0.9738414109520416	
-0.4806307943310226	-0.0	-0.9498122726294952	-0.9787351193914636	-0.6960958888455576	0.0	-0.9272838265284102	-0.7717735013502927	-0.9808287036946755	-0.6853592699630416	-0.9048920848729848	-0.8038205907235748	-0.986443276448873	-0.9910712539334822	-0.911970249361726	-0.5409952945354222	
-0.9930850553416304	-0.92728382652841	-0.6456441915121361	-0.5566103925859623	0.40515253061862183	0.9272838265284102	0.0	0.3007370887595077	-0.18648055753668027	-0.931823265179903	0.055935524474788445	0.2506974786513067	-0.5214536608410909	-0.4946543172223873	-0.7218283929428568	-0.9823959432941942	
-0.9824179071099435	-0.7717735013502924	-0.8454098234230639	-0.7806877261698122	0.11144822444978147	0.7717735013502927	-0.3007370887595077	0.0	-0.47330958352619357	-0.997827665208646	-0.246920143673438	-0.05204123277056627	-0.7539268741720708	-0.733122867641348	-0.8965445964223556	-0.9930988554251949	
-0.9537727324591084	-0.9808287036946752	-0.49191501048976854	-0.3919235607061348	0.5685352917562598	0.9808287036946755	0.18648055753668027	0.47330958352619357	0.0	-0.8478017236928672	0.24114294033994	0.42682529728189367	-0.35318660442427185	-0.32390906015323884	-0.5801085611470351	-0.9303268435686833	
-0.251009546119234	-0.6853592699630415	0.47726373390527943	0.572133415037822	0.9989534596961412	0.6853592699630416	0.931823265179903	0.997827665208646	0.8478017236928672	0.0	0.9506640816557226	0.993047157809672	0.605863790987335	0.6303219288519839	0.3829284032814767	-0.18244917022136675	
-0.9980969313450816	-0.9048920848729846	-0.6873478733602643	-0.6022087141590291	0.3533792137004243	0.9048920848729848	-0.055935524474788445	0.246920143673438	-0.24114294033994	-0.9506640816557226	0.0	0.1961557320420398	-0.5683659061854607	-0.5424928726156661	-0.7594097011811243	-0.991307237912139	
-0.9908025114210017	-0.8038205907235746	-0.8164680712627699	-0.7471081684492522	0.163014233546819	0.8038205907235748	-0.2506974786513067	0.05204123277056627	-0.42682529728189367	-0.993047157809672	-0.1961557320420398	0.0	-0.7187163335152851	-0.6967363945269721	-0.8722778767365703	-0.9978565540494573	
-0.7861620872823452	-0.9864432764488728	-0.1527129892377455	-0.04173432908072355	0.822446933162992	0.986443276448873	0.5214536608410909	0.7539268741720708	0.35318660442427185	-0.605863790987335	0.5683659061854607	0.7187163335152851	0.0	0.03111162656158864	-0.25503792161018124	-0.7408453340675824	
-0.8050091377618727	-0.9910712539334819	-0.18338576863402795	-0.07279864651705226	0.8043512049219155	0.9910712539334822	0.4946543172223873	0.733122867641348	0.32390906015323884	-0.6303219288519839	0.5424928726156661	0.6967363945269721	-0.03111162656158864	0.0	-0.2849972596663376	-0.7613836251021558	
-0.6025459041794049	-0.9119702493617258	0.10438354390333232	0.21446149941776652	0.9403257192803011	0.911970249361726	0.7218283929428568	0.8965445964223556	0.5801085611470351	-0.3829284032814767	0.7594097011811243	0.8722778767365703	0.25503792161018124	0.2849972596663376	0.0	-0.5450435938540747	
-0.07018843376560763	-0.540995294535422	0.6295820516526351	0.7121679346479795	0.9738414109520416	0.5409952945354222	0.9823959432941942	0.9930988554251949	0.9303268435686833	0.18244917022136675	0.991307237912139	0.9978565540494573	0.7408453340675824	0.7613836251021558	0.5450435938540747	0.0	
