0.0	-0.24417767002551122	0.50507664720324	0.8926787884918259	0.9894126266760992	0.9372747576021019	0.9872118047920808	0.9719713510083486	0.6871925809041584	-0.041647195837801965	-0.1868770471983882	-0.855649856371953	-0.9372747576021019	-0.9372747576021019	-0.5201010824814581	-0.5396779614925333	
0.24417767002551122	0.0	0.7005317543330546	0.9757071334939608	0.9949010653031509	0.8237856718892549	0.9962547700511186	0.8851442701319355	0.8437806584510407	0.20357925985582398	0.05865569327160636	-0.7033743648393691	-0.8237856718892549	-0.8237856718892549	-0.2958045896474787	-0.3177759535293743	
-0.50507664720324	-0.7005317543330546	0.0	0.5428135591056419	0.7806351364664972	0.9850033585711055	0.7715209931848444	0.9576268600217228	0.22617268120498438	-0.5405830646087069	-0.657467681621746	-0.9998945809900834	-0.9850033585711055	-0.9850033585711055	-0.8802743238246191	-0.8909919401970369	
-0.8926787884918259	-0.9757071334939608	-0.5428135591056419	0.0	0.3163675047138938	0.7336038199498496	0.30262431056421063	0.647929296778944	-0.33879589668438514	-0.9106743998986089	-0.9611770037001333	-0.8476462763878346	-0.7336038199498496	-0.7336038199498496	-0.9968473102918292	-0.9947501898266535	
-0.9894126266760992	-0.9949010653031509	-0.7806351364664972	-0.3163675047138938	0.0	0.48092730742222106	-0.014452478832378046	0.37367223323196924	-0.6190517207849968	-0.9945984401901768	-0.9991038773621804	-0.6362558695983922	-0.48092730742222106	-0.48092730742222106	-0.9205441471232112	-0.9112816823516501	
-0.9372747576021019	-0.8237856718892549	-0.9850033585711055	-0.7336038199498496	-0.48092730742222106	0.0	-0.49354844031954537	-0.118468280822967	-0.9204564451700921	-0.9219437003236616	-0.8556193306222656	-0.1868191080707573	-0.0	-0.0	-0.6192279769361783	-0.6009378018907227	
-0.9872118047920808	-0.9962547700511186	-0.7715209931848444	-0.30262431056421063	0.014452478832378046	0.49354844031954537	0.0	0.38703875897786366	-0.6076368080385632	-0.9929944291295548	-0.9996112358470545	-0.6473391884280048	-0.49354844031954537	-0.49354844031954537	-0.926093698476232	-0.9171377988894108	
-0.9719713510083486	-0.8851442701319355	-0.9576268600217228	-0.647929296778944	-0.37367223323196924	0.118468280822967	-0.38703875897786366	0.0	-0.8676716878441187	-0.9613368207572505	-0.9109137660176897	-0.3018860649361822	-0.118468280822967	-0.118468280822967	-0.7078898999883599	-0.6913970980395083	
-0.6871925809041584	-0.8437806584510407	-0.22617268120498438	0.33879589668438514	0.6190517207849968	0.9204564451700921	0.6076368080385632	0.8676716878441187	0.0	-0.7168520172514311	-0.8108480810624263	-0.977268535949026	-0.9204564451700921	-0.9204564451700921	-0.9647750116116058	-0.9705905868451999	
0.041647195837801965	-0.20357925985582398	0.5405830646087069	0.9106743998986089	0.9945984401901768	0.9219437003236616	0.9929944291295548	0.9613368207572505	0.7168520172514311	0.0	-0.14580139864667213	-0.8333527564352599	-0.9219437003236616	-0.9219437003236616	-0.48407876561443103	-0.5041481365493844	
0.1868770471983882	-0.05865569327160636	0.657467681621746	0.9611770037001333	0.9991038773621804	0.8556193306222656	0.9996112358470545	0.9109137660176897	0.8108480810624263	0.14580139864667213	0.0	-0.7438569623524286	-0.8556193306222656	-0.8556193306222656	-0.35132605621288726	-0.3728441541417847	
0.855649856371953	0.7033743648393691	0.9998945809900834	0.8476462763878346	0.6362558695983922	0.1868191080707573	0.6473391884280048	0.3018860649361822	0.977268535949026	0.8333527564352599	0.7438569623524286	0.0	-0.1868191080707573	-0.1868191080707573	0.4616335878905615	0.4410341632611011	
0.9372747576021019	0.8237856718892549	0.9850033585711055	0.7336038199498496	0.48092730742222106	0.0	0.49354844031954537	0.118468280822967	0.9204564451700921	0.9219437003236616	0.8556193306222656	0.1868191080707573	0.0	0.0	0.6192279769361783	0.6009378018907227	
0.9372747576021019	0.8237856718892549	0.9850033585711055	0.7336038199498496	0.48092730742222106	0.0	0.49354844031954537	0.118468280822967	0.9204564451700921	0.9219437003236616	0.8556193306222656	0.1868191080707573	0.0	0.0	0.6192279769361783	0.6009378018907227	
0.5201010824814581	0.2958045896474787	0.8802743238246191	0.9968473102918292	0.9205441471232112	0.6192279769361783	0.926093698476232	0.7078898999883599	0.9647750116116058	0.48407876561443103	0.35132605621288726	-0.4616335878905615	-0.6192279769361783	-0.6192279769361783	0.0	-0.02308318969351142	
0.5396779614925333	0.3177759535293743	0.8909919401970369	0.9947501898266535	0.9112816823516501	0.6009378018907227	0.9171377988894108	0.6913970980395083	0.9705905868451999	0.5041481365493844	0.3728441541417847	-0.4410341632611011	-0.6009378018907227	-0.6009378018907227	0.02308318969351142	0.0	
