0.0	0.1887269791806584	0.2332999090717635	0.4392907116077641	0.936344042104346	0.6431195710907188	0.984957963552004	0.691751254914918	0.21126536517569122	0.15391182254693825	0.22234392029628952	0.0	-0.05804044040831918	-0.13736127250838842	-0.6431195710907188	-0.28892106894370356	
-0.1887269791806584	0.0	0.04558838943036164	0.26185454909188643	0.8532585762763458	0.7760831134224316	0.9998687844289204	0.5430336858148297	0.023001667380846302	-0.03533225435335491	0.034345488629486665	-0.1887269791806584	-0.2454062596599162	-0.3218308738844756	-0.7760831134224316	-0.46440736544395633	
-0.2332999090717635	-0.04558838943036164	0.0	0.2175846115776634	0.8285976499312742	0.8040256618061992	0.9980907345298191	0.504188030448026	-0.022598575205529825	-0.080855444719101	-0.011251713246696271	-0.2332999090717635	-0.28934542428077126	-0.3646592274657942	-0.8040256618061992	-0.5042985922727274	
-0.4392907116077641	-0.26185454909188643	-0.2175846115776634	0.0	0.6869321004372975	0.914137017457557	0.9607388789508059	0.3042036786597119	-0.2395861911276237	-0.2957904709378818	-0.22855297657603912	-0.4392907116077641	-0.4906905069367006	-0.5585244885935781	-0.914137017457557	-0.6801070327496537	
-0.936344042104346	-0.8532585762763458	-0.8285976499312742	-0.6869321004372975	0.0	0.9428090811342769	0.5075975354959754	-0.4333049513451871	-0.8410377317799949	-0.8711511684770652	-0.8348444080880946	-0.936344042104346	-0.9551426423556835	-0.9756937683757546	-0.9428090811342769	-0.997847210914187	
-0.6431195710907188	-0.7760831134224316	-0.8040256618061992	-0.914137017457557	-0.9428090811342769	0.0	-0.643119810859403	-0.9941391386315713	-0.7903833386786039	-0.7533169413158116	-0.7972845570413152	-0.6431195710907188	-0.5975900385233517	-0.5318368893526197	-0.0	-0.39444653477583286	
-0.984957963552004	-0.9998687844289204	-0.9980907345298191	-0.9607388789508059	-0.5075975354959754	0.643119810859403	0.0	-0.8308040203862644	-0.9992316372949086	-0.9998168414183296	-0.9987225122365069	-0.984957963552004	-0.9732685064753299	-0.9518863405685978	-0.643119810859403	-0.8930285201261674	
-0.691751254914918	-0.5430336858148297	-0.504188030448026	-0.3042036786597119	0.4333049513451871	0.9941391386315713	0.8308040203862644	0.0	-0.5235752624745154	-0.5723635065055853	-0.5138730250329706	-0.691751254914918	-0.7324982066827115	-0.7843876557776037	-0.9941391386315713	-0.8708903495042656	
-0.21126536517569122	-0.023001667380846302	0.022598575205529825	0.2395861911276237	0.8410377317799949	0.7903833386786039	0.9992316372949086	0.5235752624745154	0.0	-0.058310212002663564	0.011348304879013782	-0.21126536517569122	-0.2676396155855987	-0.34352363968432614	-0.7903833386786039	-0.4846552714441503	
-0.15391182254693825	0.03533225435335491	0.080855444719101	0.2957904709378818	0.8711511684770652	0.7533169413158116	0.9998168414183296	0.5723635065055853	0.058310212002663564	0.0	0.06963545304500313	-0.15391182254693825	-0.21100122761914808	-0.28817745086641094	-0.7533169413158116	-0.43282638799336537	
-0.22234392029628952	-0.034345488629486665	0.011251713246696271	0.22855297657603912	0.8348444080880946	0.7972845570413152	0.9987225122365069	0.5138730250329706	-0.011348304879013782	-0.06963545304500313	0.0	-0.22234392029628952	-0.2785566895638011	-0.3541592115709357	-0.7972845570413152	-0.49455048432535476	
0.0	0.1887269791806584	0.2332999090717635	0.4392907116077641	0.936344042104346	0.6431195710907188	0.984957963552004	0.691751254914918	0.21126536517569122	0.15391182254693825	0.22234392029628952	0.0	-0.05804044040831918	-0.13736127250838842	-0.6431195710907188	-0.28892106894370356	
0.05804044040831918	0.2454062596599162	0.28934542428077126	0.4906905069367006	0.9551426423556835	0.5975900385233517	0.9732685064753299	0.7324982066827115	0.2676396155855987	0.21100122761914808	0.2785566895638011	0.05804044040831918	0.0	-0.07963943743715296	-0.5975900385233517	-0.23286883008451542	
0.13736127250838842	0.3218308738844756	0.3646592274657942	0.5585244885935781	0.9756937683757546	0.5318368893526197	0.9518863405685978	0.7843876557776037	0.34352363968432614	0.28817745086641094	0.3541592115709357	0.13736127250838842	0.07963943743715296	0.0	-0.5318368893526197	-0.15467917490585603	
0.6431195710907188	0.7760831134224316	0.8040256618061992	0.914137017457557	0.9428090811342769	0.0	0.643119810859403	0.9941391386315713	0.7903833386786039	0.7533169413158116	0.7972845570413152	0.6431195710907188	0.5975900385233517	0.5318368893526197	0.0	0.39444653477583286	
0.28892106894370356	0.46440736544395633	0.5042985922727274	0.6801070327496537	0.997847210914187	0.39444653477583286	0.8930285201261674	0.8708903495042656	0.4846552714441503	0.43282638799336537	0.49455048432535476	0.28892106894370356	0.23286883008451542	0.15467917490585603	-0.39444653477583286	0.0	
