0.0	-0.8953425086027406	-0.9897433211927765	-0.9447710509096926	-0.9186991835467652	-0.848364987605195	-0.9324322992425222	-0.8025100701852542	-0.8586245257928082	-0.8264397391416322	-0.9920238269675267	-0.9447710074722434	-0.9991169030293867	-0.9504346716573036	-0.6238894683511262	-1.4901161193847656e-08	
0.8953425086027406	0.0	-0.5687162124453856	-0.7142120525140516	-0.7627913149202785	0.09616156393833647	-0.09175778382057481	-0.8916164137410018	-0.8413697747093507	-0.8721786714300523	-0.32896747908113505	-0.12734878488110757	-0.40736549054573645	-0.7016867017095421	-0.9775882488377237	-0.8953425152393937	
0.9897433211927765	0.5687162124453856	0.0	-0.18940237234396967	-0.25966430402777985	0.645176770493119	0.49084312166627747	-0.4758747617890878	-0.3846867803562203	-0.4391876102133931	0.2664753051775747	0.45933704224715804	0.18431684605985377	-0.17195890786573184	-0.6843698125030424	-0.9897433190640393	
0.9447710509096926	0.7142120525140516	0.18940237234396967	0.0	-0.07205859442414259	0.7782085114947408	0.6469750769759399	-0.3006793592860218	-0.2028964553843398	-0.2610799055897213	0.4442058975792361	0.6192617794318649	0.3671379480461058	0.017734682413528324	-0.5338825029366654	-0.9447710460261188	
0.9186991835467652	0.7627913149202785	0.25966430402777985	0.07205859442414259	0.0	0.8214387093651849	0.7002386824141016	-0.23117360974001722	-0.13180921591479128	-0.19084180231108366	0.5076102168641511	0.6742312451292396	0.4332100273633534	0.08973584097833481	-0.47156485263115455	-0.9186991776614325	
0.848364987605195	-0.09616156393833647	-0.645176770493119	-0.7782085114947408	-0.8214387093651849	0.0	-0.1870884468077062	-0.9310255720105771	-0.8894421163712134	-0.9151777981285205	-0.418252289353353	-0.2221372335596012	-0.49329866397097266	-0.7669486345710956	-0.9933023631340842	-0.8483649954940453	
0.9324322992425222	0.09175778382057481	-0.49084312166627747	-0.6469750769759399	-0.7002386824141016	0.1870884468077062	0.0	-0.8463078541367515	-0.7882289326640182	-0.8236125035297636	-0.2409290220929349	-0.035800853998176396	-0.3218477682151729	-0.6333504329760631	-0.9541467487615708	-0.932432304626978	
0.8025100701852542	0.8916164137410018	0.4758747617890878	0.3006793592860218	0.23117360974001722	0.9310255720105771	0.8463078541367515	0.0	0.10091780811871393	0.04125244720117022	0.6930364706895176	0.8266944192687073	0.6298306136030616	0.31754608596089295	-0.25493520262010194	-0.8025100612946465	
0.8586245257928082	0.8413697747093507	0.3846867803562203	0.2028964553843398	0.13180921591479128	0.8894421163712134	0.7882289326640182	-0.10091780811871393	0.0	-0.05979005857135378	0.6167464548694729	0.7656924284203677	0.5482290383285495	0.2202303500204686	-0.35121699475604023	-0.8586245181543979	
0.8264397391416322	0.8721786714300523	0.4391876102133931	0.2610799055897213	0.19084180231108366	0.9151777981285205	0.8236125035297636	-0.04125244720117022	0.05979005857135378	0.0	0.6627075338571542	0.802779962572445	0.5972523567322566	0.2781584389149561	-0.29460758000123277	-0.826439730751903	
0.9920238269675267	0.32896747908113505	-0.2664753051775747	-0.4442058975792361	-0.5076102168641511	0.418252289353353	0.2409290220929349	-0.6930364706895176	-0.6167464548694729	-0.6627075338571542	0.0	0.20602831422305912	-0.0842574805551081	-0.42824709595670163	-0.8539206871512116	-0.9920238288458253	
0.9447710074722434	0.12734878488110757	-0.45933704224715804	-0.6192617794318649	-0.6742312451292396	0.2221372335596012	0.035800853998176396	-0.8266944192687073	-0.7656924284203677	-0.802779962572445	-0.20602831422305912	0.0	-0.28774550396295534	-0.6052393875559912	-0.9428184867154004	-0.9447710123558188	
0.9991169030293867	0.40736549054573645	-0.18431684605985377	-0.3671379480461058	-0.4332100273633534	0.49329866397097266	0.3218477682151729	-0.6298306136030616	-0.5482290383285495	-0.5972523567322566	0.0842574805551081	0.28774550396295534	0.0	-0.35058400002413165	-0.8070362987937787	-0.9991169036554862	
0.9504346716573036	0.7016867017095421	0.17195890786573184	-0.017734682413528324	-0.08973584097833481	0.7669486345710956	0.6333504329760631	-0.31754608596089295	-0.2202303500204686	-0.2781584389149561	0.42824709595670163	0.6052393875559912	0.35058400002413165	0.0	-0.5487942528142741	-0.95043466702417	
0.6238894683511262	0.9775882488377237	0.6843698125030424	0.5338825029366654	0.47156485263115455	0.9933023631340842	0.9541467487615708	0.25493520262010194	0.35121699475604023	0.29460758000123277	0.8539206871512116	0.9428184867154004	0.8070362987937787	0.5487942528142741	0.0	-0.6238894567056811	
1.4901161193847656e-08	0.8953425152393937	0.9897433190640393	0.9447710460261188	0.9186991776614325	0.8483649954940453	0.932432304626978	0.8025100612946465	0.8586245181543979	0.826439730751903	0.9920238288458253	0.9447710123558188	0.9991169036554862	0.95043466702417	0.6238894567056811	0.0	
