0.0	0.7218576456087481	0.2261672324861851	-0.009543456192463218	0.2200260855245118	0.277259046770507	0.5811958014530068	0.34727437011460244	-0.5449735492041545	-0.7960006975478899	-0.15185951873596798	-0.4062560160245679	-0.9880039410518682	-0.721857645608748	-0.9191964384225653	-0.6404268426298564	
-0.7218576456087481	0.0	-0.5466360952980556	-0.7284292407853458	-0.5519005954358536	-0.5016825757286113	-0.1852099275021547	-0.4366035007190107	-0.9823882321441592	-0.9878029071710034	-0.8185787040952754	-0.9407501860190434	-0.5722642897270801	-0.0	-0.9203892024900487	-0.9976025161973809	
-0.2261672324861851	0.5466360952980556	0.0	-0.2354531036874994	-0.006299898671204673	0.0527744538072788	0.38208944444326	0.12618457500484698	-0.720483108868549	-0.9122731703747992	-0.3714687737454062	-0.6023917194325761	-0.9274765616277846	-0.5466360952980555	-0.9844431723781965	-0.7975331871748292	
0.009543456192463218	0.7284292407853458	0.2354531036874994	0.0	0.2293256497229818	0.28641572736899135	0.5889354526002935	0.3562080608463128	-0.5369469894726306	-0.7901878347870313	-0.14241983105900996	-0.3975170933971935	-0.9894327307311472	-0.7284292407853457	-0.915396371789506	-0.6330681203206243	
-0.2200260855245118	0.5519005954358536	0.006299898671204673	-0.2293256497229818	0.0	0.05906452601640555	0.3879037580907231	0.13243161312746132	-0.7161000048017272	-0.9096747397124831	-0.36561228986669275	-0.5973511822624622	-0.9298135705795404	-0.5519005954358535	-0.9833167237180818	-0.7937167886414237	
-0.277259046770507	0.5016825757286113	-0.0527744538072788	-0.28641572736899135	-0.05906452601640555	0.0	0.3327867761535358	0.07365611541423461	-0.7560767167760565	-0.9326173612793636	-0.41994931764810395	-0.6436768622952371	-0.90645270217461	-0.5016825757286112	-0.9923439533075373	-0.8282593033545168	
-0.5811958014530068	0.1852099275021547	-0.38208944444326	-0.5889354526002935	-0.3879037580907231	-0.3327867761535358	0.0	-0.2624249556095526	-0.9307852199738171	-0.9995518343327863	-0.6980329147995539	-0.8616694848207748	-0.7142485002983215	-0.18520992750215468	-0.9768832541985528	-0.9675256711284163	
-0.34727437011460244	0.4366035007190107	-0.12618457500484698	-0.3562080608463128	-0.13243161312746132	-0.07365611541423461	0.2624249556095526	0.0	-0.8022296604191299	-0.9566641396822764	-0.4856550366740253	-0.6982972752811341	-0.8728849849752713	-0.4366035007190106	-0.9987453451584172	-0.8672823384115433	
0.5449735492041545	0.9823882321441592	0.720483108868549	0.5369469894726306	0.7161000048017272	0.7560767167760565	0.9307852199738171	0.8022296604191299	0.0	-0.3375392133014663	0.41132588860793373	0.15734797449319368	-0.912554640036443	-0.9823882321441589	-0.5560930139715395	-0.11841782146622815	
0.7960006975478899	0.9878029071710034	0.9122731703747992	0.7901878347870313	0.9096747397124831	0.9326173612793636	0.9995518343327863	0.9566641396822764	0.3375392133014663	0.0	0.6948488367754566	0.4814480150190932	-0.7209598660190923	-0.9878029071710032	-0.24292111887176782	0.22369618548869424	
0.15185951873596798	0.8185787040952754	0.3714687737454062	0.14241983105900996	0.36561228986669275	0.41994931764810395	0.6980329147995539	0.4856550366740253	-0.41132588860793373	-0.6948488367754566	0.0	-0.26278124749750126	-0.9999966204843368	-0.8185787040952752	-0.8487335027342557	-0.5163682052489913	
0.4062560160245679	0.9407501860190434	0.6023917194325761	0.3975170933971935	0.5973511822624622	0.6436768622952371	0.8616694848207748	0.6982972752811341	-0.15734797449319368	-0.4814480150190932	0.26278124749750126	0.0	-0.9655353588264242	-0.9407501860190431	-0.6799409451769691	-0.2731835684345956	
0.9880039410518682	0.5722642897270801	0.9274765616277846	0.9894327307311472	0.9298135705795404	0.90645270217461	0.7142485002983215	0.8728849849752713	0.912554640036443	0.7209598660190923	0.9999966204843368	0.9655353588264242	0.0	-0.57226428972708	0.531025562643923	0.8577062377228327	
0.721857645608748	0.0	0.5466360952980555	0.7284292407853457	0.5519005954358535	0.5016825757286112	0.18520992750215468	0.4366035007190106	0.9823882321441589	0.9878029071710032	0.8185787040952752	0.9407501860190431	0.57226428972708	0.0	0.9203892024900485	0.9976025161973807	
0.9191964384225653	0.9203892024900487	0.9844431723781965	0.915396371789506	0.9833167237180818	0.9923439533075373	0.9768832541985528	0.9987453451584172	0.5560930139715395	0.24292111887176782	0.8487335027342557	0.6799409451769691	-0.531025562643923	-0.9203892024900485	0.0	0.45376083622759505	
0.6404268426298564	0.9976025161973809	0.7975331871748292	0.6330681203206243	0.7937167886414237	0.8282593033545168	0.9675256711284163	0.8672823384115433	0.11841782146622815	-0.22369618548869424	0.5163682052489913	0.2731835684345956	-0.8577062377228327	-0.9976025161973807	-0.45376083622759505	0.0	
