0.0	0.12476544908140483	0.9987492170725426	0.8056289603461617	0.5184053543864968	0.44532547477883866	-0.05012547051345673	0.24873979926216733	-0.20127506957788777	-0.9987492160188705	-0.9331993479665859	-0.8496995263726833	-0.353673936085507	-0.559249596274246	-0.8225977480617104	-0.15075999728472983	
-0.12476544908140483	0.0	0.9971835286805845	0.7254203861390791	0.40766336808793113	0.3301347333476613	-0.1743424133159298	0.1259520981691365	-0.32191445358820736	-0.9971835302610921	-0.9707431766998964	-0.9088449294307592	-0.46761212674479147	-0.6583102413300806	-0.88711478140015	-0.27292142759863874	
-0.9987492170725426	-0.9971835286805845	0.0	-0.6319609103394066	-0.8799856985680693	-0.9165151308619173	-0.9949874436587198	-0.9797958666963884	-0.9682458185168659	-2.1073424255447027e-08	-0.3122496590732826	-0.4841227289085246	-0.9165151308619176	-0.7999999441206344	-0.526782604991212	-0.9797959047174889	
-0.8056289603461617	-0.7254203861390791	0.6319609103394066	0.0	-0.38180760220438187	-0.4575150916449331	-0.8343115804501418	-0.632949778235272	-0.908381035821562	-0.6319609266713155	-0.842356482784256	-0.9281611050360741	-0.9630838434588395	-0.9991767604608088	-0.9454234636232548	-0.8857342424645409	
-0.5184053543864968	-0.40766336808793113	0.8799856985680693	0.38180760220438187	0.0	-0.08335055565365102	-0.5606177266071208	-0.289405941496495	-0.679913423490565	-0.8799857085779489	-0.984305127341278	-0.9999459614713934	-0.7873391472901319	-0.9079916015858764	-0.9982097206703525	-0.6414003373298289	
-0.44532547477883866	-0.3301347333476613	0.9165151308619173	0.4575150916449331	0.08335055565365102	0.0	-0.4896464493327739	-0.20861520218488147	-0.6164271921750609	-0.9165151392912867	-0.9955893163178007	-0.995599936111851	-0.7332121388323867	-0.8699091393522718	-0.9897509599876289	-0.5752213721666486	
0.05012547051345673	0.1743424133159298	0.9949874436587198	0.8343115804501418	0.5606177266071208	0.4896464493327739	0.0	0.29697715979065453	-0.15192241168452175	-0.9949874415513781	-0.9140132046904401	-0.8222018761203576	-0.3063435426603765	-0.5169925980695845	-0.7930611519191021	-0.1010179250692505	
-0.24873979926216733	-0.1259520981691365	0.9797958666963884	0.632949778235272	0.289405941496495	0.20861520218488147	-0.29697715979065453	0.0	-0.43859834309531526	-0.9797958709110758	-0.9932561292680749	-0.9541461039378986	-0.5752215276724735	-0.7478777010517434	-0.9381831363747425	-0.3919184637835146	
0.20127506957788777	0.32191445358820736	0.9682458185168659	0.908381035821562	0.679913423490565	0.6164271921750609	0.15192241168452175	0.43859834309531526	0.0	-0.9682458132485077	-0.841771167661002	-0.7261844766063356	-0.15816949870840302	-0.380947521340547	-0.6913133072923996	0.05129991698393188	
0.9987492160188705	0.9971835302610921	2.1073424255447027e-08	0.6319609266713155	0.8799857085779489	0.9165151392912867	0.9949874415513781	0.9797958709110758	0.9682458132485077	0.0	0.31224963905352776	0.48412271046927585	0.9165151224325468	0.7999999314765777	0.5267825870788	0.9797959005028042	
0.9331993479665859	0.9707431766998964	0.3122496590732826	0.842356482784256	0.984305127341278	0.9955893163178007	0.9140132046904401	0.9932561292680749	0.841771167661002	-0.31224963905352776	0.0	0.1866981463827227	0.7457895774269674	0.5726501915361555	0.23503129023646557	0.8683562668621877	
0.8496995263726833	0.9088449294307592	0.4841227289085246	0.9281611050360741	0.9999459614713934	0.995599936111851	0.8222018761203576	0.9541461039378986	0.7261844766063356	-0.48412271046927585	-0.1866981463827227	0.0	0.6083017349500527	0.40952636150951743	0.049430490189984466	0.7604969915380184	
0.353673936085507	0.46761212674479147	0.9165151308619176	0.9630838434588395	0.7873391472901319	0.7332121388323867	0.3063435426603765	0.5752215276724735	0.15816949870840302	-0.9165151224325468	-0.7457895774269674	-0.6083017349500527	0.0	-0.22990915425344105	-0.5683248563704763	0.20861538810758806	
0.559249596274246	0.6583102413300806	0.7999999441206344	0.9991767604608088	0.9079916015858764	0.8699091393522718	0.5169925980695845	0.7478777010517434	0.380947521340547	-0.7999999314765777	-0.5726501915361555	-0.40952636150951743	0.22990915425344105	0.0	-0.3639303912376399	0.4278776568091818	
0.8225977480617104	0.88711478140015	0.526782604991212	0.9454234636232548	0.9982097206703525	0.9897509599876289	0.7930611519191021	0.9381831363747425	0.6913133072923996	-0.5267825870788	-0.23503129023646557	-0.049430490189984466	0.5683248563704763	0.3639303912376399	0.0	0.7274700678236445	
0.15075999728472983	0.27292142759863874	0.9797959047174889	0.8857342424645409	0.6414003373298289	0.5752213721666486	0.1010179250692505	0.3919184637835146	-0.05129991698393188	-0.9797959005028042	-0.8683562668621877	-0.7604969915380184	-0.20861538810758806	-0.4278776568091818	-0.7274700678236445	0.0	
