0.0	-0.3148642352445021	0.1741217616623505	0.3271145827096008	0.13560806415546028	-0.4550998574865649	-0.49551257281764194	0.07764426839763638	-0.11724460258843673	-0.03897664443296711	0.9916430159929295	0.9976879651222078	0.019449628307734272	-0.7849517252909547	-0.9976879651222076	-0.5973636169090654	
0.3148642352445021	0.0	0.47531976786013963	0.6080183414260533	0.44066628940853475	-0.15158414802376713	-0.19681786228618425	0.38760872634289933	0.20141148039901396	0.2776308123475704	0.9818261042754474	0.9255437326482009	0.33326503134218044	-0.5499501871315557	-0.9255437326482007	-0.31446791069696234	
-0.1741217616623505	-0.47531976786013963	0.0	0.15757522522855455	-0.03897678957776533	-0.6031928636551238	-0.6391854826550611	-0.09713792553269898	-0.2883744449438032	-0.21237069262448455	0.9540309873749294	0.994280936707171	-0.15493630614375242	-0.8808392487684726	-0.9942809367071708	-0.7278788870463759	
-0.3271145827096008	-0.6080183414260533	-0.15757522522855455	0.0	-0.19594533839116787	-0.7213384366428937	-0.752383768213112	-0.2527544210224073	-0.4356528491211662	-0.36369834745430407	0.8948857124356875	0.9650309432371199	-0.30867310426256056	-0.9444334632207547	-0.9650309432371197	-0.8268357185628219	
-0.13560806415546028	-0.44066628940853475	0.03897678957776533	0.19594533839116787	0.0	-0.5716468004028177	-0.6087245741776508	-0.058271646401026826	-0.2508343472865088	-0.174121618626073	0.9649876896988966	0.9976879700496207	-0.11631244871567833	-0.861717697722186	-0.9976879700496205	-0.7005991763753482	
0.4550998574865649	0.15158414802376713	0.6031928636551238	0.7213384366428937	0.5716468004028177	0.0	-0.04592433269023727	0.5228635628221694	0.34756173286725667	0.42004765790485105	0.9417124119514163	0.8574525475385123	0.47233250488798384	-0.41699246396882667	-0.8574525475385121	-0.16694003487538517	
0.49551257281764194	0.19681786228618425	0.6391854826550611	0.752383768213112	0.6087245741776508	0.04592433269023727	0.0	0.5614585542707448	0.39025630458840876	0.46128090045983694	0.9252690138150063	0.8329169030331367	0.5123128027527968	-0.3748114214554752	-0.8329169030331365	-0.12148402113930734	
-0.07764426839763638	-0.38760872634289933	0.09713792553269898	0.2527544210224073	0.058271646401026826	-0.5228635628221694	-0.5614585542707448	0.0	-0.1939994171612296	-0.11644424711075922	0.9786323194706585	0.9999528692507114	-0.05823866870950207	-0.8306871002437313	-0.9999528692507111	-0.6578286660352868	
0.11724460258843673	-0.20141148039901396	0.2883744449438032	0.4356528491211662	0.2508343472865088	-0.34756173286725667	-0.39025630458840876	0.1939994171612296	0.0	0.07844768582428942	0.9999296968127294	0.9828388953219606	0.13653790991417106	-0.706898260431036	-0.9828388953219603	-0.499216926027137	
0.03897664443296711	-0.2776308123475704	0.21237069262448455	0.36369834745430407	0.174121618626073	-0.42004765790485105	-0.46128090045983694	0.11644424711075922	-0.07844768582428942	0.0	0.9959179479586088	0.9942809444767818	0.05840412049726908	-0.7602070075057997	-0.9942809444767816	-0.5656515737071796	
-0.9916430159929295	-0.9818261042754474	-0.9540309873749294	-0.8948857124356875	-0.9649876896988966	-0.9417124119514163	-0.9252690138150063	-0.9786323194706585	-0.9999296968127294	-0.9959179479586088	0.0	0.19610709216901592	-0.9889461969929685	-0.7156475936326019	-0.19610709216901587	-0.8723356122549123	
-0.9976879651222078	-0.9255437326482009	-0.994280936707171	-0.9650309432371199	-0.9976879700496207	-0.8574525475385123	-0.8329169030331367	-0.9999528692507114	-0.9828388953219606	-0.9942809444767818	-0.19610709216901592	0.0	-0.9988210605735977	-0.5647782337631542	-0.0	-0.759518786365361	
-0.019449628307734272	-0.33326503134218044	0.15493630614375242	0.30867310426256056	0.11631244871567833	-0.47233250488798384	-0.5123128027527968	0.05823866870950207	-0.13653790991417106	-0.05840412049726908	0.9889461969929685	0.9988210605735977	0.0	-0.7968533943173274	-0.9988210605735974	-0.6128486469232349	
0.7849517252909547	0.5499501871315557	0.8808392487684726	0.9444334632207547	0.861717697722186	0.41699246396882667	0.3748114214554752	0.8306871002437313	0.706898260431036	0.7602070075057997	0.7156475936326019	0.5647782337631542	0.7968533943173274	0.0	-0.5647782337631541	0.25940737216811977	
0.9976879651222076	0.9255437326482007	0.9942809367071708	0.9650309432371197	0.9976879700496205	0.8574525475385121	0.8329169030331365	0.9999528692507111	0.9828388953219603	0.9942809444767816	0.19610709216901587	0.0	0.9988210605735974	0.5647782337631541	0.0	0.7595187863653607	
0.5973636169090654	0.31446791069696234	0.7278788870463759	0.8268357185628219	0.7005991763753482	0.16694003487538517	0.12148402113930734	0.6578286660352868	0.499216926027137	0.5656515737071796	0.8723356122549123	0.759518786365361	0.6128486469232349	-0.25940737216811977	-0.7595187863653607	0.0	
