0.0	0.023853429549365868	0.09595219087061888	0.09595219087061888	-0.34749820552722327	-0.8730779183515316	-0.9270671387327006	-0.7960479852797108	-0.9095547341730961	-0.34749820552722327	0.8000001170805683	0.9882352870955141	0.07182828669962815	-0.9882352903185087	-0.9882352903185087	-0.7960479852797108	
-0.023853429549365868	0.0	0.0721815207707173	0.0721815207707173	-0.36976622990681984	-0.8844599705180332	-0.9357458967656656	-0.8102583778969459	-0.9192090425920475	-0.36976622990681984	0.785460436217095	0.984305928360053	0.04801603269978327	-0.9843059320788902	-0.9843059320788902	-0.8102583778969459	
-0.09595219087061888	-0.0721815207707173	0.0	0.0	-0.43586734175733965	-0.9158339250719336	-0.9587616286053802	-0.850448456669411	-0.9452342071528591	-0.43586734175733965	0.7387375720177496	0.9690004686080623	-0.024207480634168	-0.9690004738144383	-0.9690004738144383	-0.850448456669411	
-0.09595219087061888	-0.0721815207707173	0.0	0.0	-0.43586734175733965	-0.9158339250719336	-0.9587616286053802	-0.850448456669411	-0.9452342071528591	-0.43586734175733965	0.7387375720177496	0.9690004686080623	-0.024207480634168	-0.9690004738144383	-0.9690004738144383	-0.850448456669411	
0.34749820552722327	0.36976622990681984	0.43586734175733965	0.43586734175733965	0.0	-0.6492348463357352	-0.7390174552334324	-0.5361212308169232	-0.7084571260069078	0.0	0.9586434970494038	0.9797959042701812	0.41395261647560544	-0.9797959000554963	-0.9797959000554963	-0.5361212308169232	
0.8730779183515316	0.8844599705180332	0.9158339250719336	0.9158339250719336	0.6492348463357352	0.0	-0.12470720537065294	0.14027837392508608	-0.08064399842897585	0.6492348463357352	0.9139112395758069	0.6153740662462401	0.9058448561859962	-0.6153740496354246	-0.6153740496354246	0.14027837392508608	
0.9270671387327006	0.9357458967656656	0.9587616286053802	0.9587616286053802	0.7390174552334324	0.12470720537065294	0.0	0.2626574163723661	0.04428657206663056	0.7390174552334324	0.8561564590285744	0.5122715905899055	0.951600626468594	-0.512271572491553	-0.512271572491553	0.2626574163723661	
0.7960479852797108	0.8102583778969459	0.850448456669411	0.850448456669411	0.5361212308169232	-0.14027837392508608	-0.2626574163723661	0.0	-0.21966808179282343	0.5361212308169232	0.9618155480764732	0.7198616658917697	0.8374646897305962	-0.7198616512643355	-0.7198616512643355	0.0	
0.9095547341730961	0.9192090425920475	0.9452342071528591	0.9452342071528591	0.7084571260069078	0.08064399842897585	-0.04428657206663056	0.21966808179282343	0.0	0.7084571260069078	0.8782000669915428	0.5498033339429319	0.9370560633067739	-0.5498033163404239	-0.5498033163404239	0.21966808179282343	
0.34749820552722327	0.36976622990681984	0.43586734175733965	0.43586734175733965	0.0	-0.6492348463357352	-0.7390174552334324	-0.5361212308169232	-0.7084571260069078	0.0	0.9586434970494038	0.9797959042701812	0.41395261647560544	-0.9797959000554963	-0.9797959000554963	-0.5361212308169232	
-0.8000001170805683	-0.785460436217095	-0.7387375720177496	-0.7387375720177496	-0.9586434970494038	-0.9139112395758069	-0.8561564590285744	-0.9618155480764732	-0.8782000669915428	-0.9586434970494038	0.0	0.4705880226044735	-0.7548367661338732	-0.4705880411986735	-0.4705880411986735	-0.9618155480764732	
-0.9882352870955141	-0.984305928360053	-0.9690004686080623	-0.9690004686080623	-0.9797959042701812	-0.6153740662462401	-0.5122715905899055	-0.7198616658917697	-0.5498033339429319	-0.9797959042701812	-0.4705880226044735	0.0	-0.9746971819718785	-2.1073424255447027e-08	-2.1073424255447027e-08	-0.7198616658917697	
-0.07182828669962815	-0.04801603269978327	0.024207480634168	0.024207480634168	-0.41395261647560544	-0.9058448561859962	-0.951600626468594	-0.8374646897305962	-0.9370560633067739	-0.41395261647560544	0.7548367661338732	0.9746971819718785	0.0	-0.9746971866824082	-0.9746971866824082	-0.8374646897305962	
0.9882352903185087	0.9843059320788902	0.9690004738144383	0.9690004738144383	0.9797959000554963	0.6153740496354246	0.512271572491553	0.7198616512643355	0.5498033163404239	0.9797959000554963	0.4705880411986735	2.1073424255447027e-08	0.9746971866824082	0.0	0.0	0.7198616512643355	
0.9882352903185087	0.9843059320788902	0.9690004738144383	0.9690004738144383	0.9797959000554963	0.6153740496354246	0.512271572491553	0.7198616512643355	0.5498033163404239	0.9797959000554963	0.4705880411986735	2.1073424255447027e-08	0.9746971866824082	0.0	0.0	0.7198616512643355	
0.7960479852797108	0.8102583778969459	0.850448456669411	0.850448456669411	0.5361212308169232	-0.14027837392508608	-0.2626574163723661	0.0	-0.21966808179282343	0.5361212308169232	0.9618155480764732	0.7198616658917697	0.8374646897305962	-0.7198616512643355	-0.7198616512643355	0.0	
