0.0	0.9812992677886989	0.8673764335021455	0.9951279859145582	0.8996461761344495	0.9507824925142008	0.9981357537706239	0.9507824925142008	0.8130744737165481	0.0	0.47006984652961487	0.9428090250926847	0.9975172559767508	0.9975172460989158	0.9986655982227987	0.9019095653049249	
-0.9812992677886989	0.0	0.32138632583789123	-0.09480269244615709	0.2552832203554952	0.12104998312029538	-0.13223790057928383	0.12104998312029538	0.41476554758854656	0.9812992677886989	0.7756404596237151	0.1456200918018727	-0.12290488796328558	-0.2611160563406272	-0.24290890804231596	0.2502405649011724	
-0.8673764335021455	-0.32138632583789123	0.0	-0.4097120639841971	-0.06899763621513944	-0.2043949240456821	-0.4437863508768234	-0.2043949240456821	0.10032295640903088	0.8673764335021455	0.531640297521739	-0.180065856021842	-0.4353342790140807	-0.557499974085725	-0.5417826621589296	-0.07419615515858718	
-0.9951279859145582	0.09480269244615709	0.4097120639841971	0.0	0.3457949759009181	0.21461033655214412	-0.0376721760570628	0.21461033655214412	0.4991611319245205	0.9951279859145582	0.8319841278468663	0.23875638186582554	-0.028267392935457977	-0.16842626910034159	-0.14985159948946875	0.3408999226422612	
-0.8996461761344495	-0.2552832203554952	0.06899763621513944	-0.3457949759009181	0.0	-0.13636682152314689	-0.38089769700226533	-0.13636682152314689	0.1687334071024607	0.8996461761344495	0.5888122495429858	-0.11176688799038181	-0.372180375486601	-0.49889110552546057	-0.4824977005320456	-0.005211876887391109	
-0.9507824925142008	-0.12104998312029538	0.2043949240456821	-0.21461033655214412	0.13636682152314689	0.0	-0.2512524007267514	0.0	0.3015687258110197	0.9507824925142008	0.6935329973716751	0.024789600959569502	-0.2421333333444037	-0.376046363019356	-0.35854708385029266	0.1312017797168349	
-0.9981357537706239	0.13223790057928383	0.4437863508768234	0.0376721760570628	0.38089769700226533	0.2512524007267514	0.0	0.2512524007267514	0.531450089710612	0.9981357537706239	0.8522940471940748	0.27516957882660037	0.009409794785084635	-0.13117271104408093	-0.11249842689218206	0.3760735327272057	
-0.9507824925142008	-0.12104998312029538	0.2043949240456821	-0.21461033655214412	0.13636682152314689	0.0	-0.2512524007267514	0.0	0.3015687258110197	0.9507824925142008	0.6935329973716751	0.024789600959569502	-0.2421333333444037	-0.376046363019356	-0.35854708385029266	0.1312017797168349	
-0.8130744737165481	-0.41476554758854656	-0.10032295640903088	-0.4991611319245205	-0.1687334071024607	-0.3015687258110197	-0.531450089710612	-0.3015687258110197	0.0	0.8130744737165481	0.44398757392623356	-0.27784054366413335	-0.5234556214025097	-0.6379731519682905	-0.6233726411013784	-0.1738682629448688	
-0.0	-0.9812992677886989	-0.8673764335021455	-0.9951279859145582	-0.8996461761344495	-0.9507824925142008	-0.9981357537706239	-0.9507824925142008	-0.8130744737165481	0.0	-0.47006984652961487	-0.9428090250926847	-0.9975172559767508	-0.9975172460989158	-0.9986655982227987	-0.9019095653049249	
-0.47006984652961487	-0.7756404596237151	-0.531640297521739	-0.8319841278468663	-0.5888122495429858	-0.6935329973716751	-0.8522940471940748	-0.6935329973716751	-0.44398757392623356	0.47006984652961487	0.0	-0.675460823331693	-0.8473343984091077	-0.9135414131076625	-0.9057273615855106	-0.5930168552401935	
-0.9428090250926847	-0.1456200918018727	0.180065856021842	-0.23875638186582554	0.11176688799038181	-0.024789600959569502	-0.27516957882660037	-0.024789600959569502	0.27784054366413335	0.9428090250926847	0.675460823331693	0.0	-0.2661108599189406	-0.39890086573438344	-0.38157828010415723	0.10658614835423336	
-0.9975172559767508	0.12290488796328558	0.4353342790140807	0.028267392935457977	0.372180375486601	0.2421333333444037	-0.009409794785084635	0.2421333333444037	0.5234556214025097	0.9975172559767508	0.8473343984091077	0.2661108599189406	0.0	-0.14049539336742634	-0.12184350673138883	0.36733786271277014	
-0.9975172460989158	0.2611160563406272	0.557499974085725	0.16842626910034159	0.49889110552546057	0.376046363019356	0.13117271104408093	0.376046363019356	0.6379731519682905	0.9975172460989158	0.9135414131076625	0.39890086573438344	0.14049539336742634	0.0	0.018813626193085096	0.4943673800184943	
-0.9986655982227987	0.24290890804231596	0.5417826621589296	0.14985159948946875	0.4824977005320456	0.35854708385029266	0.11249842689218206	0.35854708385029266	0.6233726411013784	0.9986655982227987	0.9057273615855106	0.38157828010415723	0.12184350673138883	-0.018813626193085096	0.0	0.4779260787227714	
-0.9019095653049249	-0.2502405649011724	0.07419615515858718	-0.3408999226422612	0.005211876887391109	-0.1312017797168349	-0.3760735327272057	-0.1312017797168349	0.1738682629448688	0.9019095653049249	0.5930168552401935	-0.10658614835423336	-0.36733786271277014	-0.4943673800184943	-0.4779260787227714	0.0	
