0.0	0.9776368151899412	0.9946809036781171	0.899087928828689	0.0	0.31678386086643917	0.5665399042258407	0.9651214992144108	0.9828232384806482	0.9685222446900743	0.7793334672748746	0.7615819555358655	0.9866111634673048	0.9963091978131872	0.9111761182504251	0.6973422722092286	
-0.9776368151899412	0.0	0.10848092793780494	0.6170567460679324	0.9776368151899412	0.9939060936125232	0.9247498417942559	0.4589130912424435	0.387110408596023	0.4470408335063219	-0.44870228465813433	-0.473414744517342	0.04804174070843856	0.1256068567558359	-0.21118237385780972	-0.554058367167357	
-0.9946809036781171	-0.10848092793780494	0.0	0.5280495383985879	0.9946809036781171	0.9760827224962696	0.8780072726916716	0.35982156873961646	0.2848028529717166	0.347364975565822	-0.5430016581219027	-0.5661752038467714	-0.06059744431072919	0.017243822278770013	-0.3159704099649046	-0.6410965753189158	
-0.899087928828689	-0.6170567460679324	-0.5280495383985879	0.0	0.899087928828689	0.7141050151917377	0.4928662082253977	-0.18711602131346505	-0.2643225070794666	-0.20018084902602062	-0.9045442719141528	-0.9160669397439529	-0.578539306442412	-0.5133273371005048	-0.7693234154579527	-0.9496849226073436	
-0.0	-0.9776368151899412	-0.9946809036781171	-0.899087928828689	0.0	-0.31678386086643917	-0.5665399042258407	-0.9651214992144108	-0.9828232384806482	-0.9685222446900743	-0.7793334672748746	-0.7615819555358655	-0.9866111634673048	-0.9963091978131872	-0.9111761182504251	-0.6973422722092286	
-0.31678386086643917	-0.9939060936125232	-0.9760827224962696	-0.7141050151917377	0.31678386086643917	0.0	-0.2763210567239332	-0.8324808002873755	-0.873743360091567	-0.8397851091912396	-0.9376957884060071	-0.9276564495738029	-0.9874628126646111	-0.9721887954983174	-0.9947688639691538	-0.8884786956495977	
-0.5665399042258407	-0.9247498417942559	-0.8780072726916716	-0.4928662082253977	0.5665399042258407	0.2763210567239332	0.0	-0.6469717231622425	-0.7053254641928663	-0.6570684650688485	-0.9971967450449745	-0.9947263869396816	-0.9053985492322759	-0.8696230166968184	-0.9842645020190056	-0.9806947889806881	
-0.9651214992144108	-0.4589130912424435	-0.35982156873961646	0.18711602131346505	0.9651214992144108	0.8324808002873755	0.6469717231622425	0.0	-0.07919287756703869	-0.013316619834515625	-0.808785573497836	-0.8248489264098966	-0.41569901598348463	-0.3436792177600717	-0.6361946365911566	-0.8743053928470851	
-0.9828232384806482	-0.387110408596023	-0.2848028529717166	0.2643225070794666	0.9828232384806482	0.873743360091567	0.7053254641928663	0.07919287756703869	0.0	0.06591105903774735	-0.7596718105653708	-0.7774863860770149	-0.3423673354249463	-0.26823081828229356	-0.5730969776490763	-0.8331211325083656	
-0.9685222446900743	-0.4470408335063219	-0.347364975565822	0.20018084902602062	0.9685222446900743	0.8397851091912396	0.6570684650688485	0.013316619834515625	-0.06591105903774735	0.0	-0.8008823057389387	-0.8172471932332183	-0.40355066031004533	-0.331143277684257	-0.6258640720507155	-0.8677642974206405	
-0.7793334672748746	0.44870228465813433	0.5430016581219027	0.9045442719141528	0.7793334672748746	0.9376957884060071	0.9971967450449745	0.808785573497836	0.7596718105653708	0.8008823057389387	0.0	-0.027847141676131726	0.4911181862396867	0.5574011043843934	0.2498528191079763	-0.12161689881238386	
-0.7615819555358655	0.473414744517342	0.5661752038467714	0.9160669397439529	0.7615819555358655	0.9276564495738029	0.9947263869396816	0.8248489264098966	0.7774863860770149	0.8172471932332183	0.027847141676131726	0.0	0.5151851760298699	0.5803048444218081	0.2767198613750352	-0.09392929939060096	
-0.9866111634673048	-0.04804174070843856	0.06059744431072919	0.578539306442412	0.9866111634673048	0.9874628126646111	0.9053985492322759	0.41569901598348463	0.3423673354249463	0.40355066031004533	-0.4911181862396867	-0.5151851760298699	0.0	0.07780056740375027	-0.25789676746099655	-0.5934122957241303	
-0.9963091978131872	-0.1256068567558359	-0.017243822278770013	0.5133273371005048	0.9963091978131872	0.9721887954983174	0.8696230166968184	0.3436792177600717	0.26823081828229356	0.331143277684257	-0.5574011043843934	-0.5803048444218081	-0.07780056740375027	0.0	-0.33228383445427473	-0.6542352009371715	
-0.9111761182504251	0.21118237385780972	0.3159704099649046	0.7693234154579527	0.9111761182504251	0.9947688639691538	0.9842645020190056	0.6361946365911566	0.5730969776490763	0.6258640720507155	-0.2498528191079763	-0.2767198613750352	0.25789676746099655	0.33228383445427473	0.0	-0.36575786660990744	
-0.6973422722092286	0.554058367167357	0.6410965753189158	0.9496849226073436	0.6973422722092286	0.8884786956495977	0.9806947889806881	0.8743053928470851	0.8331211325083656	0.8677642974206405	0.12161689881238386	0.09392929939060096	0.5934122957241303	0.6542352009371715	0.36575786660990744	0.0	
