0.0	0.5526848345718809	0.9930361770676238	0.9708446605472673	0.9172220124532195	0.769992830324476	0.9306172774193702	0.23622605368223712	0.8856794820426372	0.8840719534830574	0.723402236639757	0.5308110374430549	0.4462693000384469	0.723402236639757	0.7453771991931916	-0.23622605368223706	
-0.5526848345718809	0.0	0.8926984607268729	0.9415763765339146	0.9845805842109474	0.9943465549250989	0.9778466964304455	0.7339113323113295	0.9947267329886774	0.4784793277896806	0.22128800548794675	-0.02602218641464421	-0.12268042113303523	0.22128800548794675	0.25274671218251876	-0.7339113323113294	
-0.9930361770676238	-0.8926984607268729	0.0	0.12366518315618086	0.2875444570885621	0.5428965450340587	0.2538092694583353	0.9371016478867628	0.3567221488715654	-0.5682486110103817	-0.7708426963877716	-0.9041231771185857	-0.9412417006519447	-0.7708426963877716	-0.7498133178731774	-0.9371016478867625	
-0.9708446605472673	-0.9415763765339146	-0.12366518315618086	0.0	0.1668947984945357	0.434875302186946	0.13224535120004166	0.8867423094758695	0.23845463401511835	-0.6656454872223063	-0.8437035883965769	-0.9500217866534824	-0.9757826315552436	-0.8437035883965769	-0.8258807512379511	-0.8867423094758693	
-0.9172220124532195	-0.9845805842109474	-0.2875444570885621	-0.1668947984945357	0.0	0.2784888381901016	-0.03503839203892706	0.797156020367006	0.07302974768787968	-0.7808578804711509	-0.9214610844883406	-0.9887992746649159	-0.9986039717102733	-0.9214610844883406	-0.9084003013020452	-0.7971560203670057	
-0.769992830324476	-0.9943465549250989	-0.5428965450340587	-0.434875302186946	-0.2784888381901016	0.0	-0.31197009138376075	0.5974759585486266	-0.20760455512127607	-0.9239411278415273	-0.993192340062191	-0.9912467089688357	-0.9738088546840542	-0.993192340062191	-0.988900110299232	-0.5974759585486265	
-0.9306172774193702	-0.9778466964304455	-0.2538092694583353	-0.13224535120004166	0.03503839203892706	0.31197009138376075	0.0	0.8178217882329639	0.10792973623887037	-0.7584896193431091	-0.9072838889893764	-0.9829625885917954	-0.996140016569979	-0.9072838889893764	-0.8931929081065533	-0.8178217882329637	
-0.23622605368223712	-0.7339113323113295	-0.9371016478867628	-0.8867423094758695	-0.797156020367006	-0.5974759585486266	-0.8178217882329639	0.0	-0.7509340080989733	-0.9694514999359178	-0.8660254037844388	-0.7159873572554858	-0.6450374354587559	-0.8660254037844388	-0.8817600636931248	-0.0	
-0.8856794820426372	-0.9947267329886774	-0.3567221488715654	-0.23845463401511835	-0.07302974768787968	0.20760455512127607	-0.10792973623887037	0.7509340080989733	0.0	-0.8243951241455455	-0.9473704807046898	-0.9970587416646948	-0.9997950009507655	-0.9473704807046898	-0.9365085066335109	-0.750934008098973	
-0.8840719534830574	-0.4784793277896806	0.5682486110103817	0.6656454872223063	0.7808578804711509	0.9239411278415273	0.7584896193431091	0.9694514999359178	0.8243951241455455	0.0	-0.2723043716794266	-0.5011673493287545	-0.5825905364495699	-0.2723043716794266	-0.24100770151812417	-0.9694514999359176	
-0.723402236639757	-0.22128800548794675	0.7708426963877716	0.8437035883965769	0.9214610844883406	0.993192340062191	0.9072838889893764	0.8660254037844388	0.9473704807046898	0.2723043716794266	0.0	-0.2465901271326572	-0.3392554356965424	0.0	0.03237740938628636	-0.8660254037844386	
-0.5308110374430549	0.02602218641464421	0.9041231771185857	0.9500217866534824	0.9887992746649159	0.9912467089688357	0.9829625885917954	0.7159873572554858	0.9970587416646948	0.5011673493287545	0.2465901271326572	0.0	-0.09681325658282564	0.2465901271326572	0.2778384339955746	-0.7159873572554857	
-0.4462693000384469	0.12268042113303523	0.9412417006519447	0.9757826315552436	0.9986039717102733	0.9738088546840542	0.996140016569979	0.6450374354587559	0.9997950009507655	0.5825905364495699	0.3392554356965424	0.09681325658282564	0.0	0.3392554356965424	0.36953481307461483	-0.6450374354587558	
-0.723402236639757	-0.22128800548794675	0.7708426963877716	0.8437035883965769	0.9214610844883406	0.993192340062191	0.9072838889893764	0.8660254037844388	0.9473704807046898	0.2723043716794266	0.0	-0.2465901271326572	-0.3392554356965424	0.0	0.03237740938628636	-0.8660254037844386	
-0.7453771991931916	-0.25274671218251876	0.7498133178731774	0.8258807512379511	0.9084003013020452	0.988900110299232	0.8931929081065533	0.8817600636931248	0.9365085066335109	0.24100770151812417	-0.03237740938628636	-0.2778384339955746	-0.36953481307461483	-0.03237740938628636	0.0	-0.8817600636931245	
0.23622605368223706	0.7339113323113294	0.9371016478867625	0.8867423094758693	0.7971560203670057	0.5974759585486265	0.8178217882329637	0.0	0.750934008098973	0.9694514999359176	0.8660254037844386	0.7159873572554857	0.6450374354587558	0.8660254037844386	0.8817600636931245	0.0	
