0.0	0.3026818336735018	0.9985782844427691	0.6172328095086727	0.6226305087385062	0.6584032669351644	2.1073424255447027e-08	0.712676795294935	0.9915056100319446	0.9481921800104645	0.9792701260141462	0.9638281297963027	0.6774078399019471	0.8100549763600056	0.9589479569438794	0.9996157658821179	
-0.3026818336735018	0.0	0.9356022145384367	0.826423625850624	0.8302773134667296	0.8553367910654426	0.3026818537584067	0.8915753567753364	0.9843637133844478	0.999875265083242	0.9946450213010003	0.8379444099818961	0.4229766877965969	0.5945779563126012	0.9998004522490939	0.9443355314918827	
-0.9985782844427691	-0.9356022145384367	0.0	0.8185635062923972	0.8145927011410314	0.7866913846434699	0.9985782855660856	0.738484366832473	0.1827310976503662	0.36778891579547696	0.2544705757042867	-0.2147688895127159	-0.6984526865487195	-0.5423404246164648	0.3342955440046287	0.02560520608260137	
-0.6172328095086727	-0.826423625850624	-0.8185635062923972	0.0	-0.0068790508807294315	-0.053449142654693305	0.6172327929285121	-0.12773604020719204	-0.6998176214686579	-0.5499259680098516	-0.645444838546587	-0.9228289387171336	-0.9870125016762574	-0.9992523984154256	-0.5794454307391537	-0.8035870852378862	
-0.6226305087385062	-0.8302773134667296	-0.8145927011410314	0.0068790508807294315	0.0	-0.046578660217898304	0.6226304922482152	-0.12091031878474462	-0.6948872087351943	-0.544167480738511	-0.6401753002705907	-0.920157224466107	-0.9880942225636729	-0.9989628067176438	-0.5738252181076857	-0.7994737486095067	
-0.6584032669351644	-0.8553367910654426	-0.7866913846434699	0.053449142654693305	0.046578660217898304	0.0	0.6584032510739282	-0.07454215292928562	-0.6606374080548694	-0.5044984485912194	-0.6036973989754627	-0.9009206774219106	-0.9941878945606313	-0.9957576625084908	-0.5350555145036434	-0.7706261708538251	
-2.1073424255447027e-08	-0.3026818537584067	-0.9985782855660856	-0.6172327929285121	-0.6226304922482152	-0.6584032510739282	0.0	-0.7126767805120852	-0.9915056072910525	-0.9481921733154942	-0.9792701217455414	-0.9638281354128879	-0.6774078554037194	-0.810054988716491	-0.9589479509678334	-0.9996157664662438	
-0.712676795294935	-0.8915753567753364	-0.738484366832473	0.12773604020719204	0.12091031878474462	0.07454215292928562	0.7126767805120852	0.0	-0.6028402469186659	-0.4387342311182814	-0.5425918158034786	-0.8660641068892472	-0.9994470514737304	-0.9861283661308238	-0.47059244642860143	-0.7209774045218191	
-0.9915056100319446	-0.9843637133844478	-0.1827310976503662	0.6998176214686579	0.6948872087351943	0.6606374080548694	0.9915056072910525	0.6028402469186659	0.0	0.19167308008183082	0.07347035231896867	-0.3896198595318693	-0.8174654385286397	-0.6867321463178077	0.15644872010662342	-0.15749709672395867	
-0.9481921800104645	-0.999875265083242	-0.36778891579547696	0.5499259680098516	0.544167480738511	0.5044984485912194	0.9481921733154942	0.4387342311182814	-0.19167308008183082	0.0	-0.11904693887711976	-0.5589221126793296	-0.9127080817607387	-0.8133285128148723	-0.03576485620361092	-0.3438578105695325	
-0.9792701260141462	-0.9946450213010003	-0.2544705757042867	0.645444838546587	0.6401753002705907	0.6036973989754627	0.9792701217455414	0.5425918158034786	-0.07347035231896867	0.11904693887711976	0.0	-0.4562312876856848	-0.8575734388774492	-0.738282559944289	0.08346025757602815	-0.22962484725764976	
-0.9638281297963027	-0.8379444099818961	0.2147688895127159	0.9228289387171336	0.920157224466107	0.9009206774219106	0.9638281354128879	0.8660641068892472	0.3896198595318693	0.5589221126793296	0.4562312876856848	0.0	-0.5284535277061201	-0.3492448763278909	0.5289075929437692	0.23970617987464016	
-0.6774078399019471	-0.4229766877965969	0.6984526865487195	0.9870125016762574	0.9880942225636729	0.9941878945606313	0.6774078554037194	0.9994470514737304	0.8174654385286397	0.9127080817607387	0.8575734388774492	0.5284535277061201	0.0	0.1986818880911002	0.8975102033597702	0.7165482122803852	
-0.8100549763600056	-0.5945779563126012	0.5423404246164648	0.9992523984154256	0.9989628067176438	0.9957576625084908	0.810054988716491	0.9861283661308238	0.6867321463178077	0.8133285128148723	0.738282559944289	0.3492448763278909	-0.1986818880911002	0.0	0.7920000098853407	0.5636750491163067	
-0.9589479569438794	-0.9998004522490939	-0.3342955440046287	0.5794454307391537	0.5738252181076857	0.5350555145036434	0.9589479509678334	0.47059244642860143	-0.15644872010662342	0.03576485620361092	-0.08346025757602815	-0.5289075929437692	-0.8975102033597702	-0.7920000098853407	0.0	-0.3100538445655266	
-0.9996157658821179	-0.9443355314918827	-0.02560520608260137	0.8035870852378862	0.7994737486095067	0.7706261708538251	0.9996157664662438	0.7209774045218191	0.15749709672395867	0.3438578105695325	0.22962484725764976	-0.23970617987464016	-0.7165482122803852	-0.5636750491163067	0.3100538445655266	0.0	
