0.0	-0.12621241810222777	-0.4614554132059366	0.14491003719954385	0.6588795285091976	0.9994265808522932	0.8518262502597171	0.6031344349656153	0.21764064269551006	-0.22499452164502648	0.25407849551636275	0.25863665792537655	-0.8125287611230146	-0.9994265808522932	0.38660148228499425	0.33167780661239915	
0.12621241810222777	0.0	-0.3457942261964136	0.26863145139592076	0.7485537251099303	0.9957079759124442	0.9111275477178749	0.6989833293435254	0.33908719888383176	-0.10021895884812722	0.3741172714624956	0.37848640227651625	-0.7324592805652465	-0.9957079759124442	0.49990893036789796	0.44809333532855955	
0.4614554132059366	0.3457942261964136	0.0	0.5851435566561081	0.9316629344246329	0.9022796330464059	0.9974306953785416	0.9031538857183162	0.643476664698849	0.2500168043590148	0.6717212506879104	0.6752072216299756	-0.45185368137629234	-0.9022796330464059	0.7685544978352482	0.729586090730189	
-0.14491003719954385	-0.26863145139592076	-0.5851435566561081	0.0	0.5429165918637849	0.983970793175598	0.7669276650153785	0.48118227435790284	0.07390701538049399	-0.3638142152831648	0.11124204341809177	0.11592727870423733	-0.8884235045455059	-0.983970793175598	0.24887801116839267	0.19146981777341068	
-0.6588795285091976	-0.7485537251099303	-0.9316629344246329	-0.5429165918637849	0.0	0.7295073634850288	0.2956477998545019	-0.07184141286892048	-0.47936566630104255	-0.8112376618142572	-0.446127314458471	-0.44190190931842754	-0.9952983023019698	-0.7295073634850288	-0.31682920937697245	-0.37207802955930946	
-0.9994265808522932	-0.9957079759124442	-0.9022796330464059	-0.983970793175598	-0.7295073634850288	0.0	-0.49468110348896166	-0.7767599492186033	-0.9680999525550091	-0.9814196591976324	-0.9580258644924925	-0.9566632949609662	-0.6100991873653746	-0.0	-0.9086276558895028	-0.9316211060766915	
-0.8518262502597171	-0.9111275477178749	-0.9974306953785416	-0.7669276650153785	-0.2956477998545019	0.49468110348896166	0.0	-0.36351375280013953	-0.7174016109892187	-0.9478430778416773	-0.690779855663702	-0.68736238671644	-0.9221699171167134	-0.49468110348896166	-0.5830827919690359	-0.6298657471542011	
-0.6031344349656153	-0.6989833293435254	-0.9031538857183162	-0.48118227435790284	0.07184141286892048	0.7767599492186033	0.36351375280013953	0.0	-0.4150778969203198	-0.7671346144985876	-0.3806786776311729	-0.376313764100322	-0.9996848663171827	-0.7767599492186033	-0.24787021360814693	-0.30443330107845984	
-0.21764064269551006	-0.33908719888383176	-0.643476664698849	-0.07390701538049399	0.47936566630104255	0.9680999525550091	0.7174016109892187	0.4150778969203198	0.0	-0.431661514088975	0.03748951179147056	0.04220152106827704	-0.9199189334697689	-0.9680999525550091	0.17661584456615562	0.11840654915227788	
0.22499452164502648	0.10021895884812722	-0.2500168043590148	0.3638142152831648	0.8112376618142572	0.9814196591976324	0.9478430778416773	0.7671346144985876	0.431661514088975	0.0	0.4651749418028303	0.4693442320717709	-0.6605414921517864	-0.9814196591976324	0.5841895252394009	0.5354317918868536	
-0.25407849551636275	-0.3741172714624956	-0.6717212506879104	-0.11124204341809177	0.446127314458471	0.9580258644924925	0.690779855663702	0.3806786776311729	-0.03748951179147056	-0.4651749418028303	0.0	0.004715741195296275	-0.9339722099900742	-0.9580258644924925	0.13959151593529118	0.08109753126682206	
-0.25863665792537655	-0.37848640227651625	-0.6752072216299756	-0.11592727870423733	0.44190190931842754	0.9566632949609662	0.68736238671644	0.376313764100322	-0.04220152106827704	-0.4693442320717709	-0.004715741195296275	0.0	-0.935646974580382	-0.9566632949609662	0.13492039359883184	0.07639642118154755	
0.8125287611230146	0.7324592805652465	0.45185368137629234	0.8884235045455059	0.9952983023019698	0.6100991873653746	0.9221699171167134	0.9996848663171827	0.9199189334697689	0.6605414921517864	0.9339722099900742	0.935646974580382	0.0	-0.6100991873653746	0.9747102712713444	0.9598757145520442	
0.9994265808522932	0.9957079759124442	0.9022796330464059	0.983970793175598	0.7295073634850288	0.0	0.49468110348896166	0.7767599492186033	0.9680999525550091	0.9814196591976324	0.9580258644924925	0.9566632949609662	0.6100991873653746	0.0	0.9086276558895028	0.9316211060766915	
-0.38660148228499425	-0.49990893036789796	-0.7685544978352482	-0.24887801116839267	0.31682920937697245	0.9086276558895028	0.5830827919690359	0.24787021360814693	-0.17661584456615562	-0.5841895252394009	-0.13959151593529118	-0.13492039359883184	-0.9747102712713444	-0.9086276558895028	0.0	-0.058828205824083435	
-0.33167780661239915	-0.44809333532855955	-0.729586090730189	-0.19146981777341068	0.37207802955930946	0.9316211060766915	0.6298657471542011	0.30443330107845984	-0.11840654915227788	-0.5354317918868536	-0.08109753126682206	-0.07639642118154755	-0.9598757145520442	-0.9316211060766915	0.058828205824083435	0.0	
