0.0	0.8770961159294147	0.9966843942005104	0.9952733750747981	0.9670482433583342	2.9802322387695312e-08	0.2489978863990796	0.6576989598664145	0.530365483025209	0.946455354608301	0.9970990114366841	0.9582029996467075	0.9814729137017335	0.9351201821210787	0.8559489709968955	0.8988188073608159	
-0.8770961159294147	0.0	0.40735768176158105	0.5632219500281351	0.687790383174723	0.8770961302439138	0.9690685163373922	0.9766023408847464	0.9983174327810131	0.7377536954519701	0.41216094862049174	0.20931148103896935	0.30336362561390773	0.13837007625769882	-0.04238654061224234	0.8161651646582248	
-0.9966843942005104	-0.40735768176158105	0.0	0.17777102240329123	0.33243267816367833	0.9966843966253677	0.9855524949639888	0.8042967881163204	0.8881112775584679	0.39877241447596323	0.005265607177403542	-0.20717668521651814	-0.11110839239846437	-0.27707008332765687	-0.44570188487225526	0.5099992223095535	
-0.9952733750747981	-0.5632219500281351	-0.17777102240329123	0.0	0.1594770015171158	0.9952733721806086	0.9397453743480058	0.6858493684850416	0.7922567054199753	0.22939581689530772	-0.17258682194088049	-0.3777907709204061	-0.28600896100125084	-0.44346811325960095	-0.5977400131874832	0.348961728464409	
-0.9670482433583342	-0.687790383174723	-0.33243267816367833	-0.1594770015171158	0.0	0.9670482357708653	0.8731969516365502	0.5610132682786756	0.684806180284878	0.07123566400465475	-0.32746193328022594	-0.5206139896638866	-0.43516367614663853	-0.5807301160573126	-0.7179410431133939	0.19504379707847883	
-2.9802322387695312e-08	-0.8770961302439138	-0.9966843966253677	-0.9952733721806086	-0.9670482357708653	0.0	-0.2489978575354102	-0.6576989374168947	-0.5303654577597207	-0.946455344987076	-0.9970990137051008	-0.9582030081728287	-0.981472919411886	-0.935120192680956	-0.8559489864064931	-0.8988187942978503	
-0.2489978863990796	-0.9690685163373922	-0.9855524949639888	-0.9397453743480058	-0.8731969516365502	0.2489978575354102	0.0	-0.4494187459535157	-0.30256839155280557	-0.836260658436462	-0.9846469946757664	-0.9992590628578751	-0.998268699195237	-0.9938952585971019	-0.9577369494089725	-0.7613687884653417	
-0.6576989598664145	-0.9766023408847464	-0.8042967881163204	-0.6858493684850416	-0.5610132682786756	0.6576989374168947	0.4494187459535157	0.0	0.15806268251773903	-0.5006186536942111	-0.8011566676624413	-0.9099565425444902	-0.8653405142539641	-0.9374510828444499	-0.9848400155222904	-0.38878016357825906	
-0.530365483025209	-0.9983174327810131	-0.8881112775584679	-0.7922567054199753	-0.684806180284878	0.5303654577597207	0.30256839155280557	-0.15806268251773903	0.0	-0.6311552117931573	-0.8856787421793086	-0.9640667181046566	-0.9336809374101946	-0.9806907722019849	-0.9998780310108304	-0.5295208177102559	
-0.946455354608301	-0.7377536954519701	-0.39877241447596323	-0.22939581689530772	-0.07123566400465475	0.946455344987076	0.836260658436462	0.5006186536942111	0.6311552117931573	0.0	-0.39393806147515187	-0.5801118289448021	-0.49819527561214383	-0.637247458184922	-0.7657045477682828	0.12468074100121623	
-0.9970990114366841	-0.41216094862049174	-0.005265607177403542	0.17258682194088049	0.32746193328022594	0.9970990137051008	0.9846469946757664	0.8011566676624413	0.8856787421793086	0.39393806147515187	0.0	-0.21232517519672855	-0.11633985614338381	-0.28212569933228926	-0.45040937979856954	0.5054628090562423	
-0.9582029996467075	-0.20931148103896935	0.20717668521651814	0.3777907709204061	0.5206139896638866	0.9582030081728287	0.9992590628578751	0.9099565425444902	0.9640667181046566	0.5801118289448021	0.21232517519672855	0.0	0.09719617420728077	-0.07199298570694473	-0.25057100719178904	0.6771422224335601	
-0.9814729137017335	-0.30336362561390773	0.11110839239846437	0.28600896100125084	0.43516367614663853	0.981472919411886	0.998268699195237	0.8653405142539641	0.9336809374101946	0.49819527561214383	0.11633985614338381	-0.09719617420728077	0.0	-0.16859607998892773	-0.34348005791738195	0.6024141031432169	
-0.9351201821210787	-0.13837007625769882	0.27707008332765687	0.44346811325960095	0.5807301160573126	0.935120192680956	0.9938952585971019	0.9374510828444499	0.9806907722019849	0.637247458184922	0.28212569933228926	0.07199298570694473	0.16859607998892773	0.0	-0.18022452852711413	0.7283613265380381	
-0.8559489709968955	0.04238654061224234	0.44570188487225526	0.5977400131874832	0.7179410431133939	0.8559489864064931	0.9577369494089725	0.9848400155222904	0.9998780310108304	0.7657045477682828	0.45040937979856954	0.25057100719178904	0.34348005791738195	0.18022452852711413	0.0	0.839923401044056	
-0.8988188073608159	-0.8161651646582248	-0.5099992223095535	-0.348961728464409	-0.19504379707847883	0.8988187942978503	0.7613687884653417	0.38878016357825906	0.5295208177102559	-0.12468074100121623	-0.5054628090562423	-0.6771422224335601	-0.6024141031432169	-0.7283613265380381	-0.839923401044056	0.0	
