0.0	0.03638789691689934	-0.27673814593301	0.040412913676955015	0.8208580387391761	0.9055109279958378	0.9961371794184367	0.9755444815370348	0.41783449280791535	-0.0819513502912172	0.020252398871797	0.05246554059832742	-0.07781707383854064	-0.5723758312053826	-0.9755444815370348	-0.9402071592326195	
-0.03638789691689934	0.0	-0.311521654618051	0.004027979516073199	0.7995321157696238	0.8894710259218782	0.992282231936704	0.9828965548763109	0.384498531052019	-0.11816257736167288	-0.01614144718569946	0.01609301368808555	-0.11404309501683557	-0.6018345330632989	-0.9828965548763109	-0.9519783306351829	
0.27673814593301	0.311521654618051	0.0	0.31534667089039964	0.9468538173903844	0.9875728754345248	0.9815339790624171	0.8766173234567515	0.6529391355860436	0.19705652000738766	0.29614283556927434	0.32677352236819945	0.2011210235210139	-0.3230990015426462	-0.8766173234567515	-0.8092298328410685	
-0.040412913676955015	-0.004027979516073199	-0.31534667089039964	0.0	0.7971063311832952	0.8876230575498181	0.9917747131952964	0.9836303680502261	0.38077708084710016	-0.1221613793352205	-0.02016877098502784	0.01206542524706855	-0.11804387004710054	-0.6050464790308362	-0.9836303680502261	-0.9532038358591833	
-0.8208580387391761	-0.7995321157696238	-0.9468538173903844	-0.7971063311832952	0.0	0.16885762193292841	0.496845975115716	0.7375912664001912	-0.5071297750713252	-0.8649020054340714	-0.8091228813218339	-0.7897627359944162	-0.8628127558412083	-0.9999988512639606	-0.7375912664001912	-0.81656948166707	
-0.9055109279958378	-0.8894710259218782	-0.9875728754345248	-0.8876230575498181	-0.16885762193292841	0.0	0.3431703065186938	0.6129791110413998	-0.6453808905495566	-0.9372389269932629	-0.8967316494468998	-0.8820014670231446	-0.9357846752333976	-0.9853833768089442	-0.6129791110413998	-0.7073713318041754	
-0.9961371794184367	-0.992282231936704	-0.9815339790624171	-0.9917747131952964	-0.496845975115716	-0.3431703065186938	0.0	0.3046162949949337	-0.8683233593589316	-0.9999827094094832	-0.9941544934154438	-0.9901581985725929	-0.9999497188316613	-0.867084652329278	-0.3046162949949337	-0.421847702142477	
-0.9755444815370348	-0.9828965548763109	-0.8766173234567515	-0.9836303680502261	-0.7375912664001912	-0.6129791110413998	-0.3046162949949337	0.0	-0.9781456577109122	-0.95424999361663	-0.9797959163873217	-0.9857329345255232	-0.9554819365906677	-0.6741286807012915	-0.0	-0.12561400084883131	
-0.41783449280791535	-0.384498531052019	-0.6529391355860436	-0.38077708084710016	0.5071297750713252	0.6453808905495566	0.8683233593589316	0.9781456577109122	0.0	-0.4908837357894288	-0.3993490211235394	-0.3695928651636094	-0.4872660880460104	-0.862637393975525	-0.9781456577109122	-0.9965157211023984	
0.0819513502912172	0.11816257736167288	-0.19705652000738766	0.1221613793352205	0.8649020054340714	0.9372389269932629	0.9999827094094832	0.95424999361663	0.4908837357894288	0.0	0.10211881850321694	0.13412754545623473	0.0041475224813996014	-0.5032511452958326	-0.95424999361663	-0.9091317264320188	
-0.020252398871797	0.01614144718569946	-0.29614283556927434	0.02016877098502784	0.8091228813218339	0.8967316494468998	0.9941544934154438	0.9797959163873217	0.3993490211235394	-0.10211881850321694	0.0	0.03223027391706171	-0.09799210007956458	-0.5888652294780115	-0.9797959163873217	-0.9469123525437615	
-0.05246554059832742	-0.01609301368808555	-0.32677352236819945	-0.01206542524706855	0.7897627359944162	0.8820014670231446	0.9901581985725929	0.9857329345255232	0.3695928651636094	-0.13412754545623473	-0.03223027391706171	0.0	-0.13001634603722068	-0.6146088105246854	-0.9857329345255232	-0.956782172682604	
0.07781707383854064	0.11404309501683557	-0.2011210235210139	0.11804387004710054	0.8628127558412083	0.9357846752333976	0.9999497188316613	0.9554819365906677	0.4872660880460104	-0.0041475224813996014	0.09799210007956458	0.13001634603722068	0.0	-0.506830857733914	-0.9554819365906677	-0.9108513862133435	
0.5723758312053826	0.6018345330632989	0.3230990015426462	0.6050464790308362	0.9999988512639606	0.9853833768089442	0.867084652329278	0.6741286807012915	0.862637393975525	0.5032511452958326	0.5888652294780115	0.6146088105246854	0.506830857733914	0.0	-0.6741286807012915	-0.5760087872232805	
0.9755444815370348	0.9828965548763109	0.8766173234567515	0.9836303680502261	0.7375912664001912	0.6129791110413998	0.3046162949949337	0.0	0.9781456577109122	0.95424999361663	0.9797959163873217	0.9857329345255232	0.9554819365906677	0.6741286807012915	0.0	0.12561400084883131	
0.9402071592326195	0.9519783306351829	0.8092298328410685	0.9532038358591833	0.81656948166707	0.7073713318041754	0.421847702142477	0.12561400084883131	0.9965157211023984	0.9091317264320188	0.9469123525437615	0.956782172682604	0.9108513862133435	0.5760087872232805	-0.12561400084883131	0.0	
