0.0	-0.4227735935768772	0.15069561001671933	-0.2864398993178322	-0.3360483096624777	-0.3653233503193543	-0.6120542905973325	-0.1525769782828239	-0.3360483096624777	-0.9270247794920813	-0.9899237339583754	-0.6952687285122217	-0.8453517389272446	-0.09913724487515291	0.9270247794920813	-0.9986445484576119	
0.4227735935768772	0.0	0.5545112953849406	0.145476665049035	0.09364823602718184	0.06248284238605294	-0.2203292120367129	0.2795529372096176	0.09364823602718184	-0.9986427451557351	-0.8372384709283586	-0.32620862029965414	-0.5402376929038559	0.33084923873310174	0.9986427451557351	-0.8830021698029369	
-0.15069561001671933	-0.5545112953849406	0.0	-0.42755001057216335	-0.4741425779742208	-0.501431067336394	-0.7242372209724703	-0.2997657852896445	-0.4741425779742208	-0.8599274864454596	-0.9999577465726175	-0.795641358329106	-0.9162011180621477	-0.24795836713487812	0.8599274864454596	-0.9950837468596532	
0.2864398993178322	-0.145476665049035	0.42755001057216335	0.0	-0.05218536924097706	-0.08337427909966523	-0.3598869386575326	0.13690241326285246	-0.05218536924097706	-0.9955957683025884	-0.9078838239150616	-0.4602570814458863	-0.6569109006689061	0.1900456132695859	0.9955957683025884	-0.9418907357145131	
0.3360483096624777	-0.09364823602718184	0.4741425779742208	0.05218536924097706	0.0	-0.031256998949260706	-0.3107078255057218	0.18840989207014947	0.0	-0.9991315641202444	-0.8847695080996038	-0.41330051851331034	-0.6166696942531176	0.24102096457851382	0.9991315641202444	-0.9230772519874287	
0.3653233503193543	-0.06248284238605294	0.501431067336394	0.08337427909966523	0.031256998949260706	0.0	-0.2808460591897996	0.21901503247603005	0.031256998949260706	-0.9999457464708151	-0.8697705283527125	-0.3846361147457394	-0.5917621800546748	0.27123873685741634	0.9999457464708151	-0.9106043205667517	
0.6120542905973325	0.2203292120367129	0.7242372209724703	0.3598869386575326	0.3107078255057218	0.2808460591897996	0.0	0.4842278306367409	0.3107078255057218	-0.9626261997568786	-0.6961794364099567	-0.10991550863955352	-0.34155187917678387	0.5306398757222642	0.9626261997568786	-0.757887212059173	
0.1525769782828239	-0.2795529372096176	0.2997657852896445	-0.13690241326285246	-0.18840989207014947	-0.21901503247603005	-0.4842278306367409	0.0	-0.18840989207014947	-0.9733871714440566	-0.956728162740387	-0.5774635513897683	-0.7539458499130749	0.05384884360619707	0.9733871714440566	-0.9790105766389198	
0.3360483096624777	-0.09364823602718184	0.4741425779742208	0.05218536924097706	0.0	-0.031256998949260706	-0.3107078255057218	0.18840989207014947	0.0	-0.9991315641202444	-0.8847695080996038	-0.41330051851331034	-0.6166696942531176	0.24102096457851382	0.9991315641202444	-0.9230772519874287	
0.9270247794920813	0.9986427451557351	0.8599274864454596	0.9955957683025884	0.9991315641202444	0.9999457464708151	0.9626261997568786	0.9733871714440566	0.9991315641202444	0.0	0.5024896292197791	0.9270247794920821	0.8122329735443324	0.959634516239486	0.0	0.4227422059212006	
0.9899237339583754	0.8372384709283586	0.9999577465726175	0.9078838239150616	0.8847695080996038	0.8697705283527125	0.6961794364099567	0.956728162740387	0.8847695080996038	-0.5024896292197791	0.0	0.6130564340468986	0.4091241405316857	0.9710091532020739	0.5024896292197791	-0.08988539220619146	
0.6952687285122217	0.32620862029965414	0.795641358329106	0.4602570814458863	0.41330051851331034	0.3846361147457394	0.10991550863955352	0.5774635513897683	0.41330051851331034	-0.9270247794920821	-0.6130564340468986	0.0	-0.23617688269386572	0.6205887912593187	0.9270247794920821	-0.6815878283984964	
0.8453517389272446	0.5402376929038559	0.9162011180621477	0.6569109006689061	0.6166696942531176	0.5917621800546748	0.34155187917678387	0.7539458499130749	0.6166696942531176	-0.8122329735443324	-0.4091241405316857	0.23617688269386572	0.0	0.7882272232723616	0.8122329735443324	-0.48948656201267515	
0.09913724487515291	-0.33084923873310174	0.24795836713487812	-0.1900456132695859	-0.24102096457851382	-0.27123873685741634	-0.5306398757222642	-0.05384884360619707	-0.24102096457851382	-0.959634516239486	-0.9710091532020739	-0.6205887912593187	-0.7882272232723616	0.0	0.959634516239486	-0.9885650317448458	
-0.9270247794920813	-0.9986427451557351	-0.8599274864454596	-0.9955957683025884	-0.9991315641202444	-0.9999457464708151	-0.9626261997568786	-0.9733871714440566	-0.9991315641202444	-0.0	-0.5024896292197791	-0.9270247794920821	-0.8122329735443324	-0.959634516239486	0.0	-0.4227422059212006	
0.9986445484576119	0.8830021698029369	0.9950837468596532	0.9418907357145131	0.9230772519874287	0.9106043205667517	0.757887212059173	0.9790105766389198	0.9230772519874287	-0.4227422059212006	0.08988539220619146	0.6815878283984964	0.48948656201267515	0.9885650317448458	0.4227422059212006	0.0	
