0.0	-0.7349517539053794	-0.949806145977794	-0.9930680745543815	-0.9749502037439085	-0.9533113822286742	-0.6769973160836442	-0.5355796902005456	-0.9118658675641734	-0.988116476327673	-0.985757405441802	-0.9938975132404554	-0.9957382695691063	-0.75123385995935	-2.1073424255447017e-08	-0.8777034120800111	
0.7349517539053794	0.0	-0.41416034820315056	-0.5870320350557642	-0.49766229178881644	-0.42451153270531417	0.0818288098193728	0.25746852802818515	-0.31666484248249627	-0.5570937521447186	-0.5448617854879072	-0.5929105317656183	-0.7430097564300417	-0.9945209621556073	-0.7349517681956771	-0.9473797199264801	
0.949806145977794	0.41416034820315056	0.0	-0.19902968386381187	-0.09374355137326809	-0.011401957676238306	0.48725232471843705	0.6345464975392939	0.10461703263025335	-0.16312962740024933	-0.14865117567608815	-0.2061592834072491	-0.3991009248921895	-0.8619216727768217	-0.9498061525703843	-0.7297310700258413	
0.9930680745543815	0.5870320350557642	0.19902968386381187	0.0	0.10628516481754602	0.18784290207912097	0.6513089985222358	0.7756784140332262	0.30046153282512944	0.03649764224603333	0.051141223046719475	-0.007280532770560663	-0.20862458604974526	-0.7437613047012073	-0.9930680770313648	-0.5790482598471788	
0.9749502037439085	0.49766229178881644	0.09374355137326809	-0.10628516481754602	0.0	0.08238570986987107	0.5669692581157242	0.7042051497520523	0.1973854800512773	-0.06992344289452285	-0.055294540107964835	-0.1135216414696652	-0.31138931629660843	-0.8105942289392334	-0.9749502084311277	-0.6624219301628406	
0.9533113822286742	0.42451153270531417	0.011401957676238306	-0.18784290207912097	-0.08238570986987107	0.0	0.497177538717907	0.6433176477168778	0.11594962243206725	-0.15186979885100768	-0.13736623424718655	-0.19498885622928083	-0.3886204467244071	-0.8560843789175896	-0.9533113885926181	-0.7218877249513482	
0.6769973160836442	-0.0818288098193728	-0.48725232471843705	-0.6513089985222358	-0.5669692581157242	-0.497177538717907	0.0	0.1775349921205131	-0.3932205693512677	-0.6231801853604569	-0.6116501107468146	-0.6568162967280965	-0.7952844323612466	-0.9997399025451575	-0.6769973315933785	-0.9703969675525544	
0.5355796902005456	-0.25746852802818515	-0.6345464975392939	-0.7756784140332262	-0.7042051497520523	-0.6433176477168778	-0.1775349921205131	0.0	-0.5502075731723918	-0.7521269129973089	-0.742386709802938	-0.7802528065514248	-0.8902791213915702	-0.9879074389301895	-0.5355797079967297	-0.9978591636213416	
0.9118658675641734	0.31666484248249627	-0.10461703263025335	-0.30046153282512944	-0.1973854800512773	-0.11594962243206725	0.3932205693512677	0.5502075731723918	0.0	-0.26545011729910034	-0.2512901700348752	-0.3073976975520539	-0.49283498126798553	-0.910237120301316	-0.9118658762145672	-0.7972569823491218	
0.988116476327673	0.5570937521447186	0.16312962740024933	-0.03649764224603333	0.06992344289452285	0.15186979885100768	0.6231801853604569	0.7521269129973089	0.26545011729910034	0.0	0.014657267069380558	-0.04377235696959912	-0.2441801284217322	-0.7676624431172226	-0.9881164795668047	-0.6084187446537406	
0.985757405441802	0.5448617854879072	0.14865117567608815	-0.051141223046719475	0.055294540107964835	0.13736623424718655	0.6116501107468146	0.742386709802938	0.2512901700348752	-0.014657267069380558	0.0	-0.05841087332344341	-0.25836748775866986	-0.7769731523480246	-0.985757408985794	-0.6199856303857849	
0.9938975132404554	0.5929105317656183	0.2061592834072491	0.007280532770560663	0.1135216414696652	0.19498885622928083	0.6568162967280965	0.7802528065514248	0.3073976975520539	0.04377235696959912	0.05841087332344341	0.0	-0.20149872632140903	-0.7388749545497917	-0.9938975155650108	-0.5730971437272568	
0.9957382695691063	0.7430097564300417	0.3991009248921895	0.20862458604974526	0.31138931629660843	0.3886204467244071	0.7952844323612466	0.8902791213915702	0.49283498126798553	0.2441801284217322	0.25836748775866986	0.20149872632140903	0.0	-0.5879413067599286	-0.9957382676256269	-0.39621654478637036	
0.75123385995935	0.9945209621556073	0.8619216727768217	0.7437613047012073	0.8105942289392334	0.8560843789175896	0.9997399025451575	0.9879074389301895	0.910237120301316	0.7676624431172226	0.7769731523480246	0.7388749545497917	0.5879413067599286	0.0	-0.7512338460501284	0.21932149581923016	
2.1073424255447017e-08	0.7349517681956771	0.9498061525703843	0.9930680770313648	0.9749502084311277	0.9533113885926181	0.6769973315933785	0.5355797079967297	0.9118658762145672	0.9881164795668047	0.985757408985794	0.9938975155650108	0.9957382676256269	0.7512338460501284	0.0	0.8777034019815363	
0.8777034120800111	0.9473797199264801	0.7297310700258413	0.5790482598471788	0.6624219301628406	0.7218877249513482	0.9703969675525544	0.9978591636213416	0.7972569823491218	0.6084187446537406	0.6199856303857849	0.5730971437272568	0.39621654478637036	-0.21932149581923016	-0.8777034019815363	0.0	
