0.0	0.6656449399922394	-0.02214747433546943	-0.6029312832631165	-0.8688848444362703	-0.9782482764447522	-0.9460966625452829	-0.9351872841535915	-0.9585162571484143	-0.6656449511125079	-0.9830909169568037	-0.9782482764447522	-0.995777247856975	-0.9460966625452829	-0.940746048931793	-0.999967478955181	
-0.6656449399922394	0.0	-0.6820096315372263	-0.9809956365438425	-0.9779252146820754	-0.5919562541271642	-0.9216342383861836	-0.9336414240624468	-0.5255765663172904	-1.4901161193847656e-08	-0.6117582203456229	-0.5919562541271642	-0.6820095122906034	-0.9216342383861836	-0.9277773421108741	-0.7408760295387771	
0.02214747433546943	0.6820096315372263	0.0	-0.5851142903024602	-0.8577084038447548	-0.9826025427784904	-0.9386913773986545	-0.9271142895086548	-0.9645940159236855	-0.6820096424350889	-0.9869053831677072	-0.9826025427784904	-0.9975661885776947	-0.9386913773986545	-0.9330048258699055	-0.9999008165362413	
0.6029312832631165	0.9809956365438425	0.5851142903024602	0.0	-0.3947307650689833	-0.9055102961037234	-0.559509373962266	-0.5325557243663841	-0.9365559246097355	-0.9809956394351116	-0.8947108213993276	-0.9055102961037234	-0.8497747533105229	-0.559509373962266	-0.5460595638882706	-0.8026296997289735	
0.8688848444362703	0.9779252146820754	0.8577084038447548	0.3947307650689833	0.0	-0.6644861417851429	-0.18691310112523604	-0.155212390135942	-0.7221443063771785	-0.9779252115684002	-0.6457525988320079	-0.6644861417851429	-0.5726896232394185	-0.18691310112523604	-0.17103353973180063	-0.5020055554900981	
0.9782482764447522	0.5919562541271642	0.9826025427784904	0.9055102961037234	0.6644861417851429	0.0	0.5130952678994609	0.5404430059601905	-0.08000560022666964	-0.5919562421172738	0.02479491241384385	0.0	0.11675602962090148	0.5130952678994609	0.5268816114458116	0.1995413588899146	
0.9460966625452829	0.9216342383861836	0.9386913773986545	0.559509373962266	0.18691310112523604	-0.5130952678994609	0.0	0.03217092725202236	-0.5801218369322513	-0.9216342326036434	-0.4916552628854035	-0.5130952678994609	-0.4093706203668493	0.0	0.016139653422877154	-0.3315039500998019	
0.9351872841535915	0.9336414240624468	0.9271142895086548	0.5325557243663841	0.155212390135942	-0.5404430059601905	-0.03217092725202236	0.0	-0.6060257314458338	-0.9336414187247165	-0.5194148926464914	-0.5404430059601905	-0.4385104529985736	-0.03217092725202236	-0.016035437658427854	-0.3616841421671317	
0.9585162571484143	0.5255765663172904	0.9645940159236855	0.9365559246097355	0.7221443063771785	0.08000560022666964	0.5801218369322513	0.6060257314458338	0.0	-0.5255765536401825	0.10469643340847812	0.08000560022666964	0.195840170160948	0.5801218369322513	0.5931925017828469	0.2772983519238007	
0.6656449511125079	1.4901161193847656e-08	0.6820096424350889	0.9809956394351116	0.9779252115684002	0.5919562421172738	0.9216342326036434	0.9336414187247165	0.5255765536401825	0.0	0.6117582085581367	0.5919562421172738	0.6820095013927389	0.9216342326036434	0.9277773365507397	0.7408760195305342	
0.9830909169568037	0.6117582203456229	0.9869053831677072	0.8947108213993276	0.6457525988320079	-0.02479491241384385	0.4916552628854035	0.5194148926464914	-0.10469643340847812	-0.6117582085581367	0.0	-0.02479491241384385	0.0920948032777072	0.4916552628854035	0.5056454711422572	0.17518373970187656	
0.9782482764447522	0.5919562541271642	0.9826025427784904	0.9055102961037234	0.6644861417851429	0.0	0.5130952678994609	0.5404430059601905	-0.08000560022666964	-0.5919562421172738	0.02479491241384385	0.0	0.11675602962090148	0.5130952678994609	0.5268816114458116	0.1995413588899146	
0.995777247856975	0.6820095122906034	0.9975661885776947	0.8497747533105229	0.5726896232394185	-0.11675602962090148	0.4093706203668493	0.4385104529985736	-0.195840170160948	-0.6820095013927389	-0.0920948032777072	-0.11675602962090148	0.0	0.4093706203668493	0.42404260495577706	0.0837686245602487	
0.9460966625452829	0.9216342383861836	0.9386913773986545	0.559509373962266	0.18691310112523604	-0.5130952678994609	0.0	0.03217092725202236	-0.5801218369322513	-0.9216342326036434	-0.4916552628854035	-0.5130952678994609	-0.4093706203668493	0.0	0.016139653422877154	-0.3315039500998019	
0.940746048931793	0.9277773421108741	0.9330048258699055	0.5460595638882706	0.17103353973180063	-0.5268816114458116	-0.016139653422877154	0.016035437658427854	-0.5931925017828469	-0.9277773365507397	-0.5056454711422572	-0.5268816114458116	-0.42404260495577706	-0.016139653422877154	0.0	-0.34668778867027944	
0.999967478955181	0.7408760295387771	0.9999008165362413	0.8026296997289735	0.5020055554900981	-0.1995413588899146	0.3315039500998019	0.3616841421671317	-0.2772983519238007	-0.7408760195305342	-0.17518373970187656	-0.1995413588899146	-0.0837686245602487	0.3315039500998019	0.34668778867027944	0.0	
