0.0	-0.07328574234060531	-0.35719204070664984	-0.0898439269918832	0.3258926856362903	0.3330322840114628	0.7782427321368653	0.9410115941837724	0.7810180048367092	0.03195812681356902	-0.165678160855517	-0.3202693473966632	-0.7753152713710402	-0.6310741828764641	-0.696015652319242	-0.9410115870530666	
0.07328574234060531	0.0	-0.28778039306599007	-0.016612970979747455	0.3943011920051468	0.4012390119160235	0.8221708020922716	0.9136831863582893	0.8246854049614025	0.10512049953237151	-0.09295972546282816	-0.24998261055451337	-0.7269450374855836	-0.572527816412649	-0.641522942413456	-0.9136831777934772	
0.35719204070664984	0.28778039306599007	0.0	0.2718304950132456	0.6420856329317423	0.6478643507526329	0.9512064015082017	0.7580693551906611	0.9525644700599637	0.3868594701578127	0.19750706958225983	0.03923600667498939	-0.49857512128358633	-0.3123609309622204	-0.3936267824403358	-0.7580693414471228	
0.0898439269918832	0.016612970979747455	-0.2718304950132456	0.0	0.40951378562630486	0.41640067833998085	0.8315141205860865	0.9068051309931716	0.8339677529847143	0.12162691906140471	-0.07640586191203413	-0.23386259715077723	-0.7154366606241485	-0.5588280741165994	-0.6286905351145615	-0.9068051221096681	
-0.3258926856362903	-0.3943011920051468	-0.6420856329317423	-0.40951378562630486	0.0	0.007561735323310294	0.5311072107916555	0.9999124456394716	0.5348569531369098	-0.2955127930687775	-0.47802206279961823	-0.6115115941235802	-0.9388137843440187	-0.8494240881172529	-0.8920175285865921	-0.9999124453606156	
-0.3330322840114628	-0.4012390119160235	-0.6478643507526329	-0.41640067833998085	-0.007561735323310294	0.0	0.5246849329353362	0.9999839190472679	0.5284524289062603	-0.30272836327722913	-0.4846502297908505	-0.6174772240143681	-0.9413913951100403	-0.8533902124153314	-0.8954099359732273	-0.9999839189277577	
-0.7782427321368653	-0.8221708020922716	-0.9512064015082017	-0.8315141205860865	-0.5311072107916555	-0.5246849329353362	0.0	0.8542583578978099	0.004431650197855408	-0.7577766729288697	-0.8715271707288119	-0.9383674670363509	-0.9783879396097881	-0.9999919862356195	-0.9958714665747505	-0.8542583688528017	
-0.9410115941837724	-0.9136831863582893	-0.7580693551906611	-0.9068051309931716	-0.9999124456394716	-0.9999839190472679	-0.8542583578978099	0.0	-0.8519461817039884	-0.9513447429549707	-0.8719454620627152	-0.7830743213247412	-0.331972061593796	-0.5164245567180527	-0.44015754210986496	-2.1073424255447017e-08	
-0.7810180048367092	-0.8246854049614025	-0.9525644700599637	-0.8339677529847143	-0.5348569531369098	-0.5284524289062603	-0.004431650197855408	0.8519461817039884	0.0	-0.7606609454819988	-0.8736916598273929	-0.9398900047331394	-0.977461965350912	-0.999964424695938	-0.9954594061772288	-0.8519461927386518	
-0.03195812681356902	-0.10512049953237151	-0.3868594701578127	-0.12162691906140471	0.2955127930687775	0.30272836327722913	0.7577766729288697	0.9513447429549707	0.7606609454819988	0.0	-0.19710999540271018	-0.35038053779429845	-0.7951031819576114	-0.6555424732066522	-0.7186069189546258	-0.9513447364616476	
0.165678160855517	0.09295972546282816	-0.19750706958225983	0.07640586191203413	0.47802206279961823	0.4846502297908505	0.8715271707288119	0.8719454620627152	0.8736916598273929	0.19710999540271018	0.0	-0.15889186876569183	-0.6599622318769683	-0.493832384296472	-0.5674353013302591	-0.871945451745103	
0.3202693473966632	0.24998261055451337	-0.03923600667498939	0.23386259715077723	0.6115115941235802	0.6174772240143681	0.9383674670363509	0.7830743213247412	0.9398900047331394	0.35038053779429845	0.15889186876569183	0.0	-0.5322027991115387	-0.34939317829238375	-0.42939217572395955	-0.7830743082185856	
0.7753152713710402	0.7269450374855836	0.49857512128358633	0.7154366606241485	0.9388137843440187	0.9413913951100403	0.9783879396097881	0.331972061593796	0.977461965350912	0.7951031819576114	0.6599622318769683	0.5322027991115387	0.0	0.20285918792741897	0.11711132348006825	-0.331972041715462	
0.6310741828764641	0.572527816412649	0.3123609309622204	0.5588280741165994	0.8494240881172529	0.8533902124153314	0.9999919862356195	0.5164245567180527	0.999964424695938	0.6555424732066522	0.493832384296472	0.34939317829238375	-0.20285918792741897	0.0	-0.08678693652518993	-0.5164245386721904	
0.696015652319242	0.641522942413456	0.3936267824403358	0.6286905351145615	0.8920175285865921	0.8954099359732273	0.9958714665747505	0.44015754210986496	0.9954594061772288	0.7186069189546258	0.5674353013302591	0.42939217572395955	-0.11711132348006825	0.08678693652518993	0.0	-0.44015752318760387	
0.9410115870530666	0.9136831777934772	0.7580693414471228	0.9068051221096681	0.9999124453606156	0.9999839189277577	0.8542583688528017	2.1073424255447017e-08	0.8519461927386518	0.9513447364616476	0.871945451745103	0.7830743082185856	0.331972041715462	0.5164245386721904	0.44015752318760387	0.0	
