0.0	-0.09597448699074701	0.22545538806819793	0.8556193514555087	0.5540022847970625	0.1555103449577641	0.020706157384426604	0.045906169623598	-0.19791384918487898	-0.3421055764486532	0.016544010564528422	-0.16459196224771894	-0.9183889984753826	-0.8556193623632303	-0.9624932766437614	-0.7903697722271655	
0.09597448699074701	0.0	0.3179181187669525	0.9013465654630296	0.6313451103183654	0.249599363902467	0.11656448399806452	0.1415675637705951	-0.10292418231157435	-0.25034281426884997	0.11242899178545801	-0.06916660971445387	-0.8761744639710393	-0.9013465745898993	-0.9320118002624816	-0.7279244044488857	
-0.22545538806819793	-0.3179181187669525	0.0	0.7168931770540639	0.3520436355835551	-0.07120606055537149	-0.20523400530499886	-0.18049345700496494	-0.4138140081952627	-0.5451493056505272	-0.20930647182837164	-0.38273486339097307	-0.9839515882030996	-0.7168931917460973	-0.9988797307491688	-0.9081412650404976	
-0.8556193514555087	-0.9013465654630296	-0.7168931770540639	0.0	-0.4255614013195064	-0.7647170914428597	-0.8447182881696073	-0.8309560308921308	-0.9411360136840241	-0.9810683330931587	-0.8469389780930556	-0.9291439102679667	-0.813913628082953	-2.1073424255447017e-08	-0.7303261449202015	-0.9332779534231348	
-0.5540022847970625	-0.6313451103183654	-0.3520436355835551	0.4255614013195064	0.0	-0.4177977215623913	-0.5366453195831477	-0.515200649746912	-0.7078100744860195	-0.8053827036708792	-0.5401533238370062	-0.6834719601642921	-0.9837796647552728	-0.4255614203894707	-0.9515941161415893	-0.9973932741528112	
-0.1555103449577641	-0.249599363902467	0.07120606055537149	0.7647170914428597	0.4177977215623913	0.0	-0.13502275251124696	-0.10999871185104132	-0.3479403413897417	-0.4840706975480202	-0.13914632108214064	-0.3159790345861343	-0.9687482539825676	-0.7647171050218614	-0.9929746543614941	-0.8760246581440214	
-0.020706157384426604	-0.11656448399806452	0.20523400530499886	0.8447182881696073	0.5366453195831477	0.13502275251124696	0.0	0.025211999505366622	-0.21816799490387478	-0.3614890099139725	-0.004162859904714489	-0.1849804359449319	-0.9263850858421786	-0.8447182994483395	-0.9679046175278295	-0.8028855355306327	
-0.045906169623598	-0.1415675637705951	0.18049345700496494	0.8309560308921308	0.515200649746912	0.10999871185104132	-0.025211999505366622	0.0	-0.2427033186042949	-0.384881174909093	-0.02937331769400192	-0.2096985316079965	-0.9355848867794836	-0.8309560426160794	-0.973933171791812	-0.8176600303776422	
0.19791384918487898	0.10292418231157435	0.4138140081952627	0.9411360136840241	0.7078100744860195	0.3479403413897417	0.21816799490387478	0.2427033186042949	0.0	-0.1493665005877864	0.21410352281130812	0.033878411520570584	-0.8219124319735838	-0.9411360208074337	-0.8897594774844921	-0.6534878199022833	
0.3421055764486532	0.25034281426884997	0.5451493056505272	0.9810683330931587	0.8053827036708792	0.4840706975480202	0.3614890099139725	0.384881174909093	0.1493665005877864	0.0	0.357604525498493	0.18277911867823013	-0.7276109076910915	-0.9810683371742775	-0.8116027606733349	-0.5330958935741206	
-0.016544010564528422	-0.11242899178545801	0.20930647182837164	0.8469389780930556	0.5401533238370062	0.13914632108214064	0.004162859904714489	0.02937331769400192	-0.21410352281130812	-0.357604525498493	0.0	-0.18088781502261558	-0.9248094192542458	-0.8469389892975866	-0.966850029971805	-0.8003969596547877	
0.16459196224771894	0.06916660971445387	0.38273486339097307	0.9291439102679667	0.6834719601642921	0.3159790345861343	0.1849804359449319	0.2096985316079965	-0.033878411520570584	-0.18277911867823013	0.18088781502261558	0.0	-0.8407382357826101	-0.9291439180591964	-0.9047118348566667	-0.6787565172063555	
0.9183889984753826	0.8761744639710393	0.9839515882030996	0.813913628082953	0.9837796647552728	0.9687482539825676	0.9263850858421786	0.9355848867794836	0.8219124319735838	0.7276109076910915	0.9248094192542458	0.8407382357826101	0.0	-0.8139136158395907	-0.13167408826514904	0.24990023395238314	
0.8556193623632303	0.9013465745898993	0.7168931917460973	2.1073424255447017e-08	0.4255614203894707	0.7647171050218614	0.8447182994483395	0.8309560426160794	0.9411360208074337	0.9810683371742775	0.8469389892975866	0.9291439180591964	0.8139136158395907	0.0	0.7303261305249743	0.9332779458545104	
0.9624932766437614	0.9320118002624816	0.9988797307491688	0.7303261449202015	0.9515941161415893	0.9929746543614941	0.9679046175278295	0.973933171791812	0.8897594774844921	0.8116027606733349	0.966850029971805	0.9047118348566667	0.13167408826514904	-0.7303261305249743	0.0	0.3752206469516571	
0.7903697722271655	0.7279244044488857	0.9081412650404976	0.9332779534231348	0.9973932741528112	0.8760246581440214	0.8028855355306327	0.8176600303776422	0.6534878199022833	0.5330958935741206	0.8003969596547877	0.6787565172063555	-0.24990023395238314	-0.9332779458545104	-0.3752206469516571	0.0	
