0.0	-0.23328377110026488	0.1636906691736486	0.04770077458422556	0.2720384456842854	0.9879255208405265	0.6126473826085802	-0.42251807591058343	-0.9348421658706914	-0.9835356402038451	-0.960706521721385	-0.960706521721385	-0.9544598111729665	-0.9480552093920022	-0.9879255208405265	-0.9998305235594314	
0.23328377110026488	0.0	0.3893114042345577	0.2794028654801656	0.4890183480859526	0.9968099221234259	0.7801209590782744	-0.19942245824288013	-0.8262180922814244	-0.9142409099560094	-0.8694476979746854	-0.8694476979746854	-0.8585272571548161	-0.8476882068685645	-0.9968099221234259	-0.9765386300757628	
-0.1636906691736486	-0.3893114042345577	0.0	-0.11644696223359113	0.11085181166605573	0.9492395787407375	0.47500985805152574	-0.5651808061373196	-0.9803533389623468	-0.9998506701334965	-0.9931832310619844	-0.9931832310619844	-0.9904211812762791	-0.9873385274124664	-0.9492395787407375	-0.9833309973109189	
-0.04770077458422556	-0.2794028654801656	0.11644696223359113	0.0	0.22582697033270624	0.9794106762235881	0.5742493769734244	-0.46527092256347763	-0.9507148135191411	-0.9910362625009541	-0.9728530421562441	-0.9728530421562441	-0.9676043472497388	-0.9621499044076675	-0.9794106762235881	-0.9978142204798345	
-0.2720384456842854	-0.4890183480859526	-0.11085181166605573	-0.22582697033270624	0.0	0.9085204829150569	0.3745349170109649	-0.6531466600727598	-0.9961768234397406	-0.9956041812737179	-0.9999834741462422	-0.9999834741462422	-0.9996234991418165	-0.9988376348288162	-0.9085204829150569	-0.9571151000663022	
-0.9879255208405265	-0.9968099221234259	-0.9492395787407375	-0.9794106762235881	-0.9085204829150569	0.0	-0.6858960411783832	-0.9608712743285143	-0.4956110185846316	-0.33091096483527954	-0.42305653226475665	-0.42305653226475665	-0.4426112535724819	-0.4611466355090535	-0.0	-0.13671568938115686	
-0.6126473826085802	-0.7801209590782744	-0.47500985805152574	-0.5742493769734244	-0.3745349170109649	0.6858960411783832	0.0	-0.8892155616013471	-0.9563872114785645	-0.88805777353544	-0.9293507028639911	-0.9293507028639911	-0.9371403131422269	-0.9441881746209744	-0.6858960411783832	-0.7789436460401334	
0.42251807591058343	0.19942245824288013	0.5651808061373196	0.46527092256347763	0.6531466600727598	0.9608712743285143	0.8892155616013471	0.0	-0.6972776334977724	-0.8150769089406343	-0.7534639525608434	-0.7534639525608434	-0.7390251030261217	-0.724868639313097	-0.9608712743285143	-0.9139794045332051	
0.9348421658706914	0.8262180922814244	0.9803533389623468	0.9507148135191411	0.9961768234397406	0.4956110185846316	0.9563872114785645	0.6972776334977724	0.0	-0.18027834449221813	-0.08163130841532634	-0.08163130841532634	-0.059993526875044334	-0.03924110437494044	-0.4956110185846316	-0.3722137198266266	
0.9835356402038451	0.9142409099560094	0.9998506701334965	0.9910362625009541	0.9956041812737179	0.33091096483527954	0.88805777353544	0.8150769089406343	0.18027834449221813	0.0	0.09938285144565673	0.09938285144565673	0.12094304996841909	0.14154132510642753	-0.33091096483527954	-0.1987904209361039	
0.960706521721385	0.8694476979746854	0.9931832310619844	0.9728530421562441	0.9999834741462422	0.42305653226475665	0.9293507028639911	0.7534639525608434	0.08163130841532634	-0.09938285144565673	0.0	0.0	0.021690967123938143	0.04245829269276957	-0.42305653226475665	-0.2952056340150707	
0.960706521721385	0.8694476979746854	0.9931832310619844	0.9728530421562441	0.9999834741462422	0.42305653226475665	0.9293507028639911	0.7534639525608434	0.08163130841532634	-0.09938285144565673	0.0	0.0	0.021690967123938143	0.04245829269276957	-0.42305653226475665	-0.2952056340150707	
0.9544598111729665	0.8585272571548161	0.9904211812762791	0.9676043472497388	0.9996234991418165	0.4426112535724819	0.9371403131422269	0.7390251030261217	0.059993526875044334	-0.12094304996841909	-0.021690967123938143	-0.021690967123938143	0.0	0.020776896165857373	-0.4426112535724819	-0.3158604608736707	
0.9480552093920022	0.8476882068685645	0.9873385274124664	0.9621499044076675	0.9988376348288162	0.4611466355090535	0.9441881746209744	0.724868639313097	0.03924110437494044	-0.14154132510642753	-0.04245829269276957	-0.04245829269276957	-0.020776896165857373	0.0	-0.4611466355090535	-0.3355055148421121	
0.9879255208405265	0.9968099221234259	0.9492395787407375	0.9794106762235881	0.9085204829150569	0.0	0.6858960411783832	0.9608712743285143	0.4956110185846316	0.33091096483527954	0.42305653226475665	0.42305653226475665	0.4426112535724819	0.4611466355090535	0.0	0.13671568938115686	
0.9998305235594314	0.9765386300757628	0.9833309973109189	0.9978142204798345	0.9571151000663022	0.13671568938115686	0.7789436460401334	0.9139794045332051	0.3722137198266266	0.1987904209361039	0.2952056340150707	0.2952056340150707	0.3158604608736707	0.3355055148421121	-0.13671568938115686	0.0	
