0.0	-0.8093198125030633	0.030869328929633788	0.7877908885020338	0.8093198125030633	0.9962939463953315	0.6225744245796074	0.6987024048773552	0.9923341039493585	0.6895205611275211	0.35368624916866553	0.76861941610622	0.9187190895143119	0.9523404868584044	0.814177629358199	0.8514466925296467	
0.8093198125030633	0.0	0.8270657770984952	0.9612180424407889	0.0	0.5155787489681207	0.9990222341924302	0.9893930531274964	0.6828845778842211	0.9911653846344276	0.9647527814884314	0.9691896381827556	0.8592362545578328	0.806247070710028	0.9481260020677379	0.9245533601278303	
-0.030869328929633788	-0.8270657770984952	0.0	0.7684017095065139	0.8270657770984952	0.9984743293305905	0.5981206030458392	0.6762851216504948	0.9880462282214378	0.6668343466882987	0.3246436297631035	0.7485058089274607	0.9060905958377096	0.942470339929701	0.7958663934158214	0.8348517708203693	
-0.7877908885020338	-0.9612180424407889	-0.7684017095065139	0.0	0.9612180424407889	0.6814209507632418	-0.23302388119766537	-0.13323469025510765	0.5138626165637281	-0.14586502542034183	-0.5190208374490525	-0.030529236128469722	0.25477057299134825	0.3462818505104466	0.04408294589947509	0.11129248116985413	
-0.8093198125030633	-0.0	-0.8270657770984952	-0.9612180424407889	0.0	-0.5155787489681207	-0.9990222341924302	-0.9893930531274964	-0.6828845778842211	-0.9911653846344276	-0.9647527814884314	-0.9691896381827556	-0.8592362545578328	-0.806247070710028	-0.9481260020677379	-0.9245533601278303	
-0.9962939463953315	-0.5155787489681207	-0.9984743293305905	-0.6814209507632418	0.5155787489681207	0.0	-0.8332103710526714	-0.7728591194305745	-0.20848049504475813	-0.780890217353433	-0.9623195059103126	-0.7034474180004756	-0.4724706280596582	-0.38582097486961087	-0.648494580992082	-0.5957337109741349	
-0.6225744245796074	-0.9990222341924302	-0.5981206030458392	0.23302388119766537	0.9990222341924302	0.8332103710526714	0.0	0.10137948627320517	0.6996212766756297	0.0886820653447905	-0.3055528570149506	0.20322646558383545	0.47309144633240274	0.555355877655842	0.275666739770805	0.3398049777645291	
-0.6987024048773552	-0.9893930531274964	-0.6762851216504948	0.13323469025510765	0.9893930531274964	0.7728591194305745	-0.10137948627320517	0.0	0.6235796581412878	-0.01275488941163369	-0.40050962007390534	0.10291553292918565	0.3813373190126139	0.4681861098981923	0.17679509449398698	0.24270725058731696	
-0.9923341039493585	-0.6828845778842211	-0.9880462282214378	-0.5138626165637281	0.6828845778842211	0.20848049504475813	-0.6996212766756297	-0.6235796581412878	0.0	-0.6335001918624436	-0.8844837243883323	-0.5398132838124753	-0.27834526923735786	-0.18500453194318517	-0.47554553095099233	-0.41519558741251406	
-0.6895205611275211	-0.9911653846344276	-0.6668343466882987	0.14586502542034183	0.9911653846344276	0.780890217353433	-0.0886820653447905	0.01275488941163369	0.6335001918624436	0.0	-0.3887898296606703	0.1155943232803332	0.39309737687215385	0.4794186258168259	0.18933468306467025	0.25506101993320535	
-0.35368624916866553	-0.9647527814884314	-0.3246436297631035	0.5190208374490525	0.9647527814884314	0.9623195059103126	0.3055528570149506	0.40050962007390534	0.8844837243883323	0.3887898296606703	0.0	0.4926836901462678	0.7196620421163289	0.7828977142155911	0.5561966928082033	0.6109250597461825	
-0.76861941610622	-0.9691896381827556	-0.7485058089274607	0.030529236128469722	0.9691896381827556	0.7034474180004756	-0.20322646558383545	-0.10291553292918565	0.5398132838124753	-0.1155943232803332	-0.4926836901462678	0.0	0.2841736358475214	0.3747608479033082	0.07456195557983927	0.14158018409290085	
-0.9187190895143119	-0.8592362545578328	-0.9060905958377096	-0.25477057299134825	0.8592362545578328	0.4724706280596582	-0.47309144633240274	-0.3813373190126139	0.27834526923735786	-0.39309737687215385	-0.7196620421163289	-0.2841736358475214	0.0	0.09584702742638823	-0.21189462795877534	-0.14556786125727483	
-0.9523404868584044	-0.806247070710028	-0.942470339929701	-0.3462818505104466	0.806247070710028	0.38582097486961087	-0.555355877655842	-0.4681861098981923	0.18500453194318517	-0.4794186258168259	-0.7828977142155911	-0.3747608479033082	-0.09584702742638823	0.0	-0.304589663932991	-0.23972376852223393	
-0.814177629358199	-0.9481260020677379	-0.7958663934158214	-0.04408294589947509	0.9481260020677379	0.648494580992082	-0.275666739770805	-0.17679509449398698	0.47554553095099233	-0.18933468306467025	-0.5561966928082033	-0.07456195557983927	0.21189462795877534	0.304589663932991	0.0	0.06737520168850669	
-0.8514466925296467	-0.9245533601278303	-0.8348517708203693	-0.11129248116985413	0.9245533601278303	0.5957337109741349	-0.3398049777645291	-0.24270725058731696	0.41519558741251406	-0.25506101993320535	-0.6109250597461825	-0.14158018409290085	0.14556786125727483	0.23972376852223393	-0.06737520168850669	0.0	
