0.0	-0.5723322411090846	-0.23263945049760662	0.4330718503651471	0.4330718503651471	0.17772135917242912	0.42399957117855	-0.2363308154099465	-0.9668974569222364	-0.9635434049213708	-0.8603410509591256	0.031648414188431506	0.2917228404214532	-0.03137240037365749	0.15293566622624044	0.9635433992831325	
0.5723322411090846	0.0	0.36585976147101473	0.8710054192038127	0.8710054192038127	0.7089565926920378	0.8660286903743184	0.3623231591095637	-0.646837721732446	-0.9432553008791528	-0.41376993028052134	0.5979979295814919	0.7866565425820395	0.5463244659609713	0.6910099939620131	0.9432553078769713	
0.23263945049760662	-0.36585976147101473	0.0	0.6308814357176792	0.6308814357176792	0.40178125520248736	0.6230591167256538	-0.003797226436372314	-0.8810072347564215	-0.9993498777189613	-0.7181552101695798	0.2633029911270329	0.5062391628460604	0.20201329985015246	0.37864229215826445	0.9993498769592001	
-0.4330718503651471	-0.8710054192038127	-0.6308814357176792	0.0	0.0	-0.26598689632311434	-0.010040886674434368	-0.6338230765921561	-0.9820270035248324	-0.7526296403840702	-0.996221368399524	-0.4043283131535953	-0.15128735263532894	-0.4611364853409564	-0.2901272560000491	0.7526296265083984	
-0.4330718503651471	-0.8710054192038127	-0.6308814357176792	0.0	0.0	-0.26598689632311434	-0.010040886674434368	-0.6338230765921561	-0.9820270035248324	-0.7526296403840702	-0.996221368399524	-0.4043283131535953	-0.15128735263532894	-0.4611364853409564	-0.2901272560000491	0.7526296265083984	
-0.17772135917242912	-0.7089565926920378	-0.40178125520248736	0.26598689632311434	0.26598689632311434	0.0	0.25629430742139436	-0.40525561427101114	-0.9968535869415678	-0.9006548960900672	-0.9372330739352761	-0.14648773372948076	0.11708786643962649	-0.20850685692974802	-0.02512961085670795	0.9006548869329244	
-0.42399957117855	-0.8660286903743184	-0.6230591167256538	0.010040886674434368	0.010040886674434368	-0.25629430742139436	0.0	-0.6260247194195612	-0.983872620240226	-0.7592030621168413	-0.9952990932819121	-0.3951243958892751	-0.141354411766746	-0.45220366687672087	-0.28050362159477316	0.7592030484011223	
0.2363308154099465	-0.3623231591095637	0.003797226436372314	0.6338230765921561	0.6338230765921561	0.40525561427101114	0.6260247194195612	0.0	-0.8792044047123693	-0.9994795744833695	-0.7155076074639903	0.2669643272671973	0.509510215110036	0.20573078161480718	0.38215405903613053	0.9994795738035823	
0.9668974569222364	0.646837721732446	0.8810072347564215	0.9820270035248324	0.9820270035248324	0.9968535869415678	0.983872620240226	0.8792044047123693	0.0	-0.5045582095099355	0.27331668695274014	0.9744886783701487	0.999277748026214	0.9584163696807853	0.9945468856573038	0.5045582277042594	
0.9635434049213708	0.9432553008791528	0.9993498777189613	0.7526296403840702	0.7526296403840702	0.9006548960900672	0.7592030621168413	0.9994795744833695	0.5045582095099355	0.0	0.7213222316543924	0.9545931323010902	0.8435810063618119	0.9714628656952907	0.9112901687047545	2.1073424255447017e-08	
0.8603410509591256	0.41376993028052134	0.7181552101695798	0.996221368399524	0.996221368399524	0.9372330739352761	0.9952990932819121	0.7155076074639903	-0.27331668695274014	-0.7213222316543924	0.0	0.8760418670520482	0.9716153263860865	0.8439264581511259	0.9281743126112849	0.7213222462498379	
-0.031648414188431506	-0.5979979295814919	-0.2633029911270329	0.4043283131535953	0.4043283131535953	0.14648773372948076	0.3951243958892751	-0.2669643272671973	-0.9744886783701487	-0.9545931323010902	-0.8760418670520482	0.0	0.2613049060632612	-0.06298952052673912	0.12158294827206795	0.9545931260230501	
-0.2917228404214532	-0.7866565425820395	-0.5062391628460604	0.15128735263532894	0.15128735263532894	-0.11708786643962649	0.141354411766746	-0.509510215110036	-0.999277748026214	-0.8435810063618119	-0.9716153263860865	-0.2613049060632612	0.0	-0.3215870359769384	-0.14200764858134868	0.843580995045342	
0.03137240037365749	-0.5463244659609713	-0.20201329985015246	0.4611364853409564	0.4611364853409564	0.20850685692974802	0.45220366687672087	-0.20573078161480718	-0.9584163696807853	-0.9714628656952907	-0.8439264581511259	0.06298952052673912	0.3215870359769384	0.0	0.18386372601741025	0.9714628606968493	
-0.15293566622624044	-0.6910099939620131	-0.37864229215826445	0.2901272560000491	0.2901272560000491	0.02512961085670795	0.28050362159477316	-0.38215405903613053	-0.9945468856573038	-0.9112901687047545	-0.9281743126112849	-0.12158294827206795	0.14200764858134868	-0.18386372601741025	0.0	0.9112901600274605	
-0.9635433992831325	-0.9432553078769713	-0.9993498769592001	-0.7526296265083984	-0.7526296265083984	-0.9006548869329244	-0.7592030484011223	-0.9994795738035823	-0.5045582277042594	-2.1073424255447017e-08	-0.7213222462498379	-0.9545931260230501	-0.843580995045342	-0.9714628606968493	-0.9112901600274605	0.0	
