0.0	0.8096183641321949	0.41416604784604016	-0.23861842235921182	-0.6822215968962351	-0.9388356617412652	-0.8096183641321949	-0.9295761037634636	-0.8609990713529341	-0.848765623202125	-0.6551349678181418	-0.5451333578018401	-0.36939203038490365	-0.33422440068005854	0.04550268638450167	-0.1282669931942777	
-0.8096183641321949	0.0	-0.49381820796318404	-0.9262899165495194	-0.9923832967238573	-0.8298604671936144	-0.0	-0.8440706988762778	-0.9171463114950965	-0.9262899165495194	-0.9962121014522122	-0.998712671680183	-0.9691741245376425	-0.9592353014867495	-0.782071670470341	-0.8782178156137839	
-0.41416604784604016	0.49381820796318404	0.0	-0.6193930101263122	-0.9237746418552166	-0.9971539799243372	-0.49381820796318404	-0.99877555525664	-0.9943300661971195	-0.9915458795056481	-0.9092120896317033	-0.8433969488156353	-0.7210947196593375	-0.6945603179039924	-0.37232045516438844	-0.5274936902135727	
0.23861842235921182	0.9262899165495194	0.6193930101263122	0.0	-0.48804976137237843	-0.8295439444828961	-0.9262899165495194	-0.8147618461730989	-0.7147648542427387	-0.6980735921887058	-0.45593130175711405	-0.3293407143573758	-0.13697973924988613	-0.09967347762573375	0.2825595340819026	0.11208555937932235	
0.6822215968962351	0.9923832967238573	0.9237746418552166	0.48804976137237843	0.0	-0.45149185362494154	-0.9923832967238573	-0.42816783028306826	-0.28253321048974905	-0.25983333699130606	0.036427547649871564	0.17336824504354406	0.3638912493437298	0.3986227843695551	0.7147840457644744	0.5828043926962128	
0.9388356617412652	0.8298604671936144	0.9971539799243372	0.8295439444828961	0.45149185362494154	0.0	-0.8298604671936144	0.025969289119684436	0.18099956615598495	0.20414182469389763	0.48369559582910504	0.5993471375097936	0.7452293751843302	0.7697511807418418	0.9535327866286816	0.8869098441790864	
0.8096183641321949	0.0	0.49381820796318404	0.9262899165495194	0.9923832967238573	0.8298604671936144	0.0	0.8440706988762778	0.9171463114950965	0.9262899165495194	0.9962121014522122	0.998712671680183	0.9691741245376425	0.9592353014867495	0.782071670470341	0.8782178156137839	
0.9295761037634636	0.8440706988762778	0.99877555525664	0.8147618461730989	0.42816783028306826	-0.025969289119684436	-0.8440706988762778	0.0	0.15539816351226393	0.17865056578619343	0.4608032008331484	0.5783568661031961	0.7276615049872579	0.7529142342741751	0.9453869310602028	0.8746144060907798	
0.8609990713529341	0.9171463114950965	0.9943300661971195	0.7147648542427387	0.28253321048974905	-0.18099956615598495	-0.9171463114950965	-0.15539816351226393	0.0	0.023582095163468653	0.3172890911761706	0.4445596226932699	0.612228557308355	0.6414973406023996	0.8832502258685231	0.7886495073253011	
0.848765623202125	0.9262899165495194	0.9915458795056481	0.6980735921887058	0.25983333699130606	-0.20414182469389763	-0.9262899165495194	-0.17865056578619343	-0.023582095163468653	0.0	0.2948372727655554	0.42331234795941985	0.5934123879715134	0.6232285217368748	0.8719469068689479	0.7739308999324368	
0.6551349678181418	0.9962121014522122	0.9092120896317033	0.45593130175711405	-0.036427547649871564	-0.48369559582910504	-0.9962121014522122	-0.4608032008331484	-0.3172890911761706	-0.2948372727655554	0.0	0.13737725204950363	0.3297196060094713	0.36494996766552523	0.6888342090506636	0.552816103686289	
0.5451333578018401	0.998712671680183	0.8433969488156353	0.3293407143573758	-0.17336824504354406	-0.5993471375097936	-0.998712671680183	-0.5783568661031961	-0.4445596226932699	-0.42331234795941985	-0.13737725204950363	0.0	0.1968985021870877	0.23358785454471712	0.5827158648489478	0.43309782828523513	
0.36939203038490365	0.9691741245376425	0.7210947196593375	0.13697973924988613	-0.3638912493437298	-0.7452293751843302	-0.9691741245376425	-0.7276615049872579	-0.612228557308355	-0.5934123879715134	-0.3297196060094713	-0.1968985021870877	0.0	0.03756366709573042	0.41129386789451816	0.24714559360088734	
0.33422440068005854	0.9592353014867495	0.6945603179039924	0.09967347762573375	-0.3986227843695551	-0.7697511807418418	-0.9592353014867495	-0.7529142342741751	-0.6414973406023996	-0.6232285217368748	-0.36494996766552523	-0.23358785454471712	-0.03756366709573042	0.0	0.3767642039237269	0.21057278682813887	
-0.04550268638450167	0.782071670470341	0.37232045516438844	-0.2825595340819026	-0.7147840457644744	-0.9535327866286816	-0.782071670470341	-0.9453869310602028	-0.8832502258685231	-0.8719469068689479	-0.6888342090506636	-0.5827158648489478	-0.41129386789451816	-0.3767642039237269	0.0	-0.1732609556419456	
0.1282669931942777	0.8782178156137839	0.5274936902135727	-0.11208555937932235	-0.5828043926962128	-0.8869098441790864	-0.8782178156137839	-0.8746144060907798	-0.7886495073253011	-0.7739308999324368	-0.552816103686289	-0.43309782828523513	-0.24714559360088734	-0.21057278682813887	0.1732609556419456	0.0	
