0.0	-0.14008789447237086	-0.15323165832721464	0.42994077693416644	0.9617163635786532	0.9723719150738073	0.9860140315090714	0.6085072097136894	0.9146002920279124	0.9262431325469208	0.9360327045396719	0.9463241009216155	0.6122770633732406	0.11350004117383516	-0.35559586816080224	-0.6085071978888975	
0.14008789447237086	0.0	-0.013287154223886044	0.5521805108801483	0.99062358371009	0.9954851311567622	0.9996383919140293	0.491340247105049	0.848935665263949	0.9699123689923074	0.9761013078815922	0.9822715739423586	0.7169989958140099	0.2515634707498819	-0.221157639512656	-0.4913402341266186	
0.15323165832721464	0.013287154223886044	0.0	0.5632095925564289	0.9923514190218535	0.9966584365804074	0.999907440571795	0.47972419014586615	0.8418385122590675	0.9730615617803228	0.9789026504733843	0.9846757169681831	0.7261978328813004	0.2644011132122851	-0.2081799774525071	-0.47972417707129905	
-0.42994077693416644	-0.5521805108801483	-0.5632095925564289	0.0	0.7504685549668937	0.7775487705434618	0.8185748326994213	0.8905738416904699	0.9996038382889536	0.6742090671153952	0.6938020068203992	0.7154302819772709	0.21286890237487108	-0.32468817890002866	-0.7228920184168868	-0.8905738349128453	
-0.9617163635786532	-0.99062358371009	-0.9923514190218535	-0.7504685549668937	0.0	0.04197515351990644	0.1099320849583782	0.9299278682498204	0.6395220541970883	-0.1086625307924125	-0.08192376723584888	-0.05150819033652437	-0.5925820251219402	-0.9243974238293247	-0.996308303054205	-0.9299278737296027	
-0.9723719150738073	-0.9954851311567622	-0.9966584365804074	-0.7775487705434618	-0.04197515351990644	0.0	0.0681144504913086	0.9136722550037132	0.6066890603100534	-0.1502933674861816	-0.12368562230475239	-0.0933822283745927	-0.6258711665237445	-0.9395933241569512	-0.9918267564235409	-0.9136722610603158	
-0.9860140315090714	-0.9996383919140293	-0.999907440571795	-0.8185748326994213	-0.1099320849583782	-0.0681144504913086	0.0	0.8838650274666895	0.5511331843407024	-0.21728508187411905	-0.1909897946671299	-0.16098216244759472	-0.6775418516478395	-0.9607262200650799	-0.9808324024152795	-0.8838650344365889	
-0.6085072097136894	-0.491340247105049	-0.47972419014586615	-0.8905738416904699	-0.9299278682498204	-0.9136722550037132	-0.8838650274666895	0.0	-0.4797241022286203	-0.9643812565402616	-0.9569288154046739	-0.9476351797023481	-0.9669835870254699	-0.6946428008046684	-0.2865525515687431	-1.4901161193847656e-08	
-0.9146002920279124	-0.848935665263949	-0.8418385122590675	-0.9996038382889536	-0.6395220541970883	-0.6066890603100534	-0.5511331843407024	0.4797241022286203	0.0	-0.7192720425735087	-0.7003531237988717	-0.6782712279677982	-0.9707023961404032	-0.9545849150896913	-0.7110334093811969	-0.479724115303188	
-0.9262431325469208	-0.9699123689923074	-0.9730615617803228	-0.6742090671153952	0.1086625307924125	0.1502933674861816	0.21728508187411905	0.9643812565402616	0.7192720425735087	0.0	0.026858600688722978	0.05731509442322569	-0.5015443994243873	-0.8774765573363035	-0.9997372478922981	-0.9643812604818592	
-0.9360327045396719	-0.9761013078815922	-0.9789026504733843	-0.6938020068203992	0.08192376723584888	0.12368562230475239	0.1909897946671299	0.9569288154046739	0.7003531237988717	-0.026858600688722978	0.0	0.030479968707050054	-0.5245996960429027	-0.890041910649136	-0.9999922482526639	-0.9569288197308184	
-0.9463241009216155	-0.9822715739423586	-0.9846757169681831	-0.7154302819772709	0.05150819033652437	0.0933822283745927	0.16098216244759472	0.9476351797023481	0.6782712279677982	-0.05731509442322569	-0.030479968707050054	0.0	-0.5503050469657834	-0.9035235462170577	-0.9994076166200249	-0.9476351844611072	
-0.6122770633732406	-0.7169989958140099	-0.7261978328813004	-0.21286890237487108	0.5925820251219402	0.6258711665237445	0.6775418516478395	0.9669835870254699	0.9707023961404032	0.5015443994243873	0.5245996960429027	0.5503050469657834	0.0	-0.5185824788776247	-0.8534080034097337	-0.9669835832280779	
-0.11350004117383516	-0.2515634707498819	-0.2644011132122851	0.32468817890002866	0.9243974238293247	0.9395933241569512	0.9607262200650799	0.6946428008046684	0.9545849150896913	0.8774765573363035	0.890041910649136	0.9035235462170577	0.5185824788776247	0.0	-0.45937966182328793	-0.6946427900854459	
0.35559586816080224	0.221157639512656	0.2081799774525071	0.7228920184168868	0.996308303054205	0.9918267564235409	0.9808324024152795	0.2865525515687431	0.7110334093811969	0.9997372478922981	0.9999922482526639	0.9994076166200249	0.8534080034097337	0.45937966182328793	0.0	-0.2865525372924691	
0.6085071978888975	0.4913402341266186	0.47972417707129905	0.8905738349128453	0.9299278737296027	0.9136722610603158	0.8838650344365889	1.4901161193847656e-08	0.479724115303188	0.9643812604818592	0.9569288197308184	0.9476351844611072	0.9669835832280779	0.6946427900854459	0.2865525372924691	0.0	
