0.0	-0.0777519620796987	-0.7489286416781868	-0.3433639387881601	0.9575459895994685	0.8259310506112411	0.010674911018959787	0.523361853042551	0.9336350716949295	0.7489286416781868	0.7507351360733925	0.16017376122390276	0.38298189358797113	-0.1010526675386817	0.11236958130952285	0.35921314854862074	
0.0777519620796987	0.0	-0.695139046937864	-0.26929965305499987	0.9770616219085515	0.867265050036732	0.08839012711468769	0.588030763833964	0.9586614502835036	0.695139046937864	0.7998256659611445	0.23643696623751437	0.45364633530166554	-0.02339279842452935	0.18928892731799207	0.43068816462055337	
0.7489286416781868	0.695139046937864	0.0	0.47586526185948624	0.8504200402651187	0.9695281060999784	0.7559597056296813	0.9849760629451728	0.8869592743344248	0.0	0.9922198814188998	0.845398347346644	0.9456104158657636	0.6781323177437926	0.8186470651304103	0.9369746362391362	
0.3433639387881601	0.26929965305499987	-0.47586526185948624	0.0	0.9983146672795291	0.9692951298092355	0.3533702768056621	0.7841267554067067	0.9998740683431317	0.47586526185948624	0.9319196247838263	0.48936629582830216	0.6768819722190434	0.24669737443363643	0.4467270209425434	0.6578201623284003	
-0.9575459895994685	-0.9770616219085515	-0.8504200402651187	-0.9983146672795291	0.0	-0.3017369344783073	-0.9544140608165828	-0.6650599844477245	-0.0738686140902407	0.8504200402651187	-0.4161357254373397	-0.8990079737605536	-0.7741324764542515	-0.9817759048751304	-0.9190873895659537	-0.7900809397659356	
-0.8259310506112411	-0.867265050036732	-0.9695281060999784	-0.9692951298092355	0.3017369344783073	0.0	-0.8198657835432778	-0.40872824362009763	0.23048689546935625	0.9695281060999784	-0.12236999540085339	-0.7249659735620093	-0.5470444999485807	-0.878673751277714	-0.7573492742402348	-0.5682907268078607	
-0.010674911018959787	-0.08839012711468769	-0.7559597056296813	-0.3533702768056621	0.9544140608165828	0.8198657835432778	0.0	0.5142358284937836	0.9297578485885877	0.7559597056296813	0.7436404785889124	0.149627549294705	0.37309906036463236	-0.11166717668753245	0.10175587738440917	0.3492302612171137	
-0.523361853042551	-0.588030763833964	-0.9849760629451728	-0.7841267554067067	0.6650599844477245	0.40872824362009763	-0.5142358284937836	0.0	0.6080786905628223	0.9849760629451728	0.29397474021794456	-0.3801188912619223	-0.15711566527166987	-0.6067908472915136	-0.4242958267551346	-0.18234104220453126	
-0.9336350716949295	-0.9586614502835036	-0.8869592743344248	-0.9998740683431317	0.0738686140902407	-0.23048689546935625	-0.9297578485885877	-0.6080786905628223	0.0	0.8869592743344248	-0.34782991879297553	-0.8642024187550066	-0.7252569547549642	-0.9650555146956297	-0.88746822068519	-0.7426407766527635	
-0.7489286416781868	-0.695139046937864	-0.0	-0.47586526185948624	-0.8504200402651187	-0.9695281060999784	-0.7559597056296813	-0.9849760629451728	-0.8869592743344248	0.0	-0.9922198814188998	-0.845398347346644	-0.9456104158657636	-0.6781323177437926	-0.8186470651304103	-0.9369746362391362	
-0.7507351360733925	-0.7998256659611445	-0.9922198814188998	-0.9319196247838263	0.4161357254373397	0.12236999540085339	-0.7436404785889124	-0.29397474021794456	0.34782991879297553	0.9922198814188998	0.0	-0.6352309505715628	-0.44049686021718015	-0.8136479094643678	-0.6717486222284358	-0.4633303282402559	
-0.16017376122390276	-0.23643696623751437	-0.845398347346644	-0.48936629582830216	0.8990079737605536	0.7249659735620093	-0.149627549294705	0.3801188912619223	0.8642024187550066	0.845398347346644	0.6352309505715628	0.0	0.23007570194555627	-0.25910180392868415	-0.04824053881126189	0.20509223699361379	
-0.38298189358797113	-0.45364633530166554	-0.9456104158657636	-0.6768819722190434	0.7741324764542515	0.5470444999485807	-0.37309906036463236	0.15711566527166987	0.7252569547549642	0.9456104158657636	0.44049686021718015	-0.23007570194555627	0.0	-0.4743694316887579	-0.2767542128001338	-0.0255947290309268	
0.1010526675386817	0.02339279842452935	-0.6781323177437926	-0.24669737443363643	0.9817759048751304	0.878673751277714	0.11166717668753245	0.6067908472915136	0.9650555146956297	0.6781323177437926	0.8136479094643678	0.25910180392868415	0.4743694316887579	0.0	0.21220701876929698	0.45168232668918185	
-0.11236958130952285	-0.18928892731799207	-0.8186470651304103	-0.4467270209425434	0.9190873895659537	0.7573492742402348	-0.10175587738440917	0.4242958267551346	0.88746822068519	0.8186470651304103	0.6717486222284358	0.04824053881126189	0.2767542128001338	-0.21220701876929698	0.0	0.25206853061558737	
-0.35921314854862074	-0.43068816462055337	-0.9369746362391362	-0.6578201623284003	0.7900809397659356	0.5682907268078607	-0.3492302612171137	0.18234104220453126	0.7426407766527635	0.9369746362391362	0.4633303282402559	-0.20509223699361379	0.0255947290309268	-0.45168232668918185	-0.25206853061558737	0.0	
